1 0.57109375 0.1609375 0.015625 0.025
8 0.5640625 0.17890625 0.0375 0.14453125
1 0.6046875 0.184375 0.03671875 0.05390625
8 0.6796875 0.23984375 0.08125 0.22890625
8 0.59609375 0.2921875 0.115625 0.3265625
4 0.55 0.42890625 0.0234375 0.06640625
4 0.6328125 0.4375 0.02265625 0.05546875
7 0.6109375 0.10859375 0.04296875 0.0359375
7 0.5703125 0.12890625 0.01796875 0.025
7 0.69140625 0.1328125 0.0234375 0.0265625
5 0.68046875 0.21015625 0.01875 0.0265625
5 0.6703125 0.2078125 0.00859375 0.0265625
2 0.690625 0.165625 0.01875 0.0265625