1 0.6625 0.19296875 0.04140625 0.075
1 0.8515625 0.1984375 0.04453125 0.09453125
8 0.646875 0.290625 0.10390625 0.32109375
8 0.81875 0.4375 0.1625 0.66953125
7 0.875 0.12265625 0.06015625 0.04296875
7 0.6671875 0.1546875 0.03984375 0.02890625
5 0.8609375 0.47265625 0.0234375 0.05390625
5 0.60625 0.40546875 0.01328125 0.04140625
9 0.7546875 0.73359375 0.07109375 0.05546875
9 0.77109375 0.678125 0.0546875 0.059375
9 0.9515625 0.50546875 0.03203125 0.05390625
9 0.9875 0.52734375 0.02109375 0.0640625