1 0.3625 0.26015625 0.05078125 0.084375
8 0.38046875 0.47109375 0.1375 0.61640625
8 0.575 0.58515625 0.1921875 0.70703125
7 0.5859375 0.2640625 0.06328125 0.05859375
7 0.3609375 0.19140625 0.05078125 0.046875
5 0.35859375 0.5453125 0.0234375 0.0484375
5 0.4265625 0.52265625 0.02265625 0.0484375
5 0.6546875 0.54296875 0.02109375 0.04453125
9 0.37421875 0.7421875 0.04375 0.08046875
9 0.415625 0.70625 0.0375 0.06640625
9 0.5046875 0.91171875 0.0625 0.10546875
9 0.5453125 0.8703125 0.0609375 0.12109375