8 0.85625 0.22578125 0.11015625 0.3265625
1 0.303125 0.278125 0.05 0.0609375
8 0.3015625 0.45 0.10703125 0.503125
4 0.378125 0.4578125 0.02578125 0.0765625
4 0.290625 0.51875 0.0328125 0.1125
8 0.4421875 0.603125 0.14765625 0.696875
1 0.85 0.115625 0.02890625 0.059375
7 0.84921875 0.07578125 0.034375 0.02890625
7 0.43046875 0.284375 0.0765625 0.05546875
7 0.28984375 0.21640625 0.040625 0.0359375
5 0.8296875 0.11953125 0.01953125 0.025
5 0.8703125 0.25703125 0.03046875 0.0390625
9 0.4546875 0.89140625 0.046875 0.0765625
9 0.49453125 0.88359375 0.03984375 0.0734375