1 0.26640625 0.16875 0.028125 0.04296875
1 0.6171875 0.1734375 0.02265625 0.046875
1 0.4875 0.2546875 0.05 0.084375
8 0.27734375 0.2609375 0.059375 0.253125
8 0.609375 0.2671875 0.08203125 0.265625
1 0.1984375 0.278125 0.06796875 0.08046875
8 0.49140625 0.46015625 0.103125 0.590625
4 0.4578125 0.5109375 0.03515625 0.0609375
8 0.209375 0.515625 0.17578125 0.6734375
4 0.2578125 0.54765625 0.0328125 0.06796875
4 0.4765625 0.6171875 0.06640625 0.1234375
4 0.225 0.63125 0.04765625 0.0984375
7 0.4953125 0.18359375 0.06171875 0.05546875
7 0.62578125 0.13984375 0.0296875 0.0265625
7 0.1671875 0.2 0.06953125 0.05
7 0.265625 0.14140625 0.02421875 0.01640625
5 0.634375 0.17890625 0.0171875 0.025
5 0.2734375 0.28359375 0.01171875 0.028125
5 0.26875 0.278125 0.009375 0.025
9 0.25859375 0.8265625 0.065625 0.06953125
9 0.26796875 0.7921875 0.053125 0.059375