1 0.1203125 0.15390625 0.01796875 0.03046875
8 0.1234375 0.1640625 0.0375 0.0859375
1 0.575 0.17265625 0.0421875 0.06796875
8 0.07109375 0.22421875 0.0609375 0.190625
4 0.57734375 0.278125 0.0296875 0.078125
4 0.546875 0.28046875 0.02421875 0.0640625
8 0.57421875 0.309375 0.10625 0.40859375
4 0.47265625 0.321875 0.0328125 0.0765625
4 0.478125 0.39296875 0.03046875 0.05
8 0.446875 0.396875 0.11015625 0.4734375
7 0.58125 0.11015625 0.04375 0.03203125
7 0.425 0.18359375 0.04921875 0.0359375
7 0.0578125 0.14765625 0.01953125 0.015625
7 0.11875 0.1296875 0.01875 0.0125