1 0.40390625 0.2484375 0.0296875 0.0359375
8 0.409375 0.2796875 0.0796875 0.159375
1 0.6296875 0.2953125 0.02421875 0.04609375
8 0.61484375 0.36953125 0.1 0.25
8 0.10234375 0.6921875 0.2046875 0.6125
7 0.071875 0.41171875 0.08203125 0.06796875
7 0.40859375 0.21953125 0.025 0.021875
7 0.6296875 0.2625 0.02734375 0.01953125
5 0.3875 0.23984375 0.01171875 0.0265625
5 0.621875 0.36484375 0.015625 0.0234375
3 0.4265625 0.45 0.03046875 0.04453125
3 0.5734375 0.42421875 0.03828125 0.040625
3 0.60546875 0.47109375 0.03359375 0.040625