8 0.5125 0.153125 0.06484375 0.171875
1 0.4140625 0.17421875 0.02578125 0.05703125
8 0.42734375 0.2640625 0.1 0.28046875
1 0.9015625 0.29375 0.053125 0.0734375
1 0.7171875 0.3140625 0.04140625 0.075
4 0.81484375 0.365625 0.0515625 0.0859375
4 0.871875 0.396875 0.05390625 0.1015625
4 0.81796875 0.4890625 0.034375 0.0890625
4 0.6453125 0.50546875 0.04140625 0.0890625
8 0.70703125 0.56328125 0.2171875 0.78203125
8 0.8375 0.575 0.28125 0.79140625
7 0.9296875 0.19140625 0.09609375 0.0609375
7 0.696875 0.22109375 0.07734375 0.0609375
7 0.515625 0.075 0.01953125 0.01640625
7 0.409375 0.1296875 0.02734375 0.0234375
5 0.509375 0.13203125 0.0171875 0.021875
2 0.515625 0.103125 0.01796875 0.0265625
9 0.65625 0.821875 0.06328125 0.0875