1 0.54375 0.22109375 0.03125 0.05546875
8 0.3796875 0.22109375 0.07734375 0.1609375
8 0.71796875 0.24921875 0.0671875 0.234375
8 0.5484375 0.3125 0.09296875 0.35
4 0.5765625 0.44453125 0.03046875 0.078125
4 0.54140625 0.446875 0.03125 0.08359375
7 0.7109375 0.14296875 0.02265625 0.021875
7 0.5421875 0.1546875 0.04140625 0.04296875
7 0.3734375 0.15703125 0.02421875 0.03046875
5 0.3796875 0.24765625 0.01640625 0.02890625
5 0.3921875 0.2421875 0.01328125 0.02890625
5 0.7203125 0.265625 0.01484375 0.02890625
9 0.7265625 0.334375 0.02578125 0.05546875
9 0.7046875 0.33203125 0.0203125 0.05546875