8 0.34296875 0.21953125 0.090625 0.35
1 0.4203125 0.225 0.0421875 0.05
8 0.378125 0.2875 0.15625 0.44453125
4 0.31875 0.3234375 0.02265625 0.05859375
1 0.3953125 0.03359375 0.01328125 0.021875
4 0.45078125 0.4296875 0.03125 0.090625
4 0.40078125 0.44375 0.059375 0.09609375
8 0.3953125 0.0734375 0.03203125 0.10859375
1 0.31953125 0.01015625 0.0140625 0.0203125
1 0.3421875 0.11484375 0.03515625 0.040625
7 0.4109375 0.13515625 0.06328125 0.0484375
7 0.34453125 0.05859375 0.0375 0.04140625
7 0.3953125 0.0171875 0.01171875 0.009375