5 0.49375 0.146875 0.01015625 0.03203125
8 0.515625 0.153125 0.05078125 0.296875
8 0.559375 0.15859375 0.0484375 0.31640625
1 0.5421875 0.1671875 0.02890625 0.0625
8 0.3921875 0.2203125 0.07421875 0.28203125
8 0.30625 0.246875 0.0859375 0.325
4 0.6078125 0.2625 0.0359375 0.0390625
1 0.56171875 0.0296875 0.01875 0.040625
8 0.5421875 0.29921875 0.12890625 0.3765625
4 0.590625 0.321875 0.03515625 0.08359375
1 0.5125 0.0359375 0.01953125 0.046875
7 0.5640625 0.00546875 0.01953125 0.0109375
7 0.5171875 0.00546875 0.0234375 0.0109375
7 0.37734375 0.0859375 0.0296875 0.028125
7 0.2890625 0.08828125 0.03515625 0.03203125
7 0.52578125 0.10625 0.0609375 0.0625
5 0.4765625 0.115625 0.01015625 0.03203125
8 0.40078125 0.121875 0.0703125 0.24375
1 0.378125 0.12265625 0.0234375 0.04296875
1 0.29765625 0.12734375 0.0265625 0.0625
8 0.45078125 0.13515625 0.0421875 0.2703125