8 0.5875 0.34296875 0.0828125 0.24140625
8 0.36875 0.3734375 0.06640625 0.2390625
8 0.8125 0.684375 0.24609375 0.628125
7 0.8484375 0.4203125 0.07421875 0.059375
7 0.5859375 0.22890625 0.025 0.021875
7 0.3671875 0.26796875 0.025 0.025
5 0.36875 0.35703125 0.0171875 0.01953125
5 0.3828125 0.34609375 0.01171875 0.01953125
2 0.58671875 0.25703125 0.021875 0.03359375
9 0.60390625 0.44140625 0.025 0.04609375
9 0.5734375 0.44140625 0.02265625 0.04296875
9 0.3859375 0.44296875 0.02578125 0.040625
9 0.38671875 0.465625 0.0234375 0.0359375
3 0.58671875 0.25234375 0.01875 0.01953125