1 0.52421875 0.1546875 0.015625 0.034375
1 0.5953125 0.1734375 0.02265625 0.0390625
8 0.5234375 0.23828125 0.04765625 0.22109375
8 0.615625 0.24453125 0.0984375 0.23359375
1 0.1546875 0.2859375 0.03046875 0.075
1 0.45 0.29140625 0.04296875 0.06953125
4 0.425 0.39140625 0.0359375 0.103125
4 0.21953125 0.453125 0.053125 0.0734375
4 0.3765625 0.47578125 0.0390625 0.084375
8 0.16875 0.50546875 0.23984375 0.7640625
8 0.4609375 0.521875 0.18359375 0.69140625
7 0.121875 0.2109375 0.08203125 0.06953125
7 0.46875 0.1984375 0.0578125 0.053125
7 0.525 0.128125 0.021875 0.01796875
7 0.59375 0.1390625 0.0265625 0.025
5 0.65859375 0.25859375 0.028125 0.03359375
5 0.5125 0.1890625 0.015625 0.01953125
9 0.20234375 0.83515625 0.06640625 0.07109375
9 0.2609375 0.79453125 0.06328125 0.05859375