1 0.625 0.2875 0.01953125 0.0359375
8 0.40390625 0.290625 0.065625 0.1265625
8 0.6140625 0.37109375 0.09140625 0.25
8 0.31875 0.628125 0.22109375 0.740625
7 0.2828125 0.30703125 0.10234375 0.096875
7 0.40546875 0.2421875 0.0234375 0.02890625
7 0.6265625 0.259375 0.0265625 0.021875
5 0.6234375 0.359375 0.01875 0.021875
2 0.40390625 0.271875 0.0203125 0.0265625
9 0.42578125 0.44375 0.03046875 0.04453125
9 0.39375 0.44140625 0.028125 0.04296875
9 0.57734375 0.428125 0.03125 0.0375
9 0.60546875 0.47421875 0.02890625 0.02890625
3 0.403125 0.26640625 0.02109375 0.021875