1 0.3265625 0.16328125 0.03125 0.0625
1 0.5421875 0.171875 0.03671875 0.065625
8 0.52890625 0.3078125 0.134375 0.4375
8 0.3046875 0.31796875 0.11953125 0.471875
1 0.3953125 0.034375 0.0125 0.034375
4 0.353125 0.36640625 0.03515625 0.06953125
4 0.33046875 0.4109375 0.040625 0.075
4 0.5296875 0.4265625 0.0484375 0.096875
8 0.39375 0.06640625 0.028125 0.103125
7 0.5578125 0.10078125 0.05 0.02890625
7 0.30859375 0.10390625 0.0484375 0.03359375
7 0.3953125 0.01640625 0.0109375 0.00546875
5 0.39609375 0.046875 0.009375 0.0125