1 0.6015625 0.28671875 0.04140625 0.05390625
8 0.5734375 0.4265625 0.09609375 0.446875
8 0.6046875 0.58984375 0.15625 0.57109375
8 0.3234375 0.62109375 0.16328125 0.68359375
7 0.3765625 0.3328125 0.046875 0.0875
7 0.6 0.23046875 0.0375 0.0359375
7 0.6453125 0.33046875 0.05625 0.0609375
5 0.546875 0.640625 0.02578125 0.065625
5 0.6390625 0.646875 0.02109375 0.0640625
5 0.53203125 0.4875 0.0171875 0.05546875
5 0.2765625 0.58671875 0.02578125 0.0515625
9 0.29375 0.765625 0.06171875 0.0734375
9 0.275 0.9 0.0671875 0.1265625
9 0.534375 0.825 0.0328125 0.103125
9 0.5734375 0.82109375 0.0328125 0.10546875