1 0.3859375 0.16328125 0.02265625 0.034375
8 0.49609375 0.190625 0.0578125 0.278125
8 0.58125 0.19765625 0.06953125 0.27109375
8 0.3171875 0.25546875 0.09765625 0.26640625
8 0.396875 0.2625 0.084375 0.325
8 0.21640625 0.5859375 0.2 0.79140625
1 0.4984375 0.084375 0.02109375 0.04609375
1 0.5734375 0.10859375 0.0265625 0.025
7 0.171875 0.221875 0.0640625 0.05859375
7 0.30625 0.13515625 0.02734375 0.0234375
7 0.3890625 0.134375 0.025 0.01953125
7 0.4984375 0.053125 0.01953125 0.015625
7 0.5765625 0.06796875 0.02578125 0.01953125
5 0.60078125 0.23359375 0.025 0.025
5 0.49140625 0.153125 0.0171875 0.01796875
5 0.5140625 0.1375 0.0125 0.01953125
5 0.290625 0.275 0.01640625 0.01953125
2 0.3078125 0.16953125 0.02421875 0.0359375