1 0.06015625 0.1609375 0.021875 0.04453125
1 0.47578125 0.20390625 0.0484375 0.078125
8 0.0734375 0.221875 0.0734375 0.1734375
1 0.309375 0.2734375 0.04296875 0.0890625
8 0.4671875 0.365625 0.13671875 0.50390625
4 0.4171875 0.4140625 0.0390625 0.078125
4 0.4609375 0.4625 0.04140625 0.11953125
8 0.3015625 0.509375 0.13671875 0.6734375
4 0.3171875 0.62578125 0.03984375 0.10703125
7 0.05546875 0.14609375 0.01875 0.00859375
7 0.28203125 0.19609375 0.0625 0.05
7 0.4765625 0.140625 0.04765625 0.04609375
9 0.346875 0.81015625 0.0640625 0.08359375