1 0.6109375 0.1796875 0.02265625 0.04296875
8 0.5203125 0.240625 0.05390625 0.22109375
8 0.62109375 0.2734375 0.084375 0.271875
1 0.16875 0.30390625 0.05703125 0.096875
8 0.2 0.56484375 0.18515625 0.78203125
4 0.27734375 0.59296875 0.04375 0.078125
8 0.4078125 0.61015625 0.21171875 0.7515625
4 0.1703125 0.68984375 0.03828125 0.109375
7 0.3921875 0.303125 0.1109375 0.12109375
7 0.15078125 0.22578125 0.071875 0.05390625
7 0.5265625 0.13671875 0.02265625 0.02109375
7 0.6078125 0.14453125 0.02578125 0.025
5 0.5203125 0.1984375 0.01796875 0.021875
5 0.5125 0.22109375 0.01484375 0.01953125
5 0.6265625 0.271875 0.01953125 0.040625