8 0.515625 0.1390625 0.06796875 0.271875
8 0.4546875 0.1484375 0.0484375 0.296875
1 0.51875 0.01875 0.0203125 0.0375
1 0.3390625 0.18125 0.03125 0.065625
8 0.3125 0.315625 0.14296875 0.453125
4 0.3609375 0.44453125 0.03359375 0.05859375
8 0.4015625 0.071875 0.06640625 0.140625
7 0.3171875 0.11328125 0.05390625 0.0515625
7 0.2703125 0.09140625 0.03515625 0.03046875
7 0.3890625 0.08046875 0.02265625 0.025
7 0.5203125 0.00625 0.0234375 0.0125
5 0.26875 0.134375 0.02265625 0.05546875
5 0.5421875 0.11953125 0.015625 0.028125
5 0.478125 0.11328125 0.01015625 0.0265625
9 0.5078125 0.24921875 0.01796875 0.04609375
9 0.465625 0.26484375 0.01796875 0.0375
9 0.4453125 0.2640625 0.01796875 0.040625