1 0.66796875 0.1859375 0.0359375 0.0890625
8 0.79375 0.18671875 0.12109375 0.37109375
8 0.640625 0.28671875 0.0765625 0.390625
1 0.7828125 0.0484375 0.02890625 0.06640625
4 0.8234375 0.59375 0.05078125 0.090625
7 0.6515625 0.115625 0.053125 0.04609375
7 0.7890625 0.01015625 0.0375 0.0203125
5 0.6328125 0.471875 0.02265625 0.04296875
5 0.771875 0.2046875 0.01796875 0.040625
5 0.8515625 0.17265625 0.01640625 0.034375
9 0.834375 0.3640625 0.04375 0.06796875
9 0.73515625 0.334375 0.0484375 0.04453125