8 0.8515625 0.22578125 0.109375 0.3375
1 0.3234375 0.265625 0.02734375 0.0484375
4 0.30625 0.3046875 0.034375 0.0984375
4 0.378125 0.4140625 0.04765625 0.071875
8 0.321875 0.47109375 0.153125 0.578125
8 0.559375 0.62578125 0.15390625 0.715625
4 0.490625 0.68125 0.03515625 0.07890625
1 0.8578125 0.11015625 0.03046875 0.05390625
7 0.5484375 0.3015625 0.0765625 0.0609375
7 0.3046875 0.2046875 0.05234375 0.04609375
7 0.8671875 0.06171875 0.03671875 0.03203125
5 0.87421875 0.26796875 0.0265625 0.04140625