1 0.85 0.18046875 0.03671875 0.05546875
1 0.39453125 0.2125 0.0375 0.0890625
8 0.83125 0.2234375 0.08203125 0.19453125
1 0.9625 0.24375 0.034375 0.065625
8 0.4421875 0.28828125 0.22265625 0.390625
8 0.95625 0.30078125 0.08671875 0.240625
4 0.39765625 0.42421875 0.0421875 0.0734375
4 0.35 0.44609375 0.03359375 0.0609375
7 0.38828125 0.13125 0.05625 0.05703125
7 0.8578125 0.146875 0.03203125 0.03046875
7 0.984375 0.18125 0.03046875 0.04296875
5 0.8125 0.2875 0.01640625 0.0359375
5 0.9890625 0.30078125 0.02109375 0.12109375