1 0.56640625 0.171875 0.0203125 0.0515625
8 0.65859375 0.25234375 0.1265625 0.2515625
8 0.56796875 0.253125 0.0765625 0.30703125
1 0.85234375 0.33984375 0.0359375 0.05703125
8 0.7921875 0.465625 0.19375 0.446875
4 0.815625 0.53984375 0.0296875 0.08203125
4 0.84765625 0.540625 0.0296875 0.06796875
7 0.8625 0.27734375 0.04140625 0.065625
7 0.6453125 0.15390625 0.0234375 0.03359375
7 0.5671875 0.134375 0.02421875 0.021875
5 0.575 0.22265625 0.01484375 0.01796875
5 0.559375 0.225 0.01796875 0.0140625
2 0.646875 0.1875 0.01953125 0.025