1 0.375 0.2875 0.01953125 0.0359375
8 0.59609375 0.290625 0.065625 0.1265625
8 0.3859375 0.37109375 0.09140625 0.25
8 0.68125 0.628125 0.22109375 0.740625
7 0.7171875 0.30703125 0.10234375 0.096875
7 0.59453125 0.2421875 0.0234375 0.02890625
7 0.3734375 0.259375 0.0265625 0.021875
5 0.3765625 0.359375 0.01875 0.021875
2 0.59609375 0.271875 0.0203125 0.0265625
9 0.609375 0.4453125 0.028125 0.046875
9 0.5734375 0.44609375 0.03046875 0.053125
9 0.396875 0.47734375 0.0375 0.04609375
9 0.425 0.42890625 0.03125 0.03359375