1 0.5359375 0.1609375 0.03203125 0.05546875
8 0.5203125 0.228125 0.07578125 0.2640625
8 0.8828125 0.23671875 0.11640625 0.40703125
4 0.521875 0.3015625 0.03515625 0.078125
8 0.5671875 0.478125 0.12421875 0.64609375
4 0.61640625 0.521875 0.028125 0.059375
4 0.521875 0.540625 0.02890625 0.0484375
1 0.8984375 0.0921875 0.03359375 0.0625
7 0.5640625 0.1890625 0.05234375 0.046875
7 0.5359375 0.1171875 0.03515625 0.03203125
7 0.9078125 0.04765625 0.03359375 0.02890625
5 0.89609375 0.24765625 0.028125 0.034375
9 0.546875 0.74296875 0.04609375 0.08203125
9 0.5828125 0.7546875 0.04140625 0.0859375
9 0.86875 0.39375 0.04375 0.05859375
9 0.85 0.35859375 0.040625 0.06796875