1 0.5703125 0.26796875 0.02265625 0.04453125
1 0.3640625 0.27734375 0.02421875 0.05390625
8 0.5859375 0.33828125 0.07421875 0.2515625
8 0.3703125 0.35703125 0.08828125 0.2609375
8 0.2078125 0.81640625 0.265625 0.3640625
1 0.1359375 0.925 0.08671875 0.11640625
7 0.3609375 0.24140625 0.02578125 0.028125
7 0.57421875 0.2375 0.0203125 0.01953125
5 0.58203125 0.3203125 0.0140625 0.01796875
9 0.5921875 0.42109375 0.01640625 0.0390625
9 0.575 0.428125 0.01875 0.04140625
9 0.39765625 0.4484375 0.02265625 0.0390625
9 0.36796875 0.45546875 0.02109375 0.053125