1 0.5265625 0.1640625 0.02265625 0.0390625
1 0.609375 0.1890625 0.02578125 0.04453125
8 0.5203125 0.23984375 0.05546875 0.2265625
8 0.62421875 0.278125 0.0859375 0.30703125
1 0.17109375 0.290625 0.0625 0.1125
8 0.1984375 0.571875 0.20625 0.7640625
4 0.284375 0.6015625 0.05546875 0.09140625
8 0.4078125 0.6078125 0.21328125 0.759375
4 0.16796875 0.684375 0.0375 0.109375
4 0.3453125 0.9265625 0.03515625 0.075
7 0.396875 0.2953125 0.11171875 0.11796875
7 0.15625 0.22109375 0.0640625 0.04453125
7 0.6109375 0.15234375 0.02578125 0.0265625
7 0.5265625 0.13046875 0.02578125 0.025
5 0.5171875 0.23671875 0.01796875 0.02109375
5 0.628125 0.271875 0.0203125 0.04140625