1 0.378125 0.190625 0.02734375 0.03359375
8 0.79296875 0.24453125 0.103125 0.28359375
8 0.38125 0.284375 0.0890625 0.2734375
1 0.55625 0.29609375 0.0359375 0.05859375
8 0.5546875 0.446875 0.09609375 0.48046875
4 0.56875 0.51015625 0.03203125 0.07890625
4 0.5296875 0.5234375 0.03203125 0.09140625
7 0.81875 0.11484375 0.0265625 0.0234375
7 0.5546875 0.234375 0.046875 0.0640625
7 0.36640625 0.1546875 0.03125 0.02890625
5 0.8015625 0.22890625 0.01484375 0.021875
5 0.3859375 0.25 0.02109375 0.03046875
5 0.40078125 0.2484375 0.015625 0.03359375
9 0.5546875 0.64296875 0.025 0.0609375
9 0.5328125 0.640625 0.0203125 0.065625