1 0.7265625 0.15703125 0.01796875 0.04453125
1 0.4125 0.171875 0.0234375 0.05859375
8 0.71875 0.20234375 0.071875 0.2125
1 0.5109375 0.234375 0.03984375 0.0875
8 0.41171875 0.28125 0.1078125 0.315625
4 0.66875 0.45234375 0.02421875 0.05703125
8 0.490625 0.46171875 0.103125 0.65390625
8 0.7328125 0.48203125 0.1390625 0.71640625
4 0.50859375 0.58984375 0.0390625 0.0765625
7 0.73125 0.134375 0.021875 0.01640625
7 0.74453125 0.2 0.0546875 0.053125
7 0.496875 0.15234375 0.06171875 0.0515625
7 0.4109375 0.13125 0.02421875 0.0234375