1 0.4296875 0.26796875 0.02265625 0.04453125
1 0.6359375 0.27734375 0.02421875 0.05390625
8 0.4140625 0.33828125 0.07421875 0.2515625
8 0.6296875 0.35703125 0.08828125 0.2609375
8 0.7921875 0.81640625 0.265625 0.3640625
1 0.8640625 0.925 0.08671875 0.11640625
7 0.6390625 0.24140625 0.02578125 0.028125
7 0.42578125 0.2375 0.0203125 0.01953125
5 0.41796875 0.3203125 0.0140625 0.01796875
9 0.4078125 0.42109375 0.01640625 0.0390625
9 0.425 0.428125 0.01875 0.04140625
9 0.60234375 0.4484375 0.02265625 0.0390625
9 0.63203125 0.45546875 0.02109375 0.053125