8 0.57109375 0.20625 0.0765625 0.2875
8 0.6609375 0.2390625 0.09609375 0.29140625
8 0.209375 0.2859375 0.16953125 0.48046875
1 0.56875 0.11171875 0.025 0.0234375
7 0.1640625 0.06640625 0.05703125 0.046875
7 0.571875 0.071875 0.02421875 0.02109375
7 0.684375 0.08828125 0.02890625 0.02890625
5 0.6546875 0.25 0.0125 0.03359375
5 0.5640625 0.2296875 0.01796875 0.02890625
5 0.5625 0.17578125 0.02109375 0.02109375
2 0.68125 0.12421875 0.02421875 0.04296875
9 0.5578125 0.32890625 0.02578125 0.0515625
9 0.5859375 0.31953125 0.0265625 0.05859375