1 0.11640625 0.1609375 0.0171875 0.0359375
1 0.0578125 0.16484375 0.015625 0.0375
1 0.37578125 0.175 0.0265625 0.053125
8 0.121875 0.2125 0.04296875 0.178125
8 0.06171875 0.228125 0.0484375 0.2140625
8 0.4015625 0.33203125 0.10234375 0.48046875
8 0.371875 0.378125 0.16015625 0.53046875
4 0.38125 0.43984375 0.02265625 0.0734375
7 0.3234375 0.14609375 0.04765625 0.0390625
7 0.378125 0.1328125 0.03359375 0.02890625
7 0.05546875 0.1453125 0.0171875 0.009375
7 0.11875 0.13984375 0.01640625 0.0125
5 0.0703125 0.228125 0.0109375 0.0125
5 0.0765625 0.228125 0.01015625 0.021875
9 0.38828125 0.640625 0.0359375 0.05859375
9 0.36015625 0.6234375 0.03125 0.08359375