1 0.6328125 0.28046875 0.02109375 0.04140625
8 0.41171875 0.3171875 0.0703125 0.2125
8 0.6140625 0.365625 0.09765625 0.25
8 0.328125 0.61796875 0.24453125 0.7609375
4 0.41171875 0.88984375 0.040625 0.12890625
7 0.28515625 0.31171875 0.1015625 0.10703125
7 0.40625 0.221875 0.02421875 0.025
7 0.6390625 0.2484375 0.02421875 0.021875
5 0.61171875 0.3421875 0.0171875 0.0234375
2 0.40625 0.25078125 0.02109375 0.02890625
9 0.575 0.428125 0.028125 0.0390625
9 0.4234375 0.44296875 0.0296875 0.05
9 0.3890625 0.4453125 0.02890625 0.04453125