1 0.39375 0.27890625 0.03046875 0.06640625
8 0.834375 0.28203125 0.12265625 0.3640625
8 0.42734375 0.4046875 0.1140625 0.39296875
8 0.409375 0.540625 0.15703125 0.71796875
7 0.3984375 0.23359375 0.04296875 0.0390625
7 0.37578125 0.32109375 0.0578125 0.053125
7 0.81796875 0.07421875 0.0421875 0.0484375
5 0.79375 0.240625 0.01484375 0.046875
5 0.471875 0.609375 0.01953125 0.05703125
5 0.475 0.48203125 0.01796875 0.05546875
9 0.4796875 0.81875 0.03828125 0.09453125
9 0.4421875 0.81875 0.03203125 0.0875
9 0.79765625 0.4453125 0.0453125 0.06640625