1 0.6359375 0.29375 0.0234375 0.0375
8 0.4109375 0.340625 0.0828125 0.2515625
8 0.6171875 0.37265625 0.0984375 0.2375
8 0.3375 0.71328125 0.21875 0.57109375
4 0.43125 0.909375 0.0359375 0.10546875
4 0.25625 0.9421875 0.04921875 0.05390625
7 0.30703125 0.465625 0.0890625 0.08359375
7 0.409375 0.225 0.02421875 0.025
7 0.6375 0.2640625 0.02734375 0.025
5 0.43671875 0.36640625 0.0140625 0.04453125
5 0.625 0.3625 0.02109375 0.025
5 0.60625 0.3421875 0.02109375 0.0265625
9 0.571875 0.42265625 0.03203125 0.040625
9 0.60625 0.4671875 0.03046875 0.053125