5 0.50625 0.146875 0.01015625 0.03203125
8 0.484375 0.153125 0.05078125 0.296875
8 0.440625 0.15859375 0.0484375 0.31640625
1 0.4578125 0.1671875 0.02890625 0.0625
8 0.6078125 0.2203125 0.07421875 0.28203125
8 0.69375 0.246875 0.0859375 0.325
4 0.3921875 0.2625 0.0359375 0.0390625
1 0.43828125 0.0296875 0.01875 0.040625
8 0.4578125 0.29921875 0.12890625 0.3765625
4 0.409375 0.321875 0.03515625 0.08359375
1 0.4875 0.0359375 0.01953125 0.046875
7 0.4359375 0.00546875 0.01953125 0.0109375
7 0.4828125 0.00546875 0.0234375 0.0109375
7 0.62265625 0.0859375 0.0296875 0.028125
7 0.7109375 0.08828125 0.03515625 0.03203125
7 0.47421875 0.10625 0.0609375 0.0625
5 0.5234375 0.115625 0.01015625 0.03203125
8 0.59921875 0.121875 0.0703125 0.24375
1 0.621875 0.12265625 0.0234375 0.04296875
1 0.70234375 0.12734375 0.0265625 0.0625
8 0.54921875 0.13515625 0.0421875 0.2703125