1 0.3703125 0.1828125 0.025 0.0625
8 0.5203125 0.209375 0.06015625 0.2125
1 0.7453125 0.259375 0.04375 0.0890625
1 0.4890625 0.27109375 0.02734375 0.103125
8 0.38515625 0.284375 0.0921875 0.2859375
8 0.4640625 0.459375 0.12421875 0.5234375
8 0.74140625 0.53359375 0.1390625 0.825
4 0.72421875 0.62109375 0.0484375 0.1109375
4 0.48359375 0.64296875 0.053125 0.128125
7 0.7734375 0.190625 0.06015625 0.053125
7 0.4640625 0.209375 0.06484375 0.05859375
7 0.3515625 0.1546875 0.021875 0.0265625
7 0.5046875 0.1078125 0.0203125 0.01796875
5 0.3890625 0.18671875 0.01796875 0.01796875
5 0.35859375 0.18046875 0.0171875 0.0359375