1 0.609375 0.17265625 0.02734375 0.040625
1 0.26796875 0.1734375 0.01875 0.0359375
8 0.6109375 0.215625 0.08671875 0.17109375
8 0.28046875 0.2359375 0.0515625 0.225
1 0.46953125 0.2453125 0.0296875 0.059375
1 0.2546875 0.2640625 0.03828125 0.05546875
4 0.36171875 0.38984375 0.0421875 0.05703125
4 0.40078125 0.4203125 0.0484375 0.0515625
4 0.3546875 0.4296875 0.0390625 0.06796875
8 0.45625 0.45703125 0.16171875 0.63359375
8 0.28671875 0.46796875 0.2 0.63046875
7 0.23046875 0.17890625 0.0578125 0.04140625
7 0.47734375 0.159375 0.05625 0.0515625
7 0.61171875 0.1328125 0.028125 0.0234375
7 0.2671875 0.14375 0.02265625 0.02109375
5 0.6140625 0.26171875 0.01640625 0.0265625
5 0.61953125 0.25390625 0.0140625 0.028125
5 0.275 0.28046875 0.0078125 0.025
5 0.26875 0.28125 0.01171875 0.0234375
9 0.28125 0.7828125 0.0671875 0.0609375