1 0.625 0.1953125 0.025 0.04609375
1 0.496875 0.24921875 0.04140625 0.07109375
8 0.625 0.27265625 0.08671875 0.27890625
1 0.15 0.278125 0.0359375 0.084375
8 0.50625 0.459375 0.1390625 0.615625
8 0.171875 0.5015625 0.1875 0.73046875
4 0.50625 0.5890625 0.04921875 0.09453125
4 0.15625 0.628125 0.04453125 0.0984375
7 0.1203125 0.20078125 0.06484375 0.04609375
7 0.2703125 0.146875 0.0265625 0.0265625
7 0.51875 0.17421875 0.0578125 0.040625
7 0.6375 0.15 0.03046875 0.01953125
5 0.640625 0.175 0.01484375 0.0359375
5 0.60546875 0.253125 0.0234375 0.02890625
5 0.284375 0.22890625 0.0203125 0.021875
2 0.2734375 0.175 0.01640625 0.01953125
9 0.30859375 0.34140625 0.02890625 0.03203125
9 0.34375 0.29921875 0.03046875 0.028125