8 0.875 0.20703125 0.09765625 0.4140625
8 0.95625 0.22734375 0.0875 0.4546875
1 0.9796875 0.0453125 0.040625 0.06796875
8 0.465625 0.54453125 0.14140625 0.7109375
7 0.4546875 0.215625 0.0546875 0.059375
7 0.8828125 0.01875 0.03828125 0.0265625
5 0.5234375 0.44296875 0.03125 0.053125
5 0.509375 0.41484375 0.03203125 0.04296875
5 0.9515625 0.16484375 0.02109375 0.04296875
2 0.8765625 0.06328125 0.03359375 0.05703125
9 0.453125 0.846875 0.071875 0.078125
9 0.95625 0.4125 0.034375 0.0640625
9 0.9296875 0.40703125 0.04921875 0.06953125