1 0.38125 0.1734375 0.01953125 0.046875
8 0.4828125 0.21953125 0.065625 0.1890625
8 0.384375 0.26328125 0.09296875 0.27890625
1 0.7796875 0.30546875 0.06328125 0.096875
4 0.8 0.50625 0.03671875 0.06796875
4 0.73203125 0.528125 0.05625 0.0859375
8 0.7359375 0.55703125 0.18515625 0.70546875
4 0.90703125 0.603125 0.090625 0.11796875
4 0.915625 0.7328125 0.07265625 0.1734375
7 0.778125 0.228125 0.0671875 0.05703125
7 0.4734375 0.1390625 0.01953125 0.025
7 0.38125 0.13515625 0.03046875 0.0234375
5 0.37890625 0.26875 0.01875 0.040625
5 0.4828125 0.19453125 0.015625 0.01953125
9 0.690625 0.85703125 0.0421875 0.10703125
9 0.715625 0.803125 0.0421875 0.1125