1 0.721875 0.2078125 0.0828125 0.10390625
1 0.44375 0.27734375 0.05078125 0.1125
8 0.7140625 0.525 0.28359375 0.90546875
8 0.42265625 0.57109375 0.159375 0.80859375
7 0.74609375 0.12421875 0.0828125 0.05390625
7 0.4171875 0.21484375 0.07734375 0.0515625
5 0.4453125 0.71640625 0.02734375 0.05859375
5 0.7484375 0.55078125 0.025 0.0375
9 0.62578125 0.78671875 0.07265625 0.0734375
9 0.65390625 0.89375 0.0671875 0.10546875
9 0.42890625 0.9078125 0.08125 0.08046875
9 0.434375 0.834375 0.0703125 0.06640625