7 0.73125 0.1421875 0.0203125 0.01796875
7 0.36796875 0.14609375 0.0296875 0.01640625
2 0.73046875 0.1703125 0.01875 0.03203125
7 0.5265625 0.1734375 0.0515625 0.0359375
1 0.3765625 0.17890625 0.0328125 0.046875
5 0.359375 0.18046875 0.01640625 0.04140625
7 0.896875 0.203125 0.06640625 0.03359375
5 0.7109375 0.22421875 0.02265625 0.0234375
8 0.7140625 0.234375 0.08125 0.2234375
1 0.5359375 0.23515625 0.0578125 0.0984375
5 0.3984375 0.25078125 0.02109375 0.03203125
1 0.86640625 0.25703125 0.0703125 0.09453125
8 0.40703125 0.2875 0.1328125 0.271875
8 0.5359375 0.45546875 0.13515625 0.59453125
8 0.85 0.4984375 0.19140625 0.678125
4 0.54296875 0.5796875 0.03125 0.084375
4 0.81484375 0.6296875 0.0515625 0.10390625