1 0.1515625 0.19453125 0.03359375 0.04453125
1 0.41328125 0.2140625 0.0421875 0.08046875
1 0.065625 0.24453125 0.04921875 0.06640625
8 0.178125 0.28125 0.1046875 0.2734375
8 0.0703125 0.31875 0.1109375 0.32890625
8 0.4125 0.33359375 0.13515625 0.396875
4 0.46015625 0.3890625 0.034375 0.078125
4 0.40234375 0.496875 0.040625 0.06640625
7 0.396875 0.14375 0.0484375 0.0375
7 0.1484375 0.15234375 0.03203125 0.0265625
7 0.0484375 0.17890625 0.0515625 0.04140625
5 0.20625 0.321875 0.021875 0.040625
3 0.409375 0.1875 0.0375 0.03203125