1 0.3890625 0.190625 0.03046875 0.046875
8 0.4703125 0.23984375 0.06015625 0.2515625
8 0.375 0.2578125 0.08984375 0.24296875
1 0.83125 0.309375 0.06015625 0.0984375
8 0.7953125 0.57109375 0.20859375 0.753125
4 0.7234375 0.58828125 0.05546875 0.09609375
8 0.5921875 0.60859375 0.2109375 0.78046875
4 0.8421875 0.6734375 0.04453125 0.11953125
4 0.653125 0.91640625 0.05 0.0859375
7 0.84296875 0.22578125 0.0671875 0.05703125
7 0.603125 0.29453125 0.11015625 0.1140625
7 0.475 0.13125 0.01953125 0.01796875
7 0.3890625 0.14609375 0.0296875 0.025
5 0.371875 0.27109375 0.02109375 0.04453125
5 0.4890625 0.2796875 0.0125 0.02890625