1 0.50625 0.2828125 0.03515625 0.1125
1 0.34765625 0.30078125 0.0453125 0.084375
8 0.546875 0.521875 0.11796875 0.80390625
8 0.34609375 0.5734375 0.165625 0.76953125
7 0.31015625 0.22734375 0.0609375 0.0515625
7 0.528125 0.196875 0.0703125 0.05546875
5 0.3578125 0.65078125 0.03125 0.0515625
5 0.584375 0.5578125 0.03046875 0.04609375
9 0.38203125 0.8890625 0.08515625 0.06796875
9 0.37734375 0.8265625 0.071875 0.05703125
9 0.534375 0.85703125 0.0765625 0.071875
9 0.5375 0.796875 0.0703125 0.05859375