1 0.521875 0.165625 0.02109375 0.040625
1 0.62265625 0.19375 0.021875 0.02890625
8 0.5125 0.246875 0.05078125 0.29140625
8 0.6171875 0.26953125 0.0828125 0.25546875
1 0.4125 0.321875 0.0375 0.04296875
8 0.415625 0.4625 0.13046875 0.5
4 0.3875 0.51875 0.0390625 0.08203125
4 0.43515625 0.540625 0.046875 0.084375
7 0.4125 0.253125 0.05 0.065625
7 0.52109375 0.1390625 0.021875 0.01953125
7 0.62578125 0.165625 0.0234375 0.028125
5 0.61484375 0.24765625 0.01875 0.03203125
5 0.6 0.2453125 0.015625 0.02890625
5 0.51015625 0.2328125 0.0109375 0.0234375