7 0.696875 0.15 0.065625 0.04453125
1 0.4328125 0.1828125 0.04140625 0.08203125
1 0.684375 0.20625 0.03828125 0.10390625
7 0.6109375 0.025 0.0109375 0.0109375
8 0.440625 0.32734375 0.1359375 0.4484375
4 0.58515625 0.32890625 0.05 0.05546875
8 0.67734375 0.3390625 0.1375 0.4390625
1 0.61015625 0.034375 0.009375 0.01953125
4 0.49453125 0.359375 0.0375 0.08046875
4 0.596875 0.39375 0.0546875 0.059375
4 0.4859375 0.39609375 0.04765625 0.078125
8 0.61328125 0.0796875 0.046875 0.1265625
7 0.4296875 0.134375 0.05703125 0.065625