8 0.6671875 0.19296875 0.0609375 0.26640625
8 0.58125 0.2046875 0.08046875 0.32890625
8 0.1015625 0.53671875 0.203125 0.9234375
7 0.025 0.14296875 0.05 0.078125
7 0.59140625 0.053125 0.028125 0.025
7 0.6625 0.08125 0.02421875 0.01796875
5 0.6734375 0.1375 0.02578125 0.025
5 0.5984375 0.215625 0.0171875 0.028125
5 0.56796875 0.21484375 0.0234375 0.03203125
2 0.65859375 0.11484375 0.015625 0.02890625
9 0.5546875 0.33515625 0.0296875 0.059375
9 0.5984375 0.33046875 0.0296875 0.05859375
9 0.159375 0.9515625 0.053125 0.096875