8 0.4875 0.153125 0.06484375 0.171875
1 0.5859375 0.17421875 0.02578125 0.05703125
8 0.57265625 0.2640625 0.1 0.28046875
1 0.0984375 0.29375 0.053125 0.0734375
1 0.2828125 0.3140625 0.04140625 0.075
4 0.18515625 0.365625 0.0515625 0.0859375
4 0.128125 0.396875 0.05390625 0.1015625
4 0.18203125 0.4890625 0.034375 0.0890625
4 0.3546875 0.50546875 0.04140625 0.0890625
8 0.29296875 0.56328125 0.2171875 0.78203125
8 0.1625 0.575 0.28125 0.79140625
7 0.0703125 0.19140625 0.09609375 0.0609375
7 0.303125 0.22109375 0.07734375 0.0609375
7 0.484375 0.075 0.01953125 0.01640625
7 0.590625 0.1296875 0.02734375 0.0234375
5 0.490625 0.13203125 0.0171875 0.021875
2 0.484375 0.103125 0.01796875 0.0265625
9 0.346875 0.82578125 0.0625 0.0859375