1 0.4640625 0.1609375 0.03203125 0.05546875
8 0.4796875 0.228125 0.07578125 0.2640625
8 0.1171875 0.23671875 0.11640625 0.40703125
4 0.478125 0.3015625 0.03515625 0.078125
8 0.4328125 0.478125 0.12421875 0.64609375
4 0.38359375 0.521875 0.028125 0.059375
4 0.478125 0.540625 0.02890625 0.0484375
1 0.1015625 0.0921875 0.03359375 0.0625
7 0.4359375 0.1890625 0.05234375 0.046875
7 0.4640625 0.1171875 0.03515625 0.03203125
7 0.0921875 0.04765625 0.03359375 0.02890625
5 0.10390625 0.24765625 0.028125 0.034375
9 0.4515625 0.75625 0.03046875 0.0609375
9 0.4140625 0.759375 0.03203125 0.05546875