8 0.89765625 0.20703125 0.0984375 0.371875
8 0.6359375 0.21328125 0.08828125 0.2984375
1 0.678125 0.4578125 0.07578125 0.1875
8 0.634375 0.653125 0.19140625 0.69140625
1 0.915625 0.08203125 0.0359375 0.05859375
1 0.6390625 0.090625 0.02890625 0.046875
7 0.66875 0.34140625 0.10703125 0.0859375
7 0.63828125 0.05859375 0.0265625 0.021875
5 0.5921875 0.96484375 0.03984375 0.06796875
5 0.6125 0.209375 0.02421875 0.03046875
5 0.65234375 0.20859375 0.0203125 0.028125
3 0.6921875 0.45 0.06796875 0.06953125
9 0.8671875 0.36953125 0.025 0.0515625
9 0.846875 0.3625 0.02421875 0.05