1 0.4078125 0.16171875 0.02109375 0.04609375
8 0.4 0.203125 0.059375 0.19140625
1 0.47109375 0.303125 0.0640625 0.09140625
1 0.865625 0.31875 0.04453125 0.07109375
8 0.47109375 0.478125 0.175 0.615625
4 0.76015625 0.4953125 0.0625 0.109375
8 0.82890625 0.55703125 0.2609375 0.753125
4 0.53125 0.60078125 0.02890625 0.0984375
4 0.8703125 0.6953125 0.06875 0.1125
4 0.434375 0.71015625 0.05078125 0.109375
7 0.896875 0.221875 0.090625 0.05703125
7 0.46953125 0.1953125 0.075 0.065625
7 0.4828125 0.12109375 0.0203125 0.01640625
7 0.409375 0.12734375 0.025 0.02109375
2 0.48125 0.14921875 0.01640625 0.0265625