1 0.725 0.16640625 0.0203125 0.053125
8 0.709375 0.22734375 0.05703125 0.2015625
1 0.4359375 0.25625 0.03046875 0.090625
1 0.73125 0.2640625 0.03046875 0.078125
8 0.41875 0.484375 0.11015625 0.6109375
8 0.7359375 0.503125 0.15234375 0.68359375
4 0.7171875 0.61015625 0.03984375 0.090625
4 0.43984375 0.6171875 0.03125 0.090625
7 0.7609375 0.18046875 0.05546875 0.046875
7 0.7328125 0.1359375 0.02109375 0.01640625
7 0.409375 0.19375 0.05546875 0.0484375
7 0.4 0.13046875 0.02578125 0.021875
9 0.70078125 0.80546875 0.06953125 0.05859375
9 0.690625 0.76015625 0.05625 0.059375