8 0.5125 0.14609375 0.0609375 0.28359375
8 0.565625 0.146875 0.06328125 0.29296875
8 0.4546875 0.146875 0.05078125 0.29296875
8 0.3921875 0.215625 0.07578125 0.2640625
8 0.2984375 0.24375 0.0765625 0.340625
1 0.51640625 0.02578125 0.0203125 0.0515625
1 0.5671875 0.03203125 0.02109375 0.0390625
8 0.77578125 0.6265625 0.221875 0.74453125
4 0.6859375 0.69921875 0.03828125 0.07890625
1 0.3796875 0.125 0.02734375 0.05546875
1 0.2921875 0.134375 0.03125 0.059375
7 0.80703125 0.29921875 0.0890625 0.0734375
7 0.28828125 0.08828125 0.0359375 0.0234375
7 0.3765625 0.0828125 0.02578125 0.0265625
7 0.5671875 0.0046875 0.02109375 0.009375
7 0.515625 0.0046875 0.02265625 0.009375
5 0.4765625 0.1171875 0.009375 0.02890625
5 0.49453125 0.153125 0.0125 0.03046875
5 0.5703125 0.08828125 0.01484375 0.0265625
5 0.5578125 0.08359375 0.0125 0.021875
9 0.76953125 0.91953125 0.06328125 0.0984375
9 0.5671875 0.27578125 0.01875 0.0359375
9 0.55546875 0.278125 0.0171875 0.03359375
9 0.51875 0.26953125 0.01640625 0.0390625
9 0.5 0.2640625 0.0171875 0.04296875
9 0.46484375 0.26328125 0.01796875 0.04140625
9 0.44765625 0.25859375 0.01796875 0.0390625