1 0.596875 0.253125 0.04375 0.075
8 0.6109375 0.465625 0.11796875 0.60859375
8 0.484375 0.5828125 0.18515625 0.7765625
7 0.6015625 0.18671875 0.0484375 0.04296875
7 0.4609375 0.24453125 0.06640625 0.05859375
5 0.55625 0.484375 0.01953125 0.0515625
5 0.59296875 0.465625 0.03125 0.04609375
5 0.5484375 0.44453125 0.0328125 0.0390625
9 0.6109375 0.73359375 0.04453125 0.06796875
9 0.5859375 0.7109375 0.03671875 0.0734375
9 0.51015625 0.890625 0.0578125 0.0859375
9 0.4734375 0.8625 0.0640625 0.0984375