8 0.8921875 0.2328125 0.1765625 0.3625
1 0.515625 0.3109375 0.04453125 0.05859375
1 0.24375 0.3859375 0.04296875 0.1140625
4 0.584375 0.50703125 0.02421875 0.0640625
8 0.5296875 0.5265625 0.146875 0.66953125
4 0.47109375 0.54453125 0.03125 0.103125
8 0.26640625 0.61484375 0.221875 0.7015625
4 0.3453125 0.67109375 0.03515625 0.08046875
1 0.915625 0.10703125 0.02890625 0.0609375
7 0.19609375 0.3078125 0.078125 0.065625
7 0.51328125 0.240625 0.05625 0.07890625
7 0.925 0.07265625 0.03203125 0.03203125
9 0.87578125 0.4140625 0.04140625 0.0609375