1 0.5921875 0.26015625 0.03828125 0.08203125
8 0.11875 0.26484375 0.14375 0.39296875
8 0.5703125 0.43828125 0.11015625 0.5484375
4 0.58046875 0.465625 0.0421875 0.0640625
4 0.7375 0.6359375 0.05703125 0.078125
8 0.6390625 0.67109375 0.30703125 0.653125
4 0.765625 0.690625 0.053125 0.07109375
1 0.1328125 0.12265625 0.0296875 0.05703125
7 0.73046875 0.359375 0.0875 0.06953125
7 0.584375 0.1890625 0.05234375 0.053125
7 0.1359375 0.07890625 0.028125 0.025
5 0.096875 0.259375 0.01953125 0.0484375
5 0.153125 0.10859375 0.01484375 0.046875
9 0.5125 0.68046875 0.0390625 0.0890625
9 0.1234375 0.4125 0.03046875 0.06640625