1 0.61875 0.184375 0.03125 0.0484375
8 0.28203125 0.21953125 0.0921875 0.25
1 0.346875 0.253125 0.028125 0.084375
1 0.196875 0.2609375 0.04765625 0.09140625
8 0.5953125 0.28125 0.10703125 0.29296875
4 0.31640625 0.2984375 0.0375 0.08359375
4 0.2578125 0.38671875 0.02890625 0.0734375
4 0.3046875 0.43515625 0.04453125 0.07890625
4 0.29375 0.4765625 0.0421875 0.1
8 0.36796875 0.48515625 0.1703125 0.690625
8 0.2140625 0.5078125 0.1734375 0.6765625
7 0.175 0.19375 0.06484375 0.0484375
7 0.3609375 0.1703125 0.0609375 0.059375
7 0.62109375 0.146875 0.0359375 0.02890625
7 0.26953125 0.1390625 0.0203125 0.01953125
5 0.27265625 0.2203125 0.0109375 0.02109375
5 0.2859375 0.2203125 0.00859375 0.02109375
5 0.60625 0.228125 0.02109375 0.0359375
5 0.6015625 0.228125 0.01953125 0.0359375
2 0.271875 0.1640625 0.0171875 0.025