1 0.36875 0.27890625 0.021875 0.04453125
8 0.5875 0.33828125 0.0734375 0.215625
8 0.378125 0.36953125 0.08046875 0.25
8 0.653125 0.69921875 0.20234375 0.5984375
7 0.678125 0.434375 0.0828125 0.06640625
7 0.5875 0.2359375 0.02421875 0.021875
7 0.3671875 0.25078125 0.0234375 0.02109375
5 0.3984375 0.31484375 0.0171875 0.02890625
5 0.3609375 0.34453125 0.0140625 0.021875
2 0.58984375 0.26171875 0.021875 0.02890625
3 0.590625 0.26484375 0.021875 0.01953125
9 0.60546875 0.44453125 0.02890625 0.05
9 0.57265625 0.446875 0.0234375 0.04140625
9 0.36484375 0.46796875 0.0234375 0.04140625