7 0.36953125 0.14140625 0.028125 0.01953125
7 0.728125 0.146875 0.02265625 0.01640625
7 0.440625 0.1671875 0.0671875 0.05703125
1 0.7234375 0.1765625 0.0265625 0.04140625
5 0.3609375 0.1875 0.01796875 0.028125
5 0.72578125 0.19140625 0.0140625 0.01953125
7 0.84296875 0.23828125 0.071875 0.06796875
8 0.38125 0.240625 0.08125 0.2390625
1 0.4546875 0.24296875 0.02265625 0.0890625
8 0.7265625 0.25 0.08125 0.2140625
5 0.7453125 0.2765625 0.01015625 0.025
4 0.4953125 0.440625 0.053125 0.09296875
4 0.75390625 0.484375 0.0453125 0.09296875
8 0.4609375 0.484375 0.1640625 0.6375
8 0.7921875 0.559375 0.20625 0.746875