1 0.3640625 0.29375 0.0234375 0.0375
8 0.5890625 0.340625 0.0828125 0.2515625
8 0.3828125 0.37265625 0.0984375 0.2375
8 0.6625 0.71328125 0.21875 0.57109375
4 0.56875 0.909375 0.0359375 0.10546875
4 0.74375 0.9421875 0.04921875 0.05390625
7 0.69296875 0.465625 0.0890625 0.08359375
7 0.590625 0.225 0.02421875 0.025
7 0.3625 0.2640625 0.02734375 0.025
5 0.56328125 0.36640625 0.0140625 0.04453125
5 0.375 0.3625 0.02109375 0.025
5 0.39375 0.3421875 0.02109375 0.0265625
9 0.428125 0.425 0.03125 0.0359375
2 0.590625 0.2515625 0.0203125 0.028125
9 0.57578125 0.44921875 0.02890625 0.040625
9 0.39375 0.47265625 0.02890625 0.04140625