1 0.6140625 0.15546875 0.03515625 0.04140625
8 0.6109375 0.240625 0.07265625 0.28203125
1 0.3171875 0.25859375 0.0359375 0.05859375
4 0.465625 0.42421875 0.0421875 0.065625
8 0.490625 0.45234375 0.10078125 0.6234375
8 0.31328125 0.49453125 0.1328125 0.6609375
4 0.3390625 0.5859375 0.0359375 0.075
7 0.48828125 0.165625 0.059375 0.05390625
7 0.2875 0.1796875 0.06484375 0.0515625
7 0.2625 0.14296875 0.02421875 0.01953125
7 0.6140625 0.11796875 0.028125 0.021875
5 0.6171875 0.2546875 0.01484375 0.04296875
9 0.3296875 0.784375 0.07890625 0.059375