1 0.49140625 0.18203125 0.0359375 0.05
8 0.853125 0.23046875 0.1234375 0.31640625
8 0.48515625 0.2359375 0.0671875 0.271875
8 0.53671875 0.55703125 0.1578125 0.71953125
4 0.5984375 0.5828125 0.03828125 0.084375
4 0.4703125 0.615625 0.02578125 0.09609375
1 0.8578125 0.134375 0.04140625 0.0375
7 0.8515625 0.090625 0.0359375 0.04296875
7 0.528125 0.23203125 0.06171875 0.05
7 0.4890625 0.13046875 0.0390625 0.03359375
9 0.540625 0.83984375 0.03203125 0.06796875
9 0.575 0.83828125 0.03515625 0.0640625