8 0.1515625 0.21875 0.128125 0.315625
1 0.4828125 0.2953125 0.03671875 0.06796875
1 0.7875 0.3859375 0.0453125 0.08046875
4 0.5078125 0.415625 0.04453125 0.06953125
4 0.63125 0.4625 0.05703125 0.09453125
8 0.446875 0.478125 0.13828125 0.55
8 0.72578125 0.61328125 0.2515625 0.66796875
1 0.146875 0.128125 0.03359375 0.0484375
7 0.82421875 0.303125 0.0703125 0.0484375
7 0.4671875 0.2265625 0.05078125 0.0390625
5 0.1390625 0.18828125 0.02265625 0.03203125
9 0.4265625 0.7359375 0.05078125 0.071875
9 0.4078125 0.69765625 0.04453125 0.05390625