1 0.5296875 0.20625 0.0453125 0.07890625
8 0.86015625 0.21015625 0.1203125 0.34296875
1 0.2109375 0.36640625 0.04296875 0.078125
8 0.53984375 0.42890625 0.109375 0.5890625
4 0.49921875 0.4546875 0.0265625 0.07109375
4 0.58125 0.459375 0.034375 0.08046875
4 0.2859375 0.57734375 0.04765625 0.04609375
8 0.253125 0.60390625 0.2171875 0.671875
4 0.31640625 0.63125 0.028125 0.08203125
1 0.865625 0.09921875 0.03046875 0.0515625
7 0.8703125 0.06015625 0.040625 0.02890625
7 0.5265625 0.153125 0.040625 0.03046875
7 0.1828125 0.29609375 0.078125 0.05
5 0.85390625 0.13515625 0.034375 0.02109375