1 0.278125 0.2078125 0.0828125 0.10390625
1 0.55625 0.27734375 0.05078125 0.1125
8 0.2859375 0.525 0.28359375 0.90546875
8 0.57734375 0.57109375 0.159375 0.80859375
7 0.25390625 0.12421875 0.0828125 0.05390625
7 0.5828125 0.21484375 0.07734375 0.0515625
5 0.5546875 0.71640625 0.02734375 0.05859375
5 0.2515625 0.55078125 0.025 0.0375
9 0.34375 0.88984375 0.0640625 0.1
9 0.37265625 0.78984375 0.07734375 0.06640625
9 0.565625 0.83125 0.06328125 0.0640625
9 0.5703125 0.909375 0.078125 0.0734375
3 0.2921875 0.178125 0.03671875 0.0640625