1 0.634375 0.28984375 0.01953125 0.04296875
8 0.4109375 0.34296875 0.0953125 0.26640625
8 0.6171875 0.39140625 0.09609375 0.30859375
8 0.125 0.6734375 0.24296875 0.65
7 0.0703125 0.3734375 0.08359375 0.053125
7 0.40234375 0.221875 0.021875 0.01796875
7 0.6359375 0.2546875 0.02578125 0.0234375
5 0.61875 0.33984375 0.01015625 0.0234375
2 0.4015625 0.246875 0.02109375 0.03359375
9 0.39375 0.44375 0.028125 0.046875
9 0.4265625 0.44609375 0.03125 0.04296875
9 0.609375 0.47109375 0.03203125 0.04296875
9 0.6328125 0.515625 0.0234375 0.053125