8 0.3265625 0.1671875 0.07890625 0.190625
8 0.428125 0.2015625 0.07109375 0.296875
1 0.5890625 0.28984375 0.0484375 0.0515625
8 0.625 0.353125 0.21796875 0.325
4 0.553125 0.4578125 0.03828125 0.06796875
1 0.425 0.103125 0.02578125 0.053125
7 0.584375 0.21875 0.05859375 0.040625
7 0.315625 0.08359375 0.03046875 0.025
7 0.42421875 0.071875 0.0234375 0.021875
5 0.3484375 0.25078125 0.01640625 0.0265625
5 0.42734375 0.21171875 0.0140625 0.02109375
9 0.4140625 0.3203125 0.0265625 0.05390625
9 0.44375 0.33515625 0.028125 0.04453125