8 0.6078125 0.20546875 0.0546875 0.16640625
8 0.5109375 0.2125 0.0484375 0.203125
1 0.29453125 0.2625 0.0546875 0.08359375
1 0.05859375 0.446875 0.0765625 0.15390625
8 0.340625 0.478125 0.17109375 0.63203125
4 0.30625 0.4984375 0.05859375 0.1109375
8 0.1078125 0.64921875 0.20859375 0.6984375
7 0.021875 0.3375 0.04296875 0.09140625
7 0.29296875 0.1859375 0.065625 0.0640625
7 0.521875 0.13125 0.01953125 0.01796875
7 0.60390625 0.12890625 0.021875 0.021875
5 0.60390625 0.12421875 0.0171875 0.02109375
5 0.51875 0.1640625 0.01171875 0.021875
5 0.5265625 0.228125 0.01328125 0.028125
2 0.5203125 0.1546875 0.0140625 0.015625