8 0.1109375 0.24296875 0.11875 0.4
1 0.5015625 0.25859375 0.02890625 0.06640625
1 0.746875 0.384375 0.0421875 0.065625
4 0.5171875 0.3890625 0.0390625 0.06953125
8 0.4671875 0.46640625 0.1296875 0.63046875
4 0.66171875 0.54765625 0.0625 0.0625
8 0.71875 0.634375 0.23359375 0.7234375
1 0.109375 0.1140625 0.02734375 0.046875
7 0.103125 0.065625 0.03671875 0.03046875
7 0.4875 0.18359375 0.04921875 0.04140625
7 0.7828125 0.29921875 0.07109375 0.05390625
5 0.13359375 0.10546875 0.0265625 0.03359375
9 0.1296875 0.41796875 0.03828125 0.06796875