1 0.4078125 0.26015625 0.03828125 0.08203125
8 0.88125 0.26484375 0.14375 0.39296875
8 0.4296875 0.43828125 0.11015625 0.5484375
4 0.41953125 0.465625 0.0421875 0.0640625
4 0.2625 0.6359375 0.05703125 0.078125
8 0.3609375 0.67109375 0.30703125 0.653125
4 0.234375 0.690625 0.053125 0.07109375
1 0.8671875 0.12265625 0.0296875 0.05703125
7 0.26953125 0.359375 0.0875 0.06953125
7 0.415625 0.1890625 0.05234375 0.053125
7 0.8640625 0.07890625 0.028125 0.025
5 0.903125 0.259375 0.01953125 0.0484375
5 0.846875 0.10859375 0.01484375 0.046875