1 0.31953125 0.1484375 0.03125 0.078125
1 0.534375 0.18984375 0.04453125 0.06796875
1 0.4328125 0.02421875 0.01015625 0.02109375
8 0.31640625 0.02578125 0.0390625 0.0515625
4 0.340625 0.27890625 0.03125 0.0609375
4 0.346875 0.31328125 0.0390625 0.05703125
8 0.54453125 0.321875 0.134375 0.44453125
8 0.3171875 0.33125 0.10546875 0.4875
4 0.4953125 0.36484375 0.0375 0.07890625
4 0.5390625 0.465625 0.03046875 0.09140625
1 0.3140625 0.01328125 0.009375 0.02109375
7 0.54140625 0.121875 0.04375 0.03359375
7 0.3078125 0.08828125 0.0546875 0.040625