1 0.271875 0.175 0.02421875 0.04453125
1 0.6203125 0.19921875 0.02265625 0.0375
8 0.28046875 0.234375 0.0515625 0.203125
1 0.1984375 0.26328125 0.04296875 0.05703125
8 0.596875 0.28984375 0.12109375 0.23203125
8 0.2109375 0.48359375 0.13359375 0.66640625
7 0.175 0.184375 0.0546875 0.046875
7 0.2703125 0.140625 0.0234375 0.021875
7 0.625 0.16328125 0.02421875 0.0234375
5 0.6125 0.24765625 0.025 0.02890625
5 0.59765625 0.24375 0.01875 0.02890625
5 0.27421875 0.209375 0.0140625 0.0234375
5 0.26640625 0.21484375 0.0078125 0.01796875