1 0.6734375 0.16328125 0.03125 0.0625
1 0.4578125 0.171875 0.03671875 0.065625
8 0.47109375 0.3078125 0.134375 0.4375
8 0.6953125 0.31796875 0.11953125 0.471875
1 0.6046875 0.034375 0.0125 0.034375
4 0.646875 0.36640625 0.03515625 0.06953125
4 0.66953125 0.4109375 0.040625 0.075
4 0.4703125 0.4265625 0.0484375 0.096875
8 0.60625 0.06640625 0.028125 0.103125
7 0.4421875 0.10078125 0.05 0.02890625
7 0.69140625 0.10390625 0.0484375 0.03359375
7 0.6046875 0.01640625 0.0109375 0.00546875
5 0.60390625 0.046875 0.009375 0.0125