1 0.590625 0.15625 0.01796875 0.040625
8 0.5953125 0.24609375 0.06796875 0.246875
8 0.6984375 0.259375 0.05859375 0.2515625
8 0.4859375 0.5 0.11171875 0.678125
4 0.53359375 0.56171875 0.0328125 0.0765625
7 0.4734375 0.19375 0.05546875 0.05703125
7 0.58984375 0.13046875 0.0234375 0.021875
7 0.69609375 0.14453125 0.028125 0.021875
5 0.6453125 0.2875 0.01328125 0.04140625
5 0.5953125 0.27734375 0.01171875 0.02890625
5 0.5859375 0.28671875 0.01015625 0.034375
2 0.6921875 0.178125 0.02265625 0.034375