1 0.3953125 0.16796875 0.02578125 0.03359375
8 0.4921875 0.18046875 0.06015625 0.275
8 0.5796875 0.19609375 0.05546875 0.296875
8 0.39140625 0.1984375 0.0453125 0.18359375
8 0.30546875 0.2078125 0.06875 0.17109375
8 0.34921875 0.56875 0.1421875 0.72890625
1 0.490625 0.0796875 0.02265625 0.034375
1 0.5765625 0.10546875 0.02109375 0.053125
7 0.32421875 0.23125 0.0609375 0.05390625
7 0.30625 0.1328125 0.02734375 0.0234375
7 0.39375 0.134375 0.028125 0.028125
7 0.4921875 0.05546875 0.01796875 0.01640625
7 0.5765625 0.06796875 0.03046875 0.01953125
5 0.6015625 0.23203125 0.0203125 0.021875
5 0.48125 0.15390625 0.0171875 0.01953125
5 0.50625 0.13984375 0.0140625 0.0234375
2 0.30703125 0.16484375 0.0234375 0.034375