1 0.52734375 0.16171875 0.01875 0.034375
8 0.51015625 0.2046875 0.0671875 0.17109375
8 0.5765625 0.26328125 0.11953125 0.3484375
1 0.259375 0.28828125 0.040625 0.10390625
4 0.203125 0.50078125 0.05390625 0.07890625
8 0.2734375 0.52734375 0.21796875 0.715625
4 0.08828125 0.534375 0.05625 0.109375
4 0.3125 0.6109375 0.04609375 0.1
8 0.10625 0.64609375 0.2125 0.7046875
4 0.1375 0.84921875 0.06640625 0.115625
7 0.2703125 0.2 0.06484375 0.053125
7 0.5265625 0.134375 0.02109375 0.01796875
7 0.5859375 0.11875 0.0265625 0.0234375
5 0.578125 0.11875 0.01796875 0.0265625
5 0.51640625 0.184375 0.015625 0.01953125
9 0.28515625 0.85 0.06484375 0.1015625
9 0.35078125 0.8125 0.0453125 0.103125