1 0.378125 0.1734375 0.021875 0.0359375
8 0.5828125 0.203125 0.065625 0.29609375
8 0.378125 0.21796875 0.07265625 0.15546875
1 0.5078125 0.271875 0.0296875 0.0890625
1 0.875 0.2796875 0.04375 0.09609375
8 0.49375 0.4609375 0.12734375 0.5890625
4 0.5609375 0.47421875 0.05390625 0.05390625
4 0.83125 0.51875 0.05859375 0.07890625
8 0.83125 0.5484375 0.2453125 0.7140625
4 0.8390625 0.590625 0.05859375 0.0859375
7 0.90625 0.21875 0.06953125 0.04296875
7 0.484375 0.19609375 0.06015625 0.05859375
7 0.5921875 0.078125 0.0203125 0.01953125
7 0.3734375 0.13671875 0.0296875 0.02109375
5 0.590625 0.1125 0.01015625 0.021875
5 0.3640625 0.171875 0.01640625 0.0390625
2 0.5921875 0.10546875 0.015625 0.028125
9 0.5765625 0.33046875 0.02265625 0.0375
9 0.590625 0.3234375 0.02109375 0.0390625