8 0.484375 0.1390625 0.06796875 0.271875
8 0.5453125 0.1484375 0.0484375 0.296875
1 0.48125 0.01875 0.0203125 0.0375
1 0.6609375 0.18125 0.03125 0.065625
8 0.6875 0.315625 0.14296875 0.453125
4 0.6390625 0.44453125 0.03359375 0.05859375
8 0.5984375 0.071875 0.06640625 0.140625
7 0.6828125 0.11328125 0.05390625 0.0515625
7 0.7296875 0.09140625 0.03515625 0.03046875
7 0.6109375 0.08046875 0.02265625 0.025
7 0.4796875 0.00625 0.0234375 0.0125
5 0.73125 0.134375 0.02265625 0.05546875
5 0.4578125 0.11953125 0.015625 0.028125
5 0.521875 0.11328125 0.01015625 0.0265625