1 0.2625 0.17578125 0.02890625 0.040625
8 0.590625 0.228125 0.07109375 0.409375
1 0.4859375 0.25078125 0.03125 0.07109375
8 0.259375 0.25859375 0.05625 0.28359375
4 0.49375 0.3359375 0.0515625 0.08359375
8 0.4953125 0.446875 0.096875 0.66953125
8 0.334375 0.50390625 0.1078125 0.7
1 0.5671875 0.08359375 0.02265625 0.0359375
7 0.2625 0.14921875 0.02890625 0.02890625
7 0.325 0.1828125 0.07421875 0.05703125
7 0.4984375 0.1609375 0.05859375 0.053125
7 0.5734375 0.03515625 0.0296875 0.0234375
5 0.5953125 0.24765625 0.0171875 0.0375