1 0.63046875 0.18828125 0.0375 0.06796875
8 0.6234375 0.3046875 0.11796875 0.4234375
8 0.38046875 0.32421875 0.0921875 0.490625
1 0.390625 0.03671875 0.0140625 0.02109375
4 0.5734375 0.40234375 0.02890625 0.084375
4 0.4109375 0.4484375 0.0203125 0.078125
4 0.64765625 0.45390625 0.0265625 0.08359375
8 0.39296875 0.05 0.0296875 0.071875
7 0.6375 0.13203125 0.0421875 0.0390625
7 0.3828125 0.096875 0.0421875 0.034375
7 0.3921875 0.015625 0.01328125 0.00859375
7 0.4984375 0.0109375 0.01015625 0.00859375