1 0.3375 0.19296875 0.04140625 0.075
1 0.1484375 0.1984375 0.04453125 0.09453125
8 0.353125 0.290625 0.10390625 0.32109375
8 0.18125 0.4375 0.1625 0.66953125
7 0.125 0.12265625 0.06015625 0.04296875
7 0.3328125 0.1546875 0.03984375 0.02890625
5 0.1390625 0.47265625 0.0234375 0.05390625
5 0.39375 0.40546875 0.01328125 0.04140625
9 0.2453125 0.73359375 0.07109375 0.05546875
9 0.22890625 0.678125 0.0546875 0.059375
9 0.0484375 0.50546875 0.03203125 0.05390625
9 0.0125 0.52734375 0.02109375 0.0640625