1 0.62734375 0.2875 0.01875 0.05
8 0.4109375 0.3625 0.09296875 0.25859375
8 0.625 0.365625 0.07890625 0.275
8 0.30625 0.665625 0.23515625 0.66640625
7 0.296875 0.37578125 0.08125 0.07890625
7 0.40390625 0.2546875 0.0265625 0.02890625
7 0.625 0.2578125 0.02578125 0.02109375
5 0.6234375 0.3234375 0.0140625 0.028125
5 0.628125 0.36015625 0.01953125 0.01796875
2 0.40234375 0.2796875 0.0203125 0.02109375
9 0.3921875 0.4484375 0.028125 0.046875
9 0.4265625 0.4453125 0.034375 0.05390625
9 0.63359375 0.46484375 0.02265625 0.05859375
9 0.60859375 0.4734375 0.0328125 0.04296875