1 0.621875 0.190625 0.02734375 0.03359375
8 0.20703125 0.24453125 0.103125 0.28359375
8 0.61875 0.284375 0.0890625 0.2734375
1 0.44375 0.29609375 0.0359375 0.05859375
8 0.4453125 0.446875 0.09609375 0.48046875
4 0.43125 0.51015625 0.03203125 0.07890625
4 0.4703125 0.5234375 0.03203125 0.09140625
7 0.18125 0.11484375 0.0265625 0.0234375
7 0.4453125 0.234375 0.046875 0.0640625
7 0.63359375 0.1546875 0.03125 0.02890625
5 0.1984375 0.22890625 0.01484375 0.021875
5 0.6140625 0.25 0.02109375 0.03046875
5 0.59921875 0.2484375 0.015625 0.03359375
9 0.4453125 0.640625 0.0203125 0.06796875
9 0.465625 0.6390625 0.02265625 0.06796875