8 0.553125 0.1875 0.04453125 0.26640625
8 0.62109375 0.2328125 0.09375 0.3515625
8 0.7109375 0.70546875 0.28359375 0.5859375
1 0.559375 0.1015625 0.01953125 0.05859375
1 0.628125 0.1234375 0.02890625 0.04453125
7 0.71484375 0.4421875 0.0703125 0.04609375
7 0.63203125 0.084375 0.028125 0.03203125
7 0.55625 0.06640625 0.02265625 0.01640625
5 0.60625 0.2171875 0.02421875 0.0234375
5 0.63515625 0.22109375 0.0265625 0.01953125
9 0.6375 0.35625 0.03125 0.07109375
9 0.5953125 0.353125 0.02578125 0.0640625