8 0.65703125 0.21953125 0.090625 0.35
1 0.5796875 0.225 0.0421875 0.05
8 0.621875 0.2875 0.15625 0.44453125
4 0.68125 0.3234375 0.02265625 0.05859375
1 0.6046875 0.03359375 0.01328125 0.021875
4 0.54921875 0.4296875 0.03125 0.090625
4 0.59921875 0.44375 0.059375 0.09609375
8 0.6046875 0.0734375 0.03203125 0.10859375
1 0.68046875 0.01015625 0.0140625 0.0203125
1 0.6578125 0.11484375 0.03515625 0.040625
7 0.5890625 0.13515625 0.06328125 0.0484375
7 0.65546875 0.05859375 0.0375 0.04140625
7 0.6046875 0.0171875 0.01171875 0.009375