1 0.3578125 0.2703125 0.0515625 0.109375
1 0.50625 0.2859375 0.0578125 0.10859375
8 0.3421875 0.525 0.1359375 0.66953125
8 0.5265625 0.540625 0.21171875 0.728125
7 0.51796875 0.20078125 0.06875 0.05390625
7 0.3390625 0.196875 0.05625 0.034375
5 0.4390625 0.38828125 0.03671875 0.0375
5 0.4359375 0.271875 0.0234375 0.04140625
5 0.46796875 0.265625 0.03125 0.0515625
9 0.34375 0.81484375 0.04765625 0.07109375
9 0.375 0.7734375 0.0390625 0.075
9 0.47578125 0.853125 0.075 0.071875
9 0.590625 0.853125 0.05546875 0.10546875