1 0.375 0.228125 0.04921875 0.0625
1 0.13828125 0.23671875 0.0328125 0.0515625
8 0.1625 0.29609375 0.08828125 0.28046875
8 0.0609375 0.31875 0.08515625 0.315625
8 0.3796875 0.32890625 0.1171875 0.38359375
4 0.42890625 0.48515625 0.0265625 0.0765625
4 0.340625 0.50625 0.03046875 0.084375
7 0.371875 0.1546875 0.0578125 0.0515625
7 0.0640625 0.16796875 0.05078125 0.046875
7 0.13515625 0.19375 0.034375 0.03203125
5 0.08984375 0.3125 0.028125 0.0390625
5 0.19609375 0.321875 0.0203125 0.0375
2 0.0703125 0.221875 0.04453125 0.0515625