1 0.403125 0.253125 0.04375 0.075
8 0.3890625 0.465625 0.11796875 0.60859375
8 0.515625 0.5828125 0.18515625 0.7765625
7 0.3984375 0.18671875 0.0484375 0.04296875
7 0.5390625 0.24453125 0.06640625 0.05859375
5 0.44375 0.484375 0.01953125 0.0515625
5 0.40703125 0.465625 0.03125 0.04609375
5 0.4515625 0.44453125 0.0328125 0.0390625
9 0.3890625 0.73359375 0.04453125 0.06796875
9 0.4140625 0.7109375 0.03671875 0.0734375
9 0.48984375 0.890625 0.0578125 0.0859375
9 0.5265625 0.8625 0.0640625 0.0984375