7 0.70234375 0.1453125 0.021875 0.02109375
7 0.39453125 0.1515625 0.0265625 0.021875
1 0.44453125 0.1546875 0.03125 0.090625
1 0.7015625 0.17578125 0.02265625 0.0375
1 0.3953125 0.1859375 0.02109375 0.04453125
8 0.709375 0.2515625 0.06640625 0.24453125
8 0.378125 0.2640625 0.06171875 0.24453125
8 0.45625 0.2734375 0.125 0.35859375
5 0.39375 0.275 0.0171875 0.03359375
4 0.4125 0.41875 0.02421875 0.05390625
4 0.48671875 0.428125 0.025 0.0515625
7 0.4453125 0.10234375 0.0390625 0.03203125
9 0.70703125 0.33671875 0.01953125 0.05