1 0.384375 0.1421875 0.04921875 0.0734375
1 0.15546875 0.1984375 0.0328125 0.04453125
1 0.03515625 0.23671875 0.034375 0.065625
8 0.0375 0.265625 0.0734375 0.24296875
8 0.38125 0.2828125 0.13046875 0.47890625
8 0.1453125 0.321875 0.12734375 0.38359375
4 0.43828125 0.4046875 0.028125 0.0765625
4 0.3484375 0.453125 0.0390625 0.0859375
7 0.37734375 0.065625 0.05625 0.0640625
7 0.146875 0.15390625 0.0296875 0.04453125
7 0.0203125 0.17421875 0.03515625 0.034375
5 0.01328125 0.25078125 0.025 0.05703125