8 0.1046875 0.23125 0.10703125 0.409375
4 0.45234375 0.30234375 0.0234375 0.09296875
1 0.73125 0.38515625 0.03671875 0.10390625
4 0.46953125 0.4015625 0.0578125 0.08359375
8 0.4265625 0.49609375 0.1359375 0.65546875
8 0.70625 0.62890625 0.19921875 0.7109375
4 0.671875 0.75390625 0.0453125 0.10546875
1 0.08125 0.11015625 0.03671875 0.0625
7 0.775 0.29765625 0.07265625 0.0625
7 0.425 0.203125 0.0625 0.065625
7 0.08359375 0.059375 0.040625 0.03359375
5 0.10546875 0.115625 0.0171875 0.02890625
5 0.1015625 0.19375 0.0234375 0.034375