1 0.3765625 0.19296875 0.02734375 0.028125
8 0.728125 0.20546875 0.0703125 0.1390625
8 0.4046875 0.26640625 0.13828125 0.25859375
1 0.62421875 0.26796875 0.03125 0.0890625
1 0.75 0.2859375 0.02421875 0.06640625
4 0.7015625 0.309375 0.05390625 0.0765625
8 0.584375 0.47578125 0.1546875 0.60703125
4 0.6265625 0.48984375 0.04765625 0.09296875
8 0.7375 0.553125 0.16953125 0.7265625
7 0.78125 0.20859375 0.06015625 0.04140625
7 0.60625 0.184375 0.05625 0.04296875
7 0.734375 0.140625 0.01953125 0.01640625
7 0.3625 0.15625 0.03203125 0.02109375
5 0.3953125 0.25078125 0.01953125 0.0265625
5 0.35703125 0.178125 0.0140625 0.040625
5 0.728125 0.17890625 0.0109375 0.025
2 0.7328125 0.16796875 0.015625 0.03046875