1 0.46640625 0.2171875 0.0375 0.0984375
1 0.6171875 0.23125 0.0421875 0.084375
8 0.61640625 0.4703125 0.159375 0.65703125
8 0.4375 0.48125 0.12890625 0.684375
7 0.446875 0.1640625 0.06484375 0.05546875
7 0.64375 0.165625 0.0578125 0.0375
5 0.44296875 0.603125 0.0359375 0.0609375
5 0.590625 0.459375 0.03046875 0.04140625
5 0.56875 0.34765625 0.02109375 0.040625
9 0.584375 0.74453125 0.0515625 0.084375
9 0.578125 0.68515625 0.0578125 0.0609375
9 0.4390625 0.721875 0.07109375 0.04453125
9 0.44609375 0.77734375 0.06953125 0.05390625