8 0.42890625 0.20625 0.0765625 0.2875
8 0.3390625 0.2390625 0.09609375 0.29140625
8 0.790625 0.2859375 0.16953125 0.48046875
1 0.43125 0.11171875 0.025 0.0234375
7 0.8359375 0.06640625 0.05703125 0.046875
7 0.428125 0.071875 0.02421875 0.02109375
7 0.315625 0.08828125 0.02890625 0.02890625
5 0.3453125 0.25 0.0125 0.03359375
5 0.4359375 0.2296875 0.01796875 0.02890625
5 0.4375 0.17578125 0.02109375 0.02109375
2 0.31875 0.12421875 0.02421875 0.04296875
9 0.4421875 0.33359375 0.03046875 0.05859375
9 0.41328125 0.321875 0.02578125 0.05546875