8 0.6515625 0.17265625 0.0796875 0.3375
8 0.50625 0.19296875 0.12109375 0.28046875
1 0.646875 0.065625 0.0296875 0.0609375
1 0.5078125 0.1046875 0.034375 0.065625
7 0.5046875 0.059375 0.034375 0.021875
7 0.65703125 0.015625 0.0453125 0.03125
5 0.48203125 0.10859375 0.01875 0.046875
5 0.525 0.103125 0.01875 0.04453125
5 0.6390625 0.321875 0.03046875 0.0375
5 0.6171875 0.27265625 0.01171875 0.0515625
9 0.49765625 0.4734375 0.0265625 0.05859375
9 0.5421875 0.46328125 0.03828125 0.040625
9 0.63828125 0.4953125 0.04453125 0.05546875