1 0.4953125 0.16796875 0.03359375 0.06640625
8 0.509375 0.215625 0.08203125 0.25390625
8 0.15390625 0.22890625 0.140625 0.3140625
4 0.503125 0.278125 0.03828125 0.07890625
8 0.46484375 0.45390625 0.14375 0.68046875
1 0.14375 0.13828125 0.03515625 0.040625
7 0.1375 0.09609375 0.0390625 0.03359375
7 0.4640625 0.196875 0.05390625 0.053125
7 0.49921875 0.115625 0.0390625 0.034375
5 0.15 0.15546875 0.028125 0.0359375
9 0.471875 0.78359375 0.03828125 0.07890625
9 0.4421875 0.7578125 0.0328125 0.0734375