8 0.446875 0.1875 0.04453125 0.26640625
8 0.37890625 0.2328125 0.09375 0.3515625
8 0.2890625 0.70546875 0.28359375 0.5859375
1 0.440625 0.1015625 0.01953125 0.05859375
1 0.371875 0.1234375 0.02890625 0.04453125
7 0.28515625 0.4421875 0.0703125 0.04609375
7 0.36796875 0.084375 0.028125 0.03203125
7 0.44375 0.06640625 0.02265625 0.01640625
5 0.39375 0.2171875 0.02421875 0.0234375
5 0.36484375 0.22109375 0.0265625 0.01953125
9 0.3640625 0.36328125 0.02578125 0.0640625
9 0.403125 0.35390625 0.028125 0.05390625