1 0.51875 0.1640625 0.01796875 0.0390625
1 0.5953125 0.18046875 0.03203125 0.05546875
1 0.42578125 0.2375 0.034375 0.06640625
8 0.5109375 0.24921875 0.05078125 0.2234375
8 0.60703125 0.27109375 0.109375 0.275
8 0.43046875 0.41796875 0.0953125 0.546875
4 0.415625 0.46171875 0.03515625 0.065625
4 0.4640625 0.46328125 0.03359375 0.08203125
7 0.42890625 0.1765625 0.046875 0.053125
7 0.521875 0.1375 0.01953125 0.01953125
7 0.59609375 0.140625 0.03125 0.0234375
5 0.5109375 0.23125 0.0125 0.0234375
5 0.66875 0.25078125 0.025 0.0234375