8 0.15078125 0.24609375 0.1046875 0.371875
1 0.4734375 0.2734375 0.0234375 0.0890625
1 0.7765625 0.3640625 0.03984375 0.103125
8 0.428125 0.48828125 0.11171875 0.62109375
4 0.4171875 0.58046875 0.03359375 0.0640625
8 0.725 0.6 0.20234375 0.68046875
4 0.696875 0.60625 0.03515625 0.0875
4 0.7140625 0.71171875 0.0421875 0.0984375
1 0.153125 0.12421875 0.03828125 0.06796875
7 0.81171875 0.2984375 0.071875 0.05859375
7 0.45 0.21171875 0.05546875 0.04296875
7 0.146875 0.075 0.034375 0.03046875
5 0.13125 0.28203125 0.034375 0.04453125