1 0.5484375 0.22734375 0.03203125 0.05703125
8 0.715625 0.24921875 0.06484375 0.23203125
8 0.4046875 0.290625 0.13671875 0.29296875
8 0.5390625 0.3125 0.08984375 0.346875
4 0.534375 0.44921875 0.02265625 0.06796875
4 0.5609375 0.4546875 0.02421875 0.07890625
7 0.3703125 0.1578125 0.02734375 0.03203125
7 0.54453125 0.1609375 0.0421875 0.05
7 0.7125 0.14140625 0.02109375 0.021875
5 0.38046875 0.24609375 0.01875 0.03046875
5 0.39453125 0.240625 0.01875 0.03046875
5 0.73046875 0.2578125 0.0125 0.02890625
5 0.7125 0.2109375 0.01484375 0.021875
9 0.4546875 0.409375 0.0265625 0.0515625
9 0.70546875 0.334375 0.02109375 0.04453125
9 0.7265625 0.33828125 0.021875 0.05