1 0.11953125 0.1546875 0.015625 0.034375
1 0.053125 0.1640625 0.0234375 0.0359375
1 0.41875 0.17421875 0.03515625 0.065625
8 0.1375 0.190625 0.05546875 0.18359375
8 0.0734375 0.209375 0.0734375 0.178125
8 0.4328125 0.33359375 0.09140625 0.478125
4 0.40546875 0.36328125 0.0296875 0.06796875
4 0.45625 0.37421875 0.02421875 0.08203125
8 0.3203125 0.453125 0.1125 0.62890625
4 0.2734375 0.50546875 0.02265625 0.08359375
4 0.3640625 0.53046875 0.0203125 0.08359375
7 0.42421875 0.12421875 0.0328125 0.0265625
7 0.3125 0.1703125 0.053125 0.040625
7 0.1171875 0.1375 0.01484375 0.0109375
7 0.0546875 0.1453125 0.0171875 0.009375
5 0.0703125 0.228125 0.0125 0.0140625
5 0.078125 0.22734375 0.0078125 0.02109375
9 0.3640625 0.715625 0.0453125 0.08203125