8 0.8703125 0.23359375 0.1 0.35
1 0.3109375 0.271875 0.03984375 0.065625
8 0.328125 0.4625 0.09765625 0.5359375
4 0.3296875 0.51875 0.034375 0.0875
8 0.45546875 0.61796875 0.1640625 0.71640625
4 0.53671875 0.65078125 0.040625 0.08203125
4 0.4046875 0.771875 0.03828125 0.0875
1 0.86015625 0.1171875 0.034375 0.04296875
7 0.3046875 0.21796875 0.04765625 0.0390625
7 0.40625 0.29296875 0.06484375 0.06640625
7 0.88046875 0.07109375 0.0375 0.021875
5 0.84375 0.115625 0.02578125 0.04140625
5 0.8734375 0.24765625 0.02890625 0.03203125