1 0.884375 0.15390625 0.01640625 0.0390625
1 0.409375 0.17109375 0.03984375 0.08046875
8 0.88359375 0.19765625 0.0421875 0.15703125
1 0.5890625 0.2203125 0.02265625 0.084375
8 0.41015625 0.28828125 0.103125 0.3984375
4 0.43984375 0.36875 0.0171875 0.07890625
8 0.59375 0.38203125 0.1328125 0.5359375
4 0.396875 0.41484375 0.02734375 0.090625
4 0.5515625 0.51015625 0.0234375 0.090625
7 0.4015625 0.1140625 0.03671875 0.028125
7 0.6109375 0.1453125 0.0578125 0.05703125
7 0.890625 0.13125 0.0109375 0.0125