1 0.57109375 0.159375 0.0203125 0.0390625
8 0.5671875 0.22890625 0.0546875 0.25546875
8 0.66796875 0.25859375 0.0875 0.30546875
1 0.27421875 0.41328125 0.0703125 0.115625
4 0.36953125 0.615625 0.046875 0.06796875
8 0.259375 0.61953125 0.21796875 0.75859375
4 0.309375 0.80703125 0.0890625 0.10859375
7 0.25625 0.284375 0.109375 0.103125
7 0.57421875 0.12890625 0.0234375 0.01953125
7 0.6796875 0.12265625 0.0234375 0.0234375
5 0.6890625 0.18515625 0.01796875 0.03203125
2 0.67890625 0.15234375 0.0203125 0.02890625