1 0.53359375 0.2171875 0.0375 0.0984375
1 0.3828125 0.23125 0.0421875 0.084375
8 0.38359375 0.4703125 0.159375 0.65703125
8 0.5625 0.48125 0.12890625 0.684375
7 0.553125 0.1640625 0.06484375 0.05546875
7 0.35625 0.165625 0.0578125 0.0375
5 0.55703125 0.603125 0.0359375 0.0609375
5 0.409375 0.459375 0.03046875 0.04140625
5 0.43125 0.34765625 0.02109375 0.040625
9 0.41328125 0.74296875 0.0484375 0.07890625
9 0.4265625 0.68515625 0.05234375 0.04609375
9 0.56171875 0.7203125 0.0625 0.0515625
9 0.5515625 0.7734375 0.06796875 0.0515625