1 0.38125 0.265625 0.04453125 0.09453125
1 0.5984375 0.28828125 0.0390625 0.10390625
8 0.3890625 0.478125 0.146875 0.634375
8 0.57578125 0.584375 0.2015625 0.828125
7 0.36953125 0.196875 0.0546875 0.040625
7 0.61796875 0.203125 0.075 0.05546875
5 0.35625 0.57265625 0.02890625 0.059375
5 0.4796875 0.44140625 0.02109375 0.046875
5 0.4828125 0.47890625 0.03359375 0.05546875
9 0.565625 0.959375 0.07109375 0.08046875
9 0.5828125 0.88125 0.0609375 0.0984375
9 0.3828125 0.759375 0.0515625 0.06953125
9 0.40625 0.7234375 0.04765625 0.07109375