8 0.525 0.14296875 0.08359375 0.171875
1 0.41796875 0.1703125 0.021875 0.0484375
8 0.421875 0.2609375 0.10546875 0.29140625
1 0.9765625 0.31796875 0.046875 0.0671875
4 0.8265625 0.36796875 0.05078125 0.0859375
4 0.89296875 0.36953125 0.046875 0.075
4 0.93046875 0.4546875 0.059375 0.1125
4 0.8609375 0.515625 0.02578125 0.0734375
8 0.74765625 0.5296875 0.275 0.890625
8 0.88515625 0.575 0.2296875 0.8359375
7 0.7921875 0.21953125 0.078125 0.0640625
7 0.51640625 0.07578125 0.0203125 0.01796875
7 0.415625 0.1328125 0.025 0.0234375
5 0.5109375 0.13203125 0.01640625 0.021875
2 0.515625 0.10234375 0.01796875 0.0265625
9 0.71328125 0.846875 0.07578125 0.06796875
9 0.6421875 0.78515625 0.06484375 0.07109375