1 0.47421875 0.16015625 0.0171875 0.0265625
1 0.3859375 0.184375 0.0234375 0.05390625
8 0.475 0.225 0.0515625 0.20546875
8 0.3734375 0.24375 0.08984375 0.215625
1 0.796875 0.296875 0.05546875 0.0875
8 0.775 0.53671875 0.1765625 0.6875
1 0.3859375 0.5671875 0.0796875 0.134375
4 0.7203125 0.5953125 0.05390625 0.12109375
4 0.7828125 0.66484375 0.05859375 0.1234375
8 0.43359375 0.68046875 0.24375 0.6359375
4 0.2515625 0.878125 0.06015625 0.1125
7 0.81875 0.215625 0.06484375 0.04609375
7 0.3625 0.409375 0.13046875 0.121875
7 0.3890625 0.14453125 0.02890625 0.021875
7 0.475 0.134375 0.01953125 0.02109375
5 0.371875 0.2734375 0.0203125 0.05546875
5 0.4875 0.278125 0.0140625 0.034375