1 0.34375 0.196875 0.04765625 0.06953125
1 0.55078125 0.259375 0.04375 0.075
8 0.34921875 0.47421875 0.1390625 0.80703125
8 0.578125 0.503125 0.09453125 0.78046875
7 0.328125 0.128125 0.06484375 0.05
7 0.5734375 0.1875 0.06796875 0.0609375
7 0.784375 0.009375 0.01484375 0.0125
5 0.5546875 0.61796875 0.02578125 0.06953125
5 0.34296875 0.5484375 0.0328125 0.046875
5 0.3984375 0.4453125 0.0203125 0.0484375
9 0.3734375 0.753125 0.06484375 0.0734375
9 0.3953125 0.71328125 0.0640625 0.08359375
9 0.56875 0.81171875 0.06796875 0.05859375
9 0.5734375 0.76953125 0.07265625 0.05703125