1 0.38125 0.184375 0.03125 0.0484375
8 0.71796875 0.21953125 0.0921875 0.25
1 0.653125 0.253125 0.028125 0.084375
1 0.803125 0.2609375 0.04765625 0.09140625
8 0.4046875 0.28125 0.10703125 0.29296875
4 0.68359375 0.2984375 0.0375 0.08359375
4 0.7421875 0.38671875 0.02890625 0.0734375
4 0.6953125 0.43515625 0.04453125 0.07890625
4 0.70625 0.4765625 0.0421875 0.1
8 0.63203125 0.48515625 0.1703125 0.690625
8 0.7859375 0.5078125 0.1734375 0.6765625
7 0.825 0.19375 0.06484375 0.0484375
7 0.6390625 0.1703125 0.0609375 0.059375
7 0.37890625 0.146875 0.0359375 0.02890625
7 0.73046875 0.1390625 0.0203125 0.01953125
5 0.72734375 0.2203125 0.0109375 0.02109375
5 0.7140625 0.2203125 0.00859375 0.02109375
5 0.39375 0.228125 0.02109375 0.0359375
5 0.3984375 0.228125 0.01953125 0.0359375
2 0.728125 0.1640625 0.0171875 0.025