1 0.3984375 0.271875 0.03203125 0.08203125
8 0.43125 0.41484375 0.09921875 0.3984375
8 0.7125 0.56484375 0.23671875 0.590625
8 0.3984375 0.58515625 0.15 0.59609375
7 0.60859375 0.31796875 0.0453125 0.08046875
7 0.4 0.228125 0.0390625 0.03046875
7 0.35625 0.33125 0.06171875 0.059375
5 0.71875 0.53125 0.025 0.04609375
5 0.4546875 0.64453125 0.03046875 0.075
5 0.365625 0.6484375 0.0359375 0.0609375
5 0.46640625 0.48828125 0.01875 0.0484375
9 0.8015625 0.8015625 0.04921875 0.115625
9 0.7078125 0.765625 0.06796875 0.08046875
9 0.46484375 0.8265625 0.0421875 0.09453125
9 0.425 0.82890625 0.03203125 0.096875