1 0.60625 0.27890625 0.03046875 0.06640625
8 0.165625 0.28203125 0.12265625 0.3640625
8 0.57265625 0.4046875 0.1140625 0.39296875
8 0.590625 0.540625 0.15703125 0.71796875
7 0.6015625 0.23359375 0.04296875 0.0390625
7 0.62421875 0.32109375 0.0578125 0.053125
7 0.18203125 0.07421875 0.0421875 0.0484375
5 0.20625 0.240625 0.01484375 0.046875
5 0.528125 0.609375 0.01953125 0.05703125
5 0.525 0.48203125 0.01796875 0.05546875
9 0.2 0.44921875 0.04375 0.05
9 0.5234375 0.81484375 0.0375 0.09609375
9 0.55859375 0.81796875 0.03046875 0.09609375