7 0.63046875 0.14140625 0.028125 0.01953125
7 0.271875 0.146875 0.02265625 0.01640625
7 0.559375 0.1671875 0.0671875 0.05703125
1 0.2765625 0.1765625 0.0265625 0.04140625
5 0.6390625 0.1875 0.01796875 0.028125
5 0.27421875 0.19140625 0.0140625 0.01953125
7 0.15703125 0.23828125 0.071875 0.06796875
8 0.61875 0.240625 0.08125 0.2390625
1 0.5453125 0.24296875 0.02265625 0.0890625
8 0.2734375 0.25 0.08125 0.2140625
5 0.2546875 0.2765625 0.01015625 0.025
4 0.5046875 0.440625 0.053125 0.09296875
4 0.24609375 0.484375 0.0453125 0.09296875
8 0.5390625 0.484375 0.1640625 0.6375
8 0.2078125 0.559375 0.20625 0.746875