1 0.25703125 0.253125 0.059375 0.08203125
1 0.51953125 0.29609375 0.0359375 0.0890625
8 0.31328125 0.525 0.2625 0.81640625
8 0.540625 0.54609375 0.1390625 0.778125
7 0.23671875 0.140625 0.08125 0.0640625
7 0.5453125 0.2125 0.07421875 0.05859375
5 0.3625 0.528125 0.06953125 0.0640625
5 0.49375 0.5484375 0.03203125 0.0609375
5 0.490625 0.66171875 0.03671875 0.05703125
5 0.41875 0.39609375 0.04140625 0.0359375
3 0.265625 0.21796875 0.0421875 0.059375
9 0.3390625 0.85859375 0.05234375 0.09609375
9 0.32578125 0.78515625 0.071875 0.04609375
9 0.55390625 0.8421875 0.0625 0.07109375
9 0.5421875 0.89375 0.08125 0.0734375