1 0.88359375 0.1609375 0.0171875 0.0359375
1 0.9421875 0.16484375 0.015625 0.0375
1 0.62421875 0.175 0.0265625 0.053125
8 0.878125 0.2125 0.04296875 0.178125
8 0.93828125 0.228125 0.0484375 0.2140625
8 0.5984375 0.33203125 0.10234375 0.48046875
8 0.628125 0.378125 0.16015625 0.53046875
4 0.61875 0.43984375 0.02265625 0.0734375
7 0.6765625 0.14609375 0.04765625 0.0390625
7 0.621875 0.1328125 0.03359375 0.02890625
7 0.94453125 0.1453125 0.0171875 0.009375
7 0.88125 0.13984375 0.01640625 0.0125
5 0.9296875 0.228125 0.0109375 0.0125
5 0.9234375 0.228125 0.01015625 0.021875
9 0.6140625 0.6421875 0.04140625 0.05546875
9 0.64296875 0.63828125 0.03203125 0.059375