1 0.390625 0.17265625 0.025 0.04296875
8 0.38359375 0.2171875 0.0828125 0.1765625
8 0.48515625 0.2421875 0.0609375 0.24609375
1 0.728125 0.25234375 0.04453125 0.0625
8 0.703125 0.47265625 0.1640625 0.63203125
4 0.65625 0.5421875 0.04765625 0.09296875
8 0.7953125 0.62734375 0.23828125 0.74296875
7 0.84375 0.303125 0.09765625 0.0859375
7 0.7234375 0.18671875 0.05703125 0.0515625
7 0.47578125 0.1234375 0.0234375 0.01953125
7 0.3859375 0.1359375 0.02890625 0.01953125
5 0.38125 0.2640625 0.01484375 0.04140625
5 0.4921875 0.2625 0.0125 0.03359375
5 0.47890625 0.1609375 0.0109375 0.021875
2 0.4796875 0.15234375 0.01640625 0.0234375