8 0.88984375 0.25234375 0.115625 0.3625
1 0.5828125 0.26015625 0.0359375 0.1015625
1 0.290625 0.3390625 0.0578125 0.0859375
4 0.39765625 0.3984375 0.053125 0.078125
4 0.415625 0.43203125 0.05390625 0.0890625
8 0.58671875 0.48125 0.128125 0.64609375
4 0.54921875 0.52109375 0.0453125 0.06640625
8 0.33359375 0.5578125 0.1859375 0.64296875
1 0.896875 0.1078125 0.03828125 0.05390625
7 0.59921875 0.190625 0.059375 0.05
7 0.2765625 0.26875 0.06953125 0.059375
7 0.89375 0.06953125 0.03671875 0.025
5 0.87890625 0.090625 0.0125 0.028125
5 0.8859375 0.1890625 0.02265625 0.028125