1 0.6703125 0.16640625 0.03359375 0.08359375
1 0.48046875 0.171875 0.0421875 0.0734375
8 0.6796875 0.0234375 0.03359375 0.046875
8 0.45703125 0.303125 0.1359375 0.4359375
1 0.6109375 0.03125 0.02109375 0.0375
4 0.5046875 0.325 0.0453125 0.0609375
8 0.6734375 0.33046875 0.1015625 0.4390625
4 0.5203125 0.3609375 0.04765625 0.078125
4 0.6484375 0.396875 0.03671875 0.0859375
4 0.65625 0.4671875 0.03828125 0.1015625
8 0.61171875 0.0609375 0.0390625 0.121875
1 0.68359375 0.009375 0.0140625 0.01875
7 0.4578125 0.115625 0.05390625 0.03203125
7 0.6875 0.128125 0.04609375 0.03359375
7 0.609375 0.0140625 0.01171875 0.00546875