1 0.3984375 0.271875 0.03203125 0.08203125
8 0.43125 0.41484375 0.09921875 0.3984375
8 0.7125 0.56484375 0.23671875 0.590625
8 0.3984375 0.58515625 0.15 0.59609375
7 0.60859375 0.31796875 0.0453125 0.08046875
7 0.4 0.228125 0.0390625 0.03046875
7 0.35625 0.33125 0.06171875 0.059375
5 0.71875 0.53125 0.025 0.04609375
5 0.4546875 0.64453125 0.03046875 0.075
5 0.365625 0.6484375 0.0359375 0.0609375
5 0.46640625 0.48828125 0.01875 0.0484375
9 0.709375 0.76640625 0.06484375 0.0734375
9 0.80625 0.80390625 0.0453125 0.1109375
9 0.46484375 0.81953125 0.0375 0.09609375
9 0.421875 0.8234375 0.03203125 0.09140625