8 0.84921875 0.24609375 0.1046875 0.371875
1 0.5265625 0.2734375 0.0234375 0.0890625
1 0.2234375 0.3640625 0.03984375 0.103125
8 0.571875 0.48828125 0.11171875 0.62109375
4 0.5828125 0.58046875 0.03359375 0.0640625
8 0.275 0.6 0.20234375 0.68046875
4 0.303125 0.60625 0.03515625 0.0875
4 0.2859375 0.71171875 0.0421875 0.0984375
1 0.846875 0.12421875 0.03828125 0.06796875
7 0.18828125 0.2984375 0.071875 0.05859375
7 0.55 0.21171875 0.05546875 0.04296875
7 0.853125 0.075 0.034375 0.03046875
5 0.86875 0.28203125 0.034375 0.04453125
9 0.59296875 0.76015625 0.05625 0.0625
9 0.584375 0.73515625 0.0453125 0.04609375