7 0.26875 0.1421875 0.0203125 0.01796875
7 0.63203125 0.14609375 0.0296875 0.01640625
2 0.26953125 0.1703125 0.01875 0.03203125
7 0.4734375 0.1734375 0.0515625 0.0359375
1 0.6234375 0.17890625 0.0328125 0.046875
5 0.640625 0.18046875 0.01640625 0.04140625
7 0.103125 0.203125 0.06640625 0.03359375
5 0.2890625 0.22421875 0.02265625 0.0234375
8 0.2859375 0.234375 0.08125 0.2234375
1 0.4640625 0.23515625 0.0578125 0.0984375
5 0.6015625 0.25078125 0.02109375 0.03203125
1 0.13359375 0.25703125 0.0703125 0.09453125
8 0.59296875 0.2875 0.1328125 0.271875
8 0.4640625 0.45546875 0.13515625 0.59453125
8 0.15 0.4984375 0.19140625 0.678125
4 0.45703125 0.5796875 0.03125 0.084375
4 0.18515625 0.6296875 0.0515625 0.10390625