1 0.7140625 0.16796875 0.02265625 0.0359375
8 0.71875 0.26171875 0.08046875 0.265625
1 0.9390625 0.2765625 0.07109375 0.071875
8 0.3828125 0.2765625 0.07890625 0.275
4 0.9796875 0.50234375 0.040625 0.1015625
4 0.865625 0.50625 0.0640625 0.084375
8 0.903125 0.53046875 0.18984375 0.70546875
7 0.94375 0.20078125 0.06796875 0.0515625
7 0.71875 0.1421875 0.01953125 0.015625
7 0.3734375 0.1625 0.02734375 0.03046875
5 0.396875 0.2359375 0.01640625 0.03046875
5 0.3859375 0.23984375 0.02578125 0.02890625
5 0.728125 0.26328125 0.01015625 0.015625
9 0.82890625 0.771875 0.0359375 0.09140625
9 0.86875 0.82734375 0.04453125 0.1
9 0.7140625 0.36328125 0.01640625 0.05
9 0.70390625 0.3515625 0.01875 0.040625