8 0.41015625 0.3640625 0.0875 0.25
8 0.6140625 0.36953125 0.09765625 0.23359375
8 0.171875 0.66796875 0.27421875 0.6609375
7 0.165625 0.371875 0.0796875 0.06953125
7 0.4109375 0.2453125 0.02421875 0.0234375
7 0.61875 0.27421875 0.0265625 0.0265625
5 0.62265625 0.36171875 0.0203125 0.02109375
2 0.409375 0.2734375 0.0203125 0.03046875
9 0.390625 0.446875 0.03046875 0.05
9 0.425 0.446875 0.02578125 0.0515625
9 0.578125 0.43203125 0.03671875 0.03359375
9 0.60703125 0.47734375 0.0359375 0.03046875
3 0.4109375 0.26953125 0.02265625 0.01953125