1 0.2765625 0.17734375 0.01953125 0.03203125
1 0.6140625 0.19140625 0.0203125 0.0390625
8 0.609375 0.20390625 0.06796875 0.13359375
1 0.66640625 0.26484375 0.0296875 0.05390625
8 0.2890625 0.26875 0.07734375 0.2625
8 0.634375 0.32109375 0.1265625 0.4
4 0.6671875 0.45703125 0.03515625 0.08359375
4 0.6453125 0.4609375 0.02265625 0.05546875
7 0.271875 0.15 0.02421875 0.021875
7 0.6734375 0.2 0.0453125 0.0640625
7 0.61328125 0.15625 0.028125 0.03203125
5 0.2828125 0.2328125 0.01171875 0.02890625
5 0.2953125 0.23671875 0.025 0.02109375
5 0.603125 0.2390625 0.02421875 0.03359375
9 0.31875 0.36875 0.03046875 0.04609375