7 0.315625 0.13984375 0.025 0.02109375
2 0.4171875 0.1625 0.0171875 0.028125
2 0.315625 0.16953125 0.01796875 0.03046875
8 0.296875 0.23359375 0.08203125 0.221875
5 0.40625 0.2484375 0.01484375 0.0140625
5 0.40625 0.25703125 0.01484375 0.028125
8 0.421875 0.2578125 0.09296875 0.2734375
7 0.221875 0.390625 0.10859375 0.1015625
8 0.259375 0.66484375 0.265625 0.66796875
7 0.41875 0.134375 0.02109375 0.01953125
9 0.43359375 0.334375 0.0234375 0.04296875
9 0.4171875 0.35390625 0.025 0.04140625
9 0.34609375 0.359375 0.03046875 0.05390625