2 0.6890625 0.15703125 0.02421875 0.04140625
1 0.6 0.16640625 0.0234375 0.04140625
8 0.68984375 0.240625 0.1109375 0.3109375
8 0.6 0.2484375 0.0734375 0.2859375
7 0.55078125 0.26875 0.0484375 0.02890625
5 0.6046875 0.27109375 0.01171875 0.028125
5 0.60078125 0.271875 0.009375 0.028125
4 0.5328125 0.534375 0.04140625 0.05859375
8 0.51484375 0.53515625 0.16875 0.559375
7 0.690625 0.12734375 0.0265625 0.0265625
7 0.603125 0.134375 0.02421875 0.02109375
9 0.65625 0.3609375 0.028125 0.040625
9 0.684375 0.3765625 0.0234375 0.053125