1 0.3671875 0.28046875 0.02109375 0.04140625
8 0.58828125 0.3171875 0.0703125 0.2125
8 0.3859375 0.365625 0.09765625 0.25
8 0.671875 0.61796875 0.24453125 0.7609375
4 0.58828125 0.88984375 0.040625 0.12890625
7 0.71484375 0.31171875 0.1015625 0.10703125
7 0.59375 0.221875 0.02421875 0.025
7 0.3609375 0.2484375 0.02421875 0.021875
5 0.38828125 0.3421875 0.0171875 0.0234375
2 0.59375 0.25078125 0.02109375 0.02890625
9 0.425 0.428125 0.028125 0.0390625
9 0.5765625 0.44296875 0.0296875 0.05
9 0.6109375 0.4453125 0.02890625 0.04453125