1 0.4 0.178125 0.03359375 0.05859375
8 0.6109375 0.203125 0.0671875 0.240625
8 0.69609375 0.24296875 0.0875 0.2859375
8 0.41484375 0.28984375 0.1875 0.3625
1 0.4828125 0.0296875 0.025 0.0484375
4 0.3234375 0.29765625 0.03671875 0.0625
1 0.440625 0.03046875 0.0203125 0.0359375
4 0.396875 0.32265625 0.05078125 0.0625
8 0.43984375 0.084375 0.046875 0.16796875
1 0.546875 0.009375 0.015625 0.01875
1 0.621875 0.125 0.01953125 0.0390625
1 0.703125 0.13203125 0.03515625 0.06640625
8 0.54140625 0.134375 0.0640625 0.26875
8 0.48671875 0.1359375 0.06875 0.271875
7 0.4046875 0.1140625 0.04140625 0.0359375
7 0.4828125 0.00546875 0.02421875 0.0109375
7 0.43828125 0.00625 0.0203125 0.0125
7 0.7125 0.08671875 0.03671875 0.03203125
7 0.625 0.0921875 0.02578125 0.0265625
5 0.50546875 0.14765625 0.0109375 0.034375
5 0.4390625 0.08125 0.0125 0.01796875
5 0.5234375 0.115625 0.01171875 0.025
9 0.48125 0.26796875 0.02109375 0.03203125
9 0.5 0.26484375 0.015625 0.0390625
9 0.534375 0.26640625 0.01875 0.04296875
9 0.5546875 0.26484375 0.02421875 0.04140625