1 0.29375 0.140625 0.03203125 0.0484375
8 0.5609375 0.1578125 0.05078125 0.315625
8 0.384375 0.20234375 0.06484375 0.25390625
8 0.2953125 0.209375 0.05859375 0.2640625
1 0.5234375 0.028125 0.0171875 0.04140625
1 0.55859375 0.03046875 0.0171875 0.0359375
8 0.4265625 0.659375 0.290625 0.678125
4 0.51640625 0.715625 0.059375 0.13359375
1 0.37734375 0.128125 0.01875 0.0359375
8 0.453125 0.13671875 0.05546875 0.2734375
8 0.5125 0.13828125 0.06484375 0.2765625
7 0.3859375 0.35 0.11796875 0.096875
7 0.2890625 0.08828125 0.03671875 0.034375
7 0.378125 0.0890625 0.02734375 0.028125
7 0.521875 0.00546875 0.02421875 0.0109375
7 0.559375 0.00703125 0.0203125 0.0140625
5 0.4765625 0.1140625 0.01015625 0.025
5 0.49453125 0.1484375 0.0109375 0.0359375
5 0.575 0.09609375 0.01640625 0.021875
5 0.54296875 0.09765625 0.0109375 0.0234375
5 0.41328125 0.1734375 0.0125 0.021875
5 0.4046875 0.184375 0.0125 0.025