1 0.409375 0.15625 0.01796875 0.040625
8 0.4046875 0.24609375 0.06796875 0.246875
8 0.3015625 0.259375 0.05859375 0.2515625
8 0.5140625 0.5 0.11171875 0.678125
4 0.46640625 0.56171875 0.0328125 0.0765625
7 0.5265625 0.19375 0.05546875 0.05703125
7 0.41015625 0.13046875 0.0234375 0.021875
7 0.30390625 0.14453125 0.028125 0.021875
5 0.3546875 0.2875 0.01328125 0.04140625
5 0.4046875 0.27734375 0.01171875 0.02890625
5 0.4140625 0.28671875 0.01015625 0.034375
2 0.3078125 0.178125 0.02265625 0.034375