8 0.10234375 0.20703125 0.0984375 0.371875
8 0.3640625 0.21328125 0.08828125 0.2984375
1 0.321875 0.4578125 0.07578125 0.1875
8 0.365625 0.653125 0.19140625 0.69140625
1 0.084375 0.08203125 0.0359375 0.05859375
1 0.3609375 0.090625 0.02890625 0.046875
7 0.33125 0.34140625 0.10703125 0.0859375
7 0.36171875 0.05859375 0.0265625 0.021875
5 0.4078125 0.96484375 0.03984375 0.06796875
5 0.3875 0.209375 0.02421875 0.03046875
5 0.34765625 0.20859375 0.0203125 0.028125
3 0.3078125 0.45 0.06796875 0.06953125
9 0.1328125 0.36953125 0.025 0.0515625
9 0.153125 0.3625 0.02421875 0.05