1 0.4515625 0.22734375 0.03203125 0.05703125
8 0.284375 0.24921875 0.06484375 0.23203125
8 0.5953125 0.290625 0.13671875 0.29296875
8 0.4609375 0.3125 0.08984375 0.346875
4 0.465625 0.44921875 0.02265625 0.06796875
4 0.4390625 0.4546875 0.02421875 0.07890625
7 0.6296875 0.1578125 0.02734375 0.03203125
7 0.45546875 0.1609375 0.0421875 0.05
7 0.2875 0.14140625 0.02109375 0.021875
5 0.61953125 0.24609375 0.01875 0.03046875
5 0.60546875 0.240625 0.01875 0.03046875
5 0.26953125 0.2578125 0.0125 0.02890625
5 0.2875 0.2109375 0.01484375 0.021875
9 0.5453125 0.409375 0.0265625 0.0515625
9 0.29453125 0.334375 0.02109375 0.04453125
9 0.2734375 0.33828125 0.021875 0.05