1 0.2609375 0.234375 0.04296875 0.07109375
1 0.5578125 0.290625 0.0359375 0.06796875
8 0.265625 0.53125 0.21015625 0.85703125
8 0.5859375 0.571875 0.1546875 0.7625
7 0.2171875 0.14375 0.0875 0.05703125
7 0.590625 0.215625 0.07265625 0.05859375
5 0.2796875 0.73046875 0.04296875 0.071875
5 0.34765625 0.478125 0.0265625 0.04140625
5 0.52421875 0.3640625 0.028125 0.053125
5 0.553125 0.71015625 0.02890625 0.04609375
9 0.334375 0.93125 0.0703125 0.09453125
9 0.3484375 0.828125 0.06796875 0.08359375
9 0.57109375 0.90703125 0.08125 0.071875
9 0.578125 0.834375 0.06875 0.05859375