8 0.52265625 0.14140625 0.0515625 0.2828125
8 0.678125 0.1609375 0.09609375 0.21953125
1 0.5265625 0.0171875 0.02578125 0.034375
8 0.5890625 0.1828125 0.06953125 0.2265625
8 0.2859375 0.29296875 0.16171875 0.428125
4 0.2015625 0.30234375 0.03203125 0.05703125
8 0.60703125 0.04453125 0.0703125 0.0890625
1 0.5765625 0.10625 0.01953125 0.04296875
7 0.2671875 0.128125 0.06171875 0.05546875
7 0.6984375 0.06171875 0.02734375 0.0234375
7 0.578125 0.07734375 0.02265625 0.0234375
5 0.63671875 0.2234375 0.01875 0.04140625
5 0.7046875 0.10625 0.01328125 0.02890625
5 0.528125 0.05390625 0.0203125 0.021875
5 0.5140625 0.08046875 0.02109375 0.021875
2 0.69375 0.09453125 0.0234375 0.04296875
9 0.5046875 0.2765625 0.01796875 0.03359375
9 0.5234375 0.265625 0.021875 0.0375
9 0.5796875 0.29921875 0.01796875 0.053125
9 0.596875 0.3 0.02578125 0.05390625