1 0.3859375 0.15546875 0.03515625 0.04140625
8 0.3890625 0.240625 0.07265625 0.28203125
1 0.6828125 0.25859375 0.0359375 0.05859375
4 0.534375 0.42421875 0.0421875 0.065625
8 0.509375 0.45234375 0.10078125 0.6234375
8 0.68671875 0.49453125 0.1328125 0.6609375
4 0.6609375 0.5859375 0.0359375 0.075
7 0.51171875 0.165625 0.059375 0.05390625
7 0.7125 0.1796875 0.06484375 0.0515625
7 0.7375 0.14296875 0.02421875 0.01953125
7 0.3859375 0.11796875 0.028125 0.021875
5 0.3828125 0.2546875 0.01484375 0.04296875
9 0.66875 0.78515625 0.07109375 0.065625