8 0.13359375 0.21953125 0.1140625 0.3390625
1 0.7453125 0.340625 0.0390625 0.06796875
4 0.6734375 0.5015625 0.04921875 0.09453125
8 0.725 0.55 0.12890625 0.628125
4 0.696875 0.58828125 0.05078125 0.10703125
7 0.7578125 0.271875 0.05390625 0.05390625
7 0.10625 0.06484375 0.03515625 0.02890625
5 0.115625 0.19921875 0.0203125 0.0265625
5 0.13984375 0.19375 0.015625 0.03203125
9 0.1375 0.359375 0.02890625 0.0734375
9 0.1640625 0.31953125 0.0265625 0.07109375
9 0.6890625 0.83046875 0.053125 0.08046875