1 0.4703125 0.19609375 0.02890625 0.08046875
8 0.16796875 0.240625 0.1296875 0.34296875
8 0.4765625 0.3578125 0.09765625 0.52109375
4 0.4734375 0.38125 0.02421875 0.05703125
8 0.4078125 0.57578125 0.1296875 0.72890625
7 0.14921875 0.090625 0.0375 0.03359375
7 0.40625 0.24765625 0.06328125 0.05703125
7 0.4734375 0.13125 0.0421875 0.0375
9 0.39375 0.87890625 0.02578125 0.09453125
9 0.4171875 0.8828125 0.01875 0.0859375
9 0.4609375 0.58984375 0.0234375 0.0734375
9 0.159375 0.3796875 0.03125 0.06796875
9 0.203125 0.353125 0.04921875 0.05
1 0.14765625 0.134375 0.0296875 0.04453125