8 0.54453125 0.14609375 0.05625 0.29140625
1 0.4578125 0.16953125 0.02890625 0.0640625
8 0.609375 0.2171875 0.07578125 0.259375
1 0.4796875 0.02421875 0.02890625 0.034375
8 0.7 0.259375 0.1359375 0.3640625
8 0.48046875 0.2796875 0.1015625 0.3765625
4 0.4609375 0.42109375 0.0296875 0.06640625
8 0.4796875 0.05625 0.0625 0.1125
8 0.60703125 0.06875 0.06875 0.1375
1 0.61171875 0.109375 0.021875 0.0359375
7 0.475 0.096875 0.05234375 0.046875
7 0.4796875 0.0046875 0.02109375 0.009375
7 0.6140625 0.0828125 0.0234375 0.0265625
7 0.71875 0.09296875 0.0328125 0.01953125
5 0.728125 0.1453125 0.0265625 0.0484375
5 0.5234375 0.115625 0.01171875 0.02109375