1 0.428125 0.17578125 0.03515625 0.0484375
1 0.57421875 0.190625 0.028125 0.0765625
8 0.6875 0.021875 0.02734375 0.04296875
8 0.58671875 0.309375 0.1125 0.44140625
8 0.4453125 0.3109375 0.15390625 0.428125
1 0.6046875 0.03515625 0.01171875 0.0234375
4 0.49609375 0.35078125 0.0484375 0.090625
4 0.5578125 0.38671875 0.04453125 0.0734375
8 0.6046875 0.0484375 0.03203125 0.096875
1 0.6859375 0.00859375 0.009375 0.01640625
7 0.41484375 0.1125 0.0515625 0.03359375
7 0.58359375 0.11796875 0.0578125 0.046875
7 0.60390625 0.01640625 0.009375 0.00546875