8 0.75390625 0.26328125 0.09375 0.39296875
1 0.39140625 0.28515625 0.034375 0.05390625
8 0.421875 0.43828125 0.10859375 0.41796875
1 0.0625 0.73125 0.05859375 0.084375
8 0.1453125 0.78515625 0.2890625 0.4265625
7 0.05625 0.62265625 0.1 0.10390625
7 0.4 0.23671875 0.04375 0.0484375
7 0.7625 0.07265625 0.0359375 0.0375
5 0.471875 0.490625 0.01640625 0.05390625
5 0.403125 0.50234375 0.0125 0.0515625
5 0.7296875 0.23125 0.02421875 0.0234375
5 0.2375 0.98359375 0.03984375 0.03046875
9 0.45 0.66796875 0.0265625 0.0609375
9 0.77578125 0.4359375 0.0375 0.046875