1 0.5921875 0.16171875 0.02109375 0.04609375
8 0.6 0.203125 0.059375 0.19140625
1 0.52890625 0.303125 0.0640625 0.09140625
1 0.134375 0.31875 0.04453125 0.07109375
8 0.52890625 0.478125 0.175 0.615625
4 0.23984375 0.4953125 0.0625 0.109375
8 0.17109375 0.55703125 0.2609375 0.753125
4 0.46875 0.60078125 0.02890625 0.0984375
4 0.1296875 0.6953125 0.06875 0.1125
4 0.565625 0.71015625 0.05078125 0.109375
7 0.103125 0.221875 0.090625 0.05703125
7 0.53046875 0.1953125 0.075 0.065625
7 0.5171875 0.12109375 0.0203125 0.01640625
7 0.590625 0.12734375 0.025 0.02109375
2 0.51875 0.14921875 0.01640625 0.0265625