8 0.58984375 0.3640625 0.0875 0.25
8 0.3859375 0.36953125 0.09765625 0.23359375
8 0.828125 0.66796875 0.27421875 0.6609375
7 0.834375 0.371875 0.0796875 0.06953125
7 0.5890625 0.2453125 0.02421875 0.0234375
7 0.38125 0.27421875 0.0265625 0.0265625
5 0.37734375 0.36171875 0.0203125 0.02109375
2 0.590625 0.2734375 0.0203125 0.03046875
9 0.6078125 0.446875 0.02890625 0.04609375
9 0.57578125 0.446875 0.03046875 0.040625
9 0.421875 0.43359375 0.034375 0.03046875
9 0.396875 0.47734375 0.03671875 0.040625
3 0.5890625 0.26953125 0.025 0.0234375