1 0.63125 0.2828125 0.01875 0.04296875
8 0.4125 0.3359375 0.0796875 0.23046875
8 0.6140625 0.3796875 0.1015625 0.2484375
8 0.3109375 0.7046875 0.2484375 0.5875
4 0.4015625 0.95 0.0421875 0.096875
7 0.284375 0.4578125 0.08984375 0.090625
7 0.40546875 0.2296875 0.025 0.0265625
7 0.634375 0.25546875 0.02578125 0.01953125
5 0.61875 0.35625 0.01640625 0.0265625
9 0.421875 0.44375 0.0265625 0.04140625
9 0.571875 0.42265625 0.0328125 0.03046875
9 0.6046875 0.47421875 0.028125 0.046875
9 0.39921875 0.4453125 0.0296875 0.04453125
2 0.40625 0.2625 0.021875 0.028125