8 0.4171875 0.2015625 0.078125 0.321875
8 0.30234375 0.290625 0.1046875 0.434375
1 0.3328125 0.09765625 0.01953125 0.0375
8 0.34296875 0.11015625 0.059375 0.12890625
7 0.271875 0.096875 0.04453125 0.04453125
7 0.33125 0.06328125 0.02265625 0.02890625
7 0.4109375 0.065625 0.0265625 0.03359375
5 0.434375 0.21875 0.02421875 0.03203125
5 0.40859375 0.225 0.0234375 0.03359375
9 0.440625 0.325 0.028125 0.06640625
9 0.40234375 0.3390625 0.0234375 0.05703125
9 0.38359375 0.3375 0.028125 0.0515625
2 0.4109375 0.10703125 0.02421875 0.0390625