1 0.478125 0.16953125 0.02109375 0.0359375
1 0.5796875 0.1859375 0.04765625 0.06953125
1 0.4 0.18671875 0.025 0.04296875
8 0.4890625 0.2484375 0.05546875 0.228125
8 0.396875 0.253125 0.09296875 0.26640625
8 0.56875 0.284375 0.11328125 0.35546875
4 0.6078125 0.42109375 0.02109375 0.06640625
4 0.5328125 0.4265625 0.0265625 0.06953125
7 0.5765625 0.12265625 0.0390625 0.0375
7 0.48203125 0.13671875 0.021875 0.02109375
7 0.39765625 0.14765625 0.025 0.0234375
5 0.4890625 0.23984375 0.0140625 0.02109375
5 0.39375 0.29140625 0.01875 0.021875