1 0.7234375 0.17734375 0.01953125 0.03203125
1 0.3859375 0.19140625 0.0203125 0.0390625
8 0.390625 0.20390625 0.06796875 0.13359375
1 0.33359375 0.26484375 0.0296875 0.05390625
8 0.7109375 0.26875 0.07734375 0.2625
8 0.365625 0.32109375 0.1265625 0.4
4 0.3328125 0.45703125 0.03515625 0.08359375
4 0.3546875 0.4609375 0.02265625 0.05546875
7 0.728125 0.15 0.02421875 0.021875
7 0.3265625 0.2 0.0453125 0.0640625
7 0.38671875 0.15625 0.028125 0.03203125
5 0.7171875 0.2328125 0.01171875 0.02890625
5 0.7046875 0.23671875 0.025 0.02109375
5 0.396875 0.2390625 0.02421875 0.03359375