1 0.5640625 0.16171875 0.0171875 0.034375
8 0.64453125 0.2140625 0.078125 0.153125
8 0.56640625 0.234375 0.090625 0.303125
1 0.684375 0.2703125 0.02890625 0.0484375
8 0.67734375 0.36171875 0.1171875 0.36796875
4 0.671875 0.4640625 0.04375 0.075
4 0.71171875 0.471875 0.04375 0.071875
7 0.68125 0.203125 0.0453125 0.0625
7 0.6578125 0.13671875 0.02421875 0.0234375
7 0.5671875 0.13203125 0.025 0.021875
2 0.6578125 0.16953125 0.02109375 0.028125
5 0.5625 0.22734375 0.0265625 0.01796875
5 0.55703125 0.225 0.021875 0.0140625