1 0.278125 0.1859375 0.01953125 0.04140625
1 0.6125 0.196875 0.02734375 0.028125
1 0.490625 0.225 0.04296875 0.06953125
8 0.2921875 0.26796875 0.08125 0.25
8 0.6046875 0.2796875 0.08984375 0.27890625
8 0.4921875 0.2984375 0.10859375 0.3140625
4 0.51875 0.4140625 0.03359375 0.078125
4 0.434375 0.41640625 0.03671875 0.05859375
7 0.615625 0.16484375 0.02734375 0.02890625
7 0.4921875 0.16171875 0.04609375 0.0515625
7 0.2734375 0.14921875 0.021875 0.0234375
5 0.60859375 0.2453125 0.01875 0.0375
5 0.290625 0.2375 0.01640625 0.01640625
5 0.2796875 0.234375 0.015625 0.02109375
9 0.31875 0.3703125 0.028125 0.04296875