8 0.8640625 0.209375 0.13984375 0.40859375
8 0.7328125 0.26328125 0.10703125 0.484375
4 0.70390625 0.44609375 0.0359375 0.08046875
1 0.865625 0.075 0.02578125 0.05859375
1 0.7125 0.1 0.03359375 0.0640625
7 0.73828125 0.01953125 0.0703125 0.0390625
7 0.8765625 0.021875 0.03828125 0.040625
5 0.88828125 0.234375 0.0234375 0.046875
5 0.84375 0.07578125 0.03828125 0.059375
9 0.959375 0.36015625 0.0390625 0.075
9 0.91875 0.371875 0.04765625 0.065625
9 0.7140625 0.63671875 0.05625 0.0640625
9 0.7 0.59296875 0.0578125 0.0359375