1 0.15 0.18046875 0.03671875 0.05546875
1 0.60546875 0.2125 0.0375 0.0890625
8 0.16875 0.2234375 0.08203125 0.19453125
1 0.0375 0.24375 0.034375 0.065625
8 0.5578125 0.28828125 0.22265625 0.390625
8 0.04375 0.30078125 0.08671875 0.240625
4 0.60234375 0.42421875 0.0421875 0.0734375
4 0.65 0.44609375 0.03359375 0.0609375
7 0.61171875 0.13125 0.05625 0.05703125
7 0.1421875 0.146875 0.03203125 0.03046875
7 0.015625 0.18125 0.03046875 0.04296875
5 0.1875 0.2875 0.01640625 0.0359375
5 0.0109375 0.30078125 0.02109375 0.12109375