1 0.3921875 0.184375 0.040625 0.06640625
1 0.58203125 0.18515625 0.028125 0.07109375
8 0.6828125 0.0203125 0.0328125 0.040625
8 0.3875 0.31796875 0.12578125 0.46640625
8 0.59765625 0.3234375 0.1546875 0.43359375
4 0.4109375 0.3765625 0.03359375 0.08046875
4 0.4421875 0.4125 0.0234375 0.06953125
4 0.5359375 0.415625 0.02421875 0.06640625
4 0.571875 0.42109375 0.028125 0.08046875
8 0.57109375 0.05390625 0.0359375 0.1078125
8 0.60703125 0.05546875 0.046875 0.10546875
1 0.684375 0.01328125 0.01328125 0.0265625
7 0.38125 0.10859375 0.0609375 0.0390625
7 0.59921875 0.128125 0.0515625 0.0390625
7 0.5703125 0.01796875 0.01484375 0.0140625
7 0.603125 0.01875 0.01328125 0.0125