8 0.475 0.14296875 0.08359375 0.171875
1 0.58203125 0.1703125 0.021875 0.0484375
8 0.578125 0.2609375 0.10546875 0.29140625
1 0.0234375 0.31796875 0.046875 0.0671875
4 0.1734375 0.36796875 0.05078125 0.0859375
4 0.10703125 0.36953125 0.046875 0.075
4 0.06953125 0.4546875 0.059375 0.1125
4 0.1390625 0.515625 0.02578125 0.0734375
8 0.25234375 0.5296875 0.275 0.890625
8 0.11484375 0.575 0.2296875 0.8359375
7 0.2078125 0.21953125 0.078125 0.0640625
7 0.48359375 0.07578125 0.0203125 0.01796875
7 0.584375 0.1328125 0.025 0.0234375
5 0.4890625 0.13203125 0.01640625 0.021875
2 0.484375 0.10234375 0.01796875 0.0265625
9 0.28984375 0.84765625 0.06796875 0.0640625
9 0.35703125 0.784375 0.0578125 0.07109375