8 0.1296875 0.23359375 0.1 0.35
1 0.6890625 0.271875 0.03984375 0.065625
8 0.671875 0.4625 0.09765625 0.5359375
4 0.6703125 0.51875 0.034375 0.0875
8 0.54453125 0.61796875 0.1640625 0.71640625
4 0.46328125 0.65078125 0.040625 0.08203125
4 0.5953125 0.771875 0.03828125 0.0875
1 0.13984375 0.1171875 0.034375 0.04296875
7 0.6953125 0.21796875 0.04765625 0.0390625
7 0.59375 0.29296875 0.06484375 0.06640625
7 0.11953125 0.07109375 0.0375 0.021875
5 0.15625 0.115625 0.02578125 0.04140625
5 0.1265625 0.24765625 0.02890625 0.03203125
9 0.55 0.928125 0.0453125 0.0890625
9 0.496875 0.91484375 0.03828125 0.096875