1 0.6015625 0.271875 0.03203125 0.08203125
8 0.56875 0.41484375 0.09921875 0.3984375
8 0.2875 0.56484375 0.23671875 0.590625
8 0.6015625 0.58515625 0.15 0.59609375
7 0.39140625 0.31796875 0.0453125 0.08046875
7 0.6 0.228125 0.0390625 0.03046875
7 0.64375 0.33125 0.06171875 0.059375
5 0.28125 0.53125 0.025 0.04609375
5 0.5453125 0.64453125 0.03046875 0.075
5 0.634375 0.6484375 0.0359375 0.0609375
5 0.53359375 0.48828125 0.01875 0.0484375
9 0.290625 0.76640625 0.06484375 0.0734375
9 0.19375 0.80390625 0.0453125 0.1109375
9 0.53515625 0.81953125 0.0375 0.09609375
9 0.578125 0.8234375 0.03203125 0.09140625