1 0.04453125 0.234375 0.040625 0.07109375
1 0.646875 0.23984375 0.040625 0.05390625
8 0.16796875 0.2640625 0.059375 0.26640625
8 0.63359375 0.32578125 0.1421875 0.3734375
8 0.05546875 0.36171875 0.109375 0.39609375
4 0.67734375 0.44921875 0.025 0.05390625
4 0.6203125 0.459375 0.03671875 0.0875
7 0.6640625 0.1703125 0.05078125 0.065625
7 0.1578125 0.146875 0.02890625 0.028125
7 0.025 0.171875 0.0484375 0.0515625
5 0.0109375 0.2390625 0.02109375 0.075
5 0.184375 0.26953125 0.02109375 0.0359375
2 0.15625 0.18359375 0.01796875 0.0359375