1 0.05390625 0.16640625 0.0234375 0.04140625
1 0.5375 0.1734375 0.03515625 0.075
8 0.078125 0.22421875 0.0765625 0.2125
8 0.5421875 0.33046875 0.13984375 0.46640625
4 0.5453125 0.34921875 0.0484375 0.0734375
4 0.4890625 0.353125 0.02578125 0.06953125
4 0.4265625 0.37578125 0.04375 0.065625
4 0.44296875 0.3953125 0.0484375 0.0765625
8 0.39296875 0.46015625 0.1390625 0.665625
7 0.53984375 0.11796875 0.040625 0.0390625
7 0.3765625 0.165625 0.05703125 0.04609375
7 0.0515625 0.1453125 0.015625 0.009375