1 0.65703125 0.29296875 0.0203125 0.0390625
8 0.41484375 0.340625 0.08125 0.24140625
8 0.63828125 0.3734375 0.0984375 0.24140625
8 0.35234375 0.703125 0.1078125 0.50703125
7 0.36640625 0.48125 0.084375 0.0734375
7 0.4109375 0.228125 0.02421875 0.0265625
7 0.6609375 0.265625 0.02578125 0.025
5 0.659375 0.359375 0.0171875 0.0234375
5 0.63515625 0.33203125 0.015625 0.028125
9 0.6078125 0.4703125 0.02578125 0.046875
9 0.425 0.4453125 0.02890625 0.04140625
9 0.6375 0.45234375 0.02265625 0.05546875
3 0.41171875 0.253125 0.021875 0.021875
1 0.4125 0.25859375 0.01875 0.03203125