1 0.70625 0.140625 0.03203125 0.0484375
8 0.4390625 0.1578125 0.05078125 0.315625
8 0.615625 0.20234375 0.06484375 0.25390625
8 0.7046875 0.209375 0.05859375 0.2640625
1 0.4765625 0.028125 0.0171875 0.04140625
1 0.44140625 0.03046875 0.0171875 0.0359375
8 0.5734375 0.659375 0.290625 0.678125
4 0.48359375 0.715625 0.059375 0.13359375
1 0.62265625 0.128125 0.01875 0.0359375
8 0.546875 0.13671875 0.05546875 0.2734375
8 0.4875 0.13828125 0.06484375 0.2765625
7 0.6140625 0.35 0.11796875 0.096875
7 0.7109375 0.08828125 0.03671875 0.034375
7 0.621875 0.0890625 0.02734375 0.028125
7 0.478125 0.00546875 0.02421875 0.0109375
7 0.440625 0.00703125 0.0203125 0.0140625
5 0.5234375 0.1140625 0.01015625 0.025
5 0.50546875 0.1484375 0.0109375 0.0359375
5 0.425 0.09609375 0.01640625 0.021875
5 0.45703125 0.09765625 0.0109375 0.0234375
5 0.58671875 0.1734375 0.0125 0.021875
5 0.5953125 0.184375 0.0125 0.025