1 0.2859375 0.16796875 0.02265625 0.0359375
8 0.28125 0.26171875 0.08046875 0.265625
1 0.0609375 0.2765625 0.07109375 0.071875
8 0.6171875 0.2765625 0.07890625 0.275
4 0.0203125 0.50234375 0.040625 0.1015625
4 0.134375 0.50625 0.0640625 0.084375
8 0.096875 0.53046875 0.18984375 0.70546875
7 0.05625 0.20078125 0.06796875 0.0515625
7 0.28125 0.1421875 0.01953125 0.015625
7 0.6265625 0.1625 0.02734375 0.03046875
5 0.603125 0.2359375 0.01640625 0.03046875
5 0.6140625 0.23984375 0.02578125 0.02890625
5 0.271875 0.26328125 0.01015625 0.015625
9 0.16953125 0.775 0.0390625 0.1015625