1 0.37265625 0.2875 0.01875 0.05
8 0.5890625 0.3625 0.09296875 0.25859375
8 0.375 0.365625 0.07890625 0.275
8 0.69375 0.665625 0.23515625 0.66640625
7 0.703125 0.37578125 0.08125 0.07890625
7 0.59609375 0.2546875 0.0265625 0.02890625
7 0.375 0.2578125 0.02578125 0.02109375
5 0.3765625 0.3234375 0.0140625 0.028125
5 0.371875 0.36015625 0.01953125 0.01796875
2 0.59765625 0.2796875 0.0203125 0.02109375
9 0.60625 0.44296875 0.028125 0.04609375
9 0.575 0.44609375 0.028125 0.04609375
9 0.38828125 0.471875 0.0234375 0.0359375
9 0.3671875 0.465625 0.021875 0.0515625