1 0.609375 0.17421875 0.025 0.0375
8 0.6109375 0.2234375 0.08828125 0.171875
1 0.28125 0.23828125 0.04296875 0.090625
8 0.5125 0.24375 0.06640625 0.25390625
8 0.30390625 0.4625 0.1703125 0.65546875
4 0.35234375 0.53671875 0.0453125 0.0875
8 0.1953125 0.62421875 0.23203125 0.71796875
7 0.1453125 0.30546875 0.1 0.078125
7 0.2828125 0.18125 0.05234375 0.0375
7 0.5234375 0.12421875 0.02265625 0.02109375
7 0.61171875 0.1390625 0.028125 0.028125
5 0.6203125 0.26328125 0.01640625 0.04296875
5 0.50703125 0.2625 0.0109375 0.03359375
5 0.521875 0.15859375 0.00859375 0.021875
2 0.51953125 0.15 0.015625 0.021875