1 0.2890625 0.184375 0.03984375 0.0625
1 0.615625 0.20234375 0.03515625 0.0734375
8 0.625 0.30546875 0.1 0.428125
8 0.278125 0.3296875 0.1046875 0.43203125
1 0.38984375 0.034375 0.015625 0.0265625
4 0.32109375 0.41328125 0.03125 0.0765625
4 0.63125 0.47890625 0.03515625 0.096875
4 0.26875 0.48671875 0.04609375 0.1125
8 0.3890625 0.0671875 0.03984375 0.0984375
1 0.315625 0.01328125 0.01171875 0.0265625
7 0.6234375 0.128125 0.05078125 0.053125
7 0.26953125 0.125 0.0453125 0.0390625
7 0.39140625 0.0203125 0.0125 0.009375