1 0.7390625 0.234375 0.04296875 0.07109375
1 0.4421875 0.290625 0.0359375 0.06796875
8 0.734375 0.53125 0.21015625 0.85703125
8 0.4140625 0.571875 0.1546875 0.7625
7 0.7828125 0.14375 0.0875 0.05703125
7 0.409375 0.215625 0.07265625 0.05859375
5 0.7203125 0.73046875 0.04296875 0.071875
5 0.65234375 0.478125 0.0265625 0.04140625
5 0.47578125 0.3640625 0.028125 0.053125
5 0.446875 0.71015625 0.02890625 0.04609375
9 0.66171875 0.928125 0.07578125 0.109375
9 0.65078125 0.821875 0.0703125 0.075
9 0.42890625 0.90390625 0.078125 0.07109375