1 0.5203125 0.153125 0.03515625 0.065625
1 0.1546875 0.190625 0.0296875 0.04140625
8 0.5125 0.27109375 0.10078125 0.4140625
8 0.178125 0.27890625 0.09921875 0.30859375
8 0.05625 0.3546875 0.1109375 0.40703125
4 0.49375 0.35703125 0.034375 0.0640625
7 0.5171875 0.0921875 0.04765625 0.05390625
7 0.146875 0.153125 0.034375 0.03359375
7 0.03359375 0.14921875 0.0515625 0.04296875
5 0.0625 0.3546875 0.03359375 0.05390625
5 0.18359375 0.19609375 0.025 0.03359375
2 0.040625 0.203125 0.04140625 0.0609375