8 0.4125 0.34296875 0.0828125 0.24140625
8 0.63125 0.3734375 0.06640625 0.2390625
8 0.1875 0.684375 0.24609375 0.628125
7 0.1515625 0.4203125 0.07421875 0.059375
7 0.4140625 0.22890625 0.025 0.021875
7 0.6328125 0.26796875 0.025 0.025
5 0.63125 0.35703125 0.0171875 0.01953125
5 0.6171875 0.34609375 0.01171875 0.01953125
2 0.41328125 0.25703125 0.021875 0.03359375
9 0.3953125 0.44921875 0.028125 0.053125
9 0.42890625 0.446875 0.0296875 0.046875
9 0.61328125 0.44453125 0.0203125 0.0375
9 0.6140625 0.465625 0.028125 0.04453125
3 0.4140625 0.25078125 0.021875 0.01640625