8 0.47734375 0.14140625 0.0515625 0.2828125
8 0.321875 0.1609375 0.09609375 0.21953125
1 0.4734375 0.0171875 0.02578125 0.034375
8 0.4109375 0.1828125 0.06953125 0.2265625
8 0.7140625 0.29296875 0.16171875 0.428125
4 0.7984375 0.30234375 0.03203125 0.05703125
8 0.39296875 0.04453125 0.0703125 0.0890625
1 0.4234375 0.10625 0.01953125 0.04296875
7 0.7328125 0.128125 0.06171875 0.05546875
7 0.3015625 0.06171875 0.02734375 0.0234375
7 0.421875 0.07734375 0.02265625 0.0234375
5 0.36328125 0.2234375 0.01875 0.04140625
5 0.2953125 0.10625 0.01328125 0.02890625
5 0.471875 0.05390625 0.0203125 0.021875
5 0.4859375 0.08046875 0.02109375 0.021875
9 0.4953125 0.278125 0.0203125 0.04453125
9 0.4734375 0.26328125 0.02421875 0.0359375
9 0.42109375 0.30078125 0.015625 0.05
9 0.4015625 0.3 0.028125 0.05390625