1 0.15390625 0.2015625 0.0328125 0.046875
1 0.4203125 0.20859375 0.0390625 0.06953125
8 0.16484375 0.21484375 0.0765625 0.15390625
8 0.42734375 0.32265625 0.1515625 0.3984375
8 0.0671875 0.36640625 0.10546875 0.378125
4 0.49140625 0.4609375 0.034375 0.0890625
4 0.37578125 0.48359375 0.034375 0.0859375
7 0.4171875 0.14765625 0.04453125 0.0484375
7 0.14765625 0.15859375 0.0359375 0.0390625
7 0.04375 0.1640625 0.053125 0.0359375
5 0.178125 0.2359375 0.0171875 0.0359375
2 0.05859375 0.2140625 0.0453125 0.05859375