1 0.41171875 0.20625 0.040625 0.07109375
1 0.14375 0.23359375 0.03046875 0.053125
8 0.4109375 0.309375 0.109375 0.3984375
8 0.16953125 0.32109375 0.1 0.28359375
8 0.0671875 0.3515625 0.0921875 0.3859375
4 0.4203125 0.45390625 0.040625 0.075
4 0.3875 0.48203125 0.028125 0.08359375
7 0.4109375 0.1453125 0.04609375 0.04296875
7 0.140625 0.1890625 0.03359375 0.03359375
7 0.06875 0.165625 0.05234375 0.04609375
5 0.0875 0.3125 0.034375 0.0359375
5 0.203125 0.31875 0.0234375 0.02890625
2 0.0765625 0.22578125 0.04609375 0.0625