1 0.52421875 0.15703125 0.0203125 0.0390625
1 0.590625 0.1671875 0.02734375 0.0375
5 0.5171875 0.1890625 0.01640625 0.021875
7 0.103125 0.21640625 0.07890625 0.05859375
8 0.521875 0.234375 0.05078125 0.24140625
5 0.6515625 0.2578125 0.02578125 0.0234375
8 0.6046875 0.28203125 0.12421875 0.31640625
1 0.1078125 0.30234375 0.06953125 0.08203125
4 0.153125 0.4890625 0.071875 0.09453125
4 0.2125 0.50234375 0.03046875 0.0875
8 0.15390625 0.5375 0.2765625 0.746875
7 0.52421875 0.1296875 0.01875 0.01796875
7 0.59375 0.13046875 0.02578125 0.021875
9 0.1765625 0.85859375 0.0484375 0.10859375
9 0.2609375 0.79453125 0.0625 0.09296875