7 0.1953125 0.27890625 0.0359375 0.028125
7 0.503125 0.28828125 0.04453125 0.07109375
7 0.059375 0.303125 0.05703125 0.05
1 0.19765625 0.31953125 0.0375 0.06640625
1 0.50078125 0.3453125 0.0421875 0.0734375
2 0.0796875 0.34609375 0.03671875 0.05859375
8 0.20625 0.40546875 0.10703125 0.2640625
8 0.078125 0.41796875 0.13046875 0.29140625
1 0.5015625 0.440625 0.13125 0.384375
4 0.5125 0.484375 0.0421875 0.0875
3 0.50625 0.34921875 0.034375 0.0234375
9 0.2296875 0.553125 0.025 0.059375
3 0.0828125 0.3359375 0.03125 0.028125