8 0.3484375 0.17265625 0.0796875 0.3375
8 0.49375 0.19296875 0.12109375 0.28046875
1 0.353125 0.065625 0.0296875 0.0609375
1 0.4921875 0.1046875 0.034375 0.065625
7 0.4953125 0.059375 0.034375 0.021875
7 0.34296875 0.015625 0.0453125 0.03125
5 0.51796875 0.10859375 0.01875 0.046875
5 0.475 0.103125 0.01875 0.04453125
5 0.3609375 0.321875 0.03046875 0.0375
5 0.3828125 0.27265625 0.01171875 0.0515625
9 0.50234375 0.4734375 0.0265625 0.05859375
9 0.4578125 0.46328125 0.03828125 0.040625
9 0.36171875 0.4953125 0.04453125 0.05546875