1 0.3796875 0.196875 0.0203125 0.0484375
8 0.696875 0.24765625 0.12265625 0.265625
8 0.3921875 0.284375 0.12890625 0.28359375
7 0.37578125 0.16015625 0.025 0.0234375
7 0.7375 0.140625 0.01953125 0.01640625
5 0.3875 0.246875 0.01953125 0.02890625
5 0.3953125 0.246875 0.01953125 0.034375
5 0.7140625 0.2265625 0.01953125 0.0140625
5 0.71015625 0.21796875 0.0125 0.01640625
2 0.73203125 0.16953125 0.015625 0.028125
9 0.4046875 0.396875 0.02421875 0.05703125
9 0.4421875 0.39140625 0.03203125 0.04296875
9 0.6578125 0.2984375 0.03046875 0.04453125
9 0.69296875 0.3421875 0.03359375 0.040625