1 0.6203125 0.196875 0.0203125 0.0484375
8 0.303125 0.24765625 0.12265625 0.265625
8 0.6078125 0.284375 0.12890625 0.28359375
7 0.62421875 0.16015625 0.025 0.0234375
7 0.2625 0.140625 0.01953125 0.01640625
5 0.6125 0.246875 0.01953125 0.02890625
5 0.6046875 0.246875 0.01953125 0.034375
5 0.2859375 0.2265625 0.01953125 0.0140625
5 0.28984375 0.21796875 0.0125 0.01640625
2 0.26796875 0.16953125 0.015625 0.028125
9 0.3421875 0.29765625 0.03203125 0.040625
9 0.30859375 0.33984375 0.03046875 0.03359375