8 0.66640625 0.1734375 0.075 0.20859375
8 0.5703125 0.21953125 0.08203125 0.31640625
8 0.346875 0.29296875 0.17734375 0.45859375
4 0.3671875 0.4734375 0.03046875 0.0609375
1 0.578125 0.1046875 0.0359375 0.0515625
7 0.38671875 0.11015625 0.0609375 0.07109375
7 0.684375 0.0765625 0.028125 0.028125
7 0.575 0.071875 0.02421875 0.021875
5 0.57265625 0.21328125 0.0140625 0.0234375
5 0.6515625 0.2484375 0.015625 0.03046875
9 0.55625 0.33203125 0.02890625 0.053125
9 0.5859375 0.321875 0.02578125 0.04140625