1 0.47578125 0.15703125 0.0203125 0.0390625
1 0.409375 0.1671875 0.02734375 0.0375
5 0.4828125 0.1890625 0.01640625 0.021875
7 0.896875 0.21640625 0.07890625 0.05859375
8 0.478125 0.234375 0.05078125 0.24140625
5 0.3484375 0.2578125 0.02578125 0.0234375
8 0.3953125 0.28203125 0.12421875 0.31640625
1 0.8921875 0.30234375 0.06953125 0.08203125
4 0.846875 0.4890625 0.071875 0.09453125
4 0.7875 0.50234375 0.03046875 0.0875
8 0.84609375 0.5375 0.2765625 0.746875
7 0.47578125 0.1296875 0.01875 0.01796875
7 0.40625 0.13046875 0.02578125 0.021875
9 0.81640625 0.859375 0.0421875 0.10859375
9 0.7375 0.80078125 0.05234375 0.078125
9 0.4796875 0.359375 0.02421875 0.04140625