1 0.6859375 0.159375 0.0390625 0.071875
8 0.85 0.228125 0.13515625 0.43203125
8 0.70625 0.31953125 0.10703125 0.50546875
1 0.55546875 0.446875 0.0625 0.0765625
8 0.621875 0.64609375 0.25390625 0.70546875
1 0.86171875 0.0671875 0.0328125 0.0515625
7 0.5546875 0.33046875 0.09921875 0.078125
7 0.68984375 0.09765625 0.0453125 0.0515625
7 0.87109375 0.025 0.0390625 0.0359375
5 0.56875 0.853125 0.06640625 0.09296875
5 0.7296875 0.3046875 0.02421875 0.0515625
5 0.71015625 0.30859375 0.025 0.05
5 0.84296875 0.07578125 0.0234375 0.03203125