1 0.61796875 0.178125 0.01875 0.04453125
1 0.26796875 0.178125 0.025 0.040625
1 0.47734375 0.240625 0.0390625 0.0734375
8 0.62109375 0.2609375 0.078125 0.29140625
1 0.203125 0.28203125 0.04453125 0.071875
8 0.271875 0.28359375 0.06953125 0.3
8 0.49375 0.4546875 0.1203125 0.60390625
8 0.2109375 0.53671875 0.17109375 0.7375
4 0.47578125 0.58671875 0.0390625 0.1125
4 0.22421875 0.6234375 0.0359375 0.08359375
7 0.1703125 0.19140625 0.06328125 0.0390625
7 0.2640625 0.1453125 0.025 0.0234375
7 0.496875 0.165625 0.06015625 0.04140625
7 0.6265625 0.13984375 0.02421875 0.02890625
5 0.63359375 0.18046875 0.0171875 0.028125
5 0.27421875 0.2828125 0.0109375 0.02890625
5 0.26875 0.2796875 0.01015625 0.0265625
9 0.2578125 0.82578125 0.06328125 0.0734375