1 0.6078125 0.184375 0.040625 0.06640625
1 0.41796875 0.18515625 0.028125 0.07109375
8 0.3171875 0.0203125 0.0328125 0.040625
8 0.6125 0.31796875 0.12578125 0.46640625
8 0.40234375 0.3234375 0.1546875 0.43359375
4 0.5890625 0.3765625 0.03359375 0.08046875
4 0.5578125 0.4125 0.0234375 0.06953125
4 0.4640625 0.415625 0.02421875 0.06640625
4 0.428125 0.42109375 0.028125 0.08046875
8 0.42890625 0.05390625 0.0359375 0.1078125
8 0.39296875 0.05546875 0.046875 0.10546875
1 0.315625 0.01328125 0.01328125 0.0265625
7 0.61875 0.10859375 0.0609375 0.0390625
7 0.40078125 0.128125 0.0515625 0.0390625
7 0.4296875 0.01796875 0.01484375 0.0140625
7 0.396875 0.01875 0.01328125 0.0125