8 0.8890625 0.24296875 0.11875 0.4
1 0.4984375 0.25859375 0.02890625 0.06640625
1 0.253125 0.384375 0.0421875 0.065625
4 0.4828125 0.3890625 0.0390625 0.06953125
8 0.5328125 0.46640625 0.1296875 0.63046875
4 0.33828125 0.54765625 0.0625 0.0625
8 0.28125 0.634375 0.23359375 0.7234375
1 0.890625 0.1140625 0.02734375 0.046875
7 0.896875 0.065625 0.03671875 0.03046875
7 0.5125 0.18359375 0.04921875 0.04140625
7 0.2171875 0.29921875 0.07109375 0.05390625
5 0.86640625 0.10546875 0.0265625 0.03359375
9 0.8734375 0.4046875 0.03125 0.06953125