1 0.71796875 0.16640625 0.01875 0.03046875
1 0.3703125 0.18984375 0.02578125 0.034375
8 0.7296875 0.234375 0.08359375 0.22890625
1 0.5578125 0.24921875 0.03359375 0.040625
8 0.3921875 0.278125 0.1078125 0.309375
8 0.5578125 0.3140625 0.08984375 0.34140625
4 0.534375 0.45390625 0.02890625 0.05859375
4 0.5703125 0.46015625 0.02890625 0.0515625
7 0.36328125 0.14296875 0.0375 0.0359375
7 0.5578125 0.1890625 0.04453125 0.046875
7 0.71875 0.13984375 0.021875 0.02109375
5 0.7359375 0.221875 0.02109375 0.021875
5 0.39296875 0.23515625 0.0171875 0.02890625
5 0.38203125 0.240625 0.021875 0.02890625