8 0.1375 0.20546875 0.10703125 0.3390625
1 0.76875 0.5140625 0.04921875 0.096875
4 0.66796875 0.65859375 0.059375 0.08359375
8 0.740625 0.68984375 0.21171875 0.61796875
4 0.67109375 0.8171875 0.0671875 0.12109375
1 0.1234375 0.084375 0.0296875 0.05
7 0.7953125 0.4234375 0.08671875 0.06953125
7 0.11953125 0.04453125 0.034375 0.028125
5 0.1015625 0.11015625 0.01484375 0.0375
5 0.14140625 0.18984375 0.015625 0.0265625
9 0.140625 0.340625 0.0265625 0.06953125
9 0.16796875 0.31015625 0.0359375 0.0609375