1 0.6015625 0.165625 0.03671875 0.0640625
1 0.384375 0.16953125 0.025 0.0640625
8 0.6046875 0.2921875 0.08984375 0.44296875
8 0.3671875 0.296875 0.075 0.4390625
4 0.5609375 0.39765625 0.03203125 0.0734375
1 0.3921875 0.040625 0.01640625 0.0265625
4 0.5890625 0.44921875 0.0390625 0.09296875
4 0.3484375 0.46015625 0.03046875 0.0734375
8 0.3921875 0.07265625 0.03828125 0.1015625
1 0.31640625 0.01171875 0.0171875 0.0234375
7 0.61875 0.09140625 0.05390625 0.0359375
7 0.3734375 0.10625 0.05 0.04609375
7 0.39140625 0.01875 0.0125 0.009375
7 0.44140625 0.01796875 0.009375 0.00859375