1 0.6296875 0.1828125 0.025 0.0625
8 0.4796875 0.209375 0.06015625 0.2125
1 0.2546875 0.259375 0.04375 0.0890625
1 0.5109375 0.27109375 0.02734375 0.103125
8 0.61484375 0.284375 0.0921875 0.2859375
8 0.5359375 0.459375 0.12421875 0.5234375
8 0.25859375 0.53359375 0.1390625 0.825
4 0.27578125 0.62109375 0.0484375 0.1109375
4 0.51640625 0.64296875 0.053125 0.128125
7 0.2265625 0.190625 0.06015625 0.053125
7 0.5359375 0.209375 0.06484375 0.05859375
7 0.6484375 0.1546875 0.021875 0.0265625
7 0.4953125 0.1078125 0.0203125 0.01796875
5 0.6109375 0.18671875 0.01796875 0.01796875
5 0.64140625 0.18046875 0.0171875 0.0359375