1 0.609375 0.171875 0.021875 0.04140625
8 0.496875 0.19453125 0.05390625 0.303125
8 0.41875 0.19453125 0.07265625 0.26640625
8 0.690625 0.228125 0.07734375 0.20703125
8 0.73359375 0.54921875 0.2671875 0.7875
1 0.50234375 0.07890625 0.015625 0.03359375
1 0.42578125 0.10625 0.01875 0.04296875
7 0.79765625 0.2421875 0.0546875 0.04609375
7 0.69453125 0.13046875 0.0296875 0.01953125
7 0.609375 0.1359375 0.0265625 0.025
7 0.5015625 0.053125 0.01953125 0.0140625
7 0.42265625 0.0703125 0.028125 0.0234375
5 0.4 0.23203125 0.02265625 0.021875
5 0.5109375 0.153125 0.0171875 0.021875
5 0.4859375 0.1375 0.015625 0.01953125
2 0.6921875 0.1640625 0.02421875 0.0359375