8 0.85 0.271875 0.06328125 0.28203125
8 0.725 0.28125 0.10234375 0.315625
8 0.4578125 0.6203125 0.22578125 0.75703125
4 0.38125 0.765625 0.03984375 0.0859375
4 0.546875 0.890625 0.04765625 0.11796875
7 0.4640625 0.2921875 0.0859375 0.090625
7 0.734375 0.1390625 0.02890625 0.028125
7 0.865625 0.153125 0.02734375 0.0265625
5 0.8328125 0.30703125 0.01171875 0.03046875
5 0.8453125 0.31015625 0.021875 0.02109375
5 0.7375 0.18828125 0.01796875 0.02890625
5 0.71328125 0.22890625 0.0140625 0.03359375
2 0.734375 0.171875 0.02421875 0.03359375