2 0.3109375 0.15703125 0.02421875 0.04140625
1 0.4 0.16640625 0.0234375 0.04140625
8 0.31015625 0.240625 0.1109375 0.3109375
8 0.4 0.2484375 0.0734375 0.2859375
7 0.44921875 0.26875 0.0484375 0.02890625
5 0.3953125 0.27109375 0.01171875 0.028125
5 0.39921875 0.271875 0.009375 0.028125
4 0.4671875 0.534375 0.04140625 0.05859375
8 0.48515625 0.53515625 0.16875 0.559375
7 0.309375 0.12734375 0.0265625 0.0265625
7 0.396875 0.134375 0.02421875 0.02109375
9 0.34375 0.3609375 0.028125 0.040625
9 0.315625 0.3765625 0.0234375 0.053125