1 0.68046875 0.1484375 0.03125 0.078125
1 0.465625 0.18984375 0.04453125 0.06796875
1 0.5671875 0.02421875 0.01015625 0.02109375
8 0.68359375 0.02578125 0.0390625 0.0515625
4 0.659375 0.27890625 0.03125 0.0609375
4 0.653125 0.31328125 0.0390625 0.05703125
8 0.45546875 0.321875 0.134375 0.44453125
8 0.6828125 0.33125 0.10546875 0.4875
4 0.5046875 0.36484375 0.0375 0.07890625
4 0.4609375 0.465625 0.03046875 0.09140625
1 0.6859375 0.01328125 0.009375 0.02109375
7 0.45859375 0.121875 0.04375 0.03359375
7 0.6921875 0.08828125 0.0546875 0.040625