1 0.621875 0.1734375 0.021875 0.0359375
8 0.4171875 0.203125 0.065625 0.29609375
8 0.621875 0.21796875 0.07265625 0.15546875
1 0.4921875 0.271875 0.0296875 0.0890625
1 0.125 0.2796875 0.04375 0.09609375
8 0.50625 0.4609375 0.12734375 0.5890625
4 0.4390625 0.47421875 0.05390625 0.05390625
4 0.16875 0.51875 0.05859375 0.07890625
8 0.16875 0.5484375 0.2453125 0.7140625
4 0.1609375 0.590625 0.05859375 0.0859375
7 0.09375 0.21875 0.06953125 0.04296875
7 0.515625 0.19609375 0.06015625 0.05859375
7 0.4078125 0.078125 0.0203125 0.01953125
7 0.6265625 0.13671875 0.0296875 0.02109375
5 0.409375 0.1125 0.01015625 0.021875
5 0.6359375 0.171875 0.01640625 0.0390625
2 0.4078125 0.10546875 0.015625 0.028125
9 0.4234375 0.33046875 0.02265625 0.0375
9 0.409375 0.3234375 0.02109375 0.0390625