1 0.4359375 0.16171875 0.0171875 0.034375
8 0.35546875 0.2140625 0.078125 0.153125
8 0.43359375 0.234375 0.090625 0.303125
1 0.315625 0.2703125 0.02890625 0.0484375
8 0.32265625 0.36171875 0.1171875 0.36796875
4 0.328125 0.4640625 0.04375 0.075
4 0.28828125 0.471875 0.04375 0.071875
7 0.31875 0.203125 0.0453125 0.0625
7 0.3421875 0.13671875 0.02421875 0.0234375
7 0.4328125 0.13203125 0.025 0.021875
2 0.3421875 0.16953125 0.02109375 0.028125
5 0.4375 0.22734375 0.0265625 0.01796875
5 0.44296875 0.225 0.021875 0.0140625