1 0.47265625 0.16171875 0.01875 0.034375
8 0.48984375 0.2046875 0.0671875 0.17109375
8 0.4234375 0.26328125 0.11953125 0.3484375
1 0.740625 0.28828125 0.040625 0.10390625
4 0.796875 0.50078125 0.05390625 0.07890625
8 0.7265625 0.52734375 0.21796875 0.715625
4 0.91171875 0.534375 0.05625 0.109375
4 0.6875 0.6109375 0.04609375 0.1
8 0.89375 0.64609375 0.2125 0.7046875
4 0.8625 0.84921875 0.06640625 0.115625
7 0.7296875 0.2 0.06484375 0.053125
7 0.4734375 0.134375 0.02109375 0.01796875
7 0.4140625 0.11875 0.0265625 0.0234375
5 0.421875 0.11875 0.01796875 0.0265625
5 0.48359375 0.184375 0.015625 0.01953125
9 0.7140625 0.85234375 0.06171875 0.10546875
9 0.65 0.8125 0.046875 0.10390625