1 0.275 0.16640625 0.0203125 0.053125
8 0.290625 0.22734375 0.05703125 0.2015625
1 0.5640625 0.25625 0.03046875 0.090625
1 0.26875 0.2640625 0.03046875 0.078125
8 0.58125 0.484375 0.11015625 0.6109375
8 0.2640625 0.503125 0.15234375 0.68359375
4 0.2828125 0.61015625 0.03984375 0.090625
4 0.56015625 0.6171875 0.03125 0.090625
7 0.2390625 0.18046875 0.05546875 0.046875
7 0.2671875 0.1359375 0.02109375 0.01640625
7 0.590625 0.19375 0.05546875 0.0484375
7 0.6 0.13046875 0.02578125 0.021875
9 0.29921875 0.80546875 0.06953125 0.05859375
9 0.309375 0.76015625 0.05625 0.059375