1 0.58828125 0.20625 0.040625 0.07109375
1 0.85625 0.23359375 0.03046875 0.053125
8 0.5890625 0.309375 0.109375 0.3984375
8 0.83046875 0.32109375 0.1 0.28359375
8 0.9328125 0.3515625 0.0921875 0.3859375
4 0.5796875 0.45390625 0.040625 0.075
4 0.6125 0.48203125 0.028125 0.08359375
7 0.5890625 0.1453125 0.04609375 0.04296875
7 0.859375 0.1890625 0.03359375 0.03359375
7 0.93125 0.165625 0.05234375 0.04609375
5 0.9125 0.3125 0.034375 0.0359375
5 0.796875 0.31875 0.0234375 0.02890625
2 0.9234375 0.22578125 0.04609375 0.0625