1 0.4015625 0.16796875 0.01953125 0.04453125
8 0.4765625 0.22578125 0.05859375 0.20390625
8 0.403125 0.234375 0.09140625 0.20859375
8 0.690625 0.49453125 0.22734375 0.6359375
4 0.7671875 0.559375 0.0421875 0.1
4 0.8828125 0.7671875 0.07890625 0.115625
4 0.86640625 0.9484375 0.071875 0.1
7 0.75 0.215625 0.06875 0.0765625
7 0.47734375 0.13125 0.021875 0.01796875
7 0.4 0.1359375 0.028125 0.01953125
5 0.471875 0.22734375 0.01015625 0.02109375
5 0.4796875 0.16640625 0.01015625 0.025
5 0.3921875 0.13828125 0.01796875 0.02890625
2 0.47890625 0.15625 0.015625 0.02109375