1 0.521875 0.16953125 0.02109375 0.0359375
1 0.4203125 0.1859375 0.04765625 0.06953125
1 0.6 0.18671875 0.025 0.04296875
8 0.5109375 0.2484375 0.05546875 0.228125
8 0.603125 0.253125 0.09296875 0.26640625
8 0.43125 0.284375 0.11328125 0.35546875
4 0.3921875 0.42109375 0.02109375 0.06640625
4 0.4671875 0.4265625 0.0265625 0.06953125
7 0.4234375 0.12265625 0.0390625 0.0375
7 0.51796875 0.13671875 0.021875 0.02109375
7 0.60234375 0.14765625 0.025 0.0234375
5 0.5109375 0.23984375 0.0140625 0.02109375
5 0.60625 0.29140625 0.01875 0.021875