8 0.1078125 0.2328125 0.1765625 0.3625
1 0.484375 0.3109375 0.04453125 0.05859375
1 0.75625 0.3859375 0.04296875 0.1140625
4 0.415625 0.50703125 0.02421875 0.0640625
8 0.4703125 0.5265625 0.146875 0.66953125
4 0.52890625 0.54453125 0.03125 0.103125
8 0.73359375 0.61484375 0.221875 0.7015625
4 0.6546875 0.67109375 0.03515625 0.08046875
1 0.084375 0.10703125 0.02890625 0.0609375
7 0.80390625 0.3078125 0.078125 0.065625
7 0.48671875 0.240625 0.05625 0.07890625
7 0.075 0.07265625 0.03203125 0.03203125