1 0.8796875 0.15390625 0.01796875 0.03046875
8 0.8765625 0.1640625 0.0375 0.0859375
1 0.425 0.17265625 0.0421875 0.06796875
8 0.92890625 0.22421875 0.0609375 0.190625
4 0.42265625 0.278125 0.0296875 0.078125
4 0.453125 0.28046875 0.02421875 0.0640625
8 0.42578125 0.309375 0.10625 0.40859375
4 0.52734375 0.321875 0.0328125 0.0765625
4 0.521875 0.39296875 0.03046875 0.05
8 0.553125 0.396875 0.11015625 0.4734375
7 0.41875 0.11015625 0.04375 0.03203125
7 0.575 0.18359375 0.04921875 0.0359375
7 0.9421875 0.14765625 0.01953125 0.015625
7 0.88125 0.1296875 0.01875 0.0125