1 0.4796875 0.153125 0.03515625 0.065625
1 0.8453125 0.190625 0.0296875 0.04140625
8 0.4875 0.27109375 0.10078125 0.4140625
8 0.821875 0.27890625 0.09921875 0.30859375
8 0.94375 0.3546875 0.1109375 0.40703125
4 0.50625 0.35703125 0.034375 0.0640625
7 0.4828125 0.0921875 0.04765625 0.05390625
7 0.853125 0.153125 0.034375 0.03359375
7 0.96640625 0.14921875 0.0515625 0.04296875
5 0.9375 0.3546875 0.03359375 0.05390625
5 0.81640625 0.19609375 0.025 0.03359375
2 0.959375 0.203125 0.04140625 0.0609375