1 0.4765625 0.15859375 0.02578125 0.053125
1 0.40703125 0.184375 0.0234375 0.05703125
8 0.4828125 0.221875 0.06171875 0.215625
8 0.3859375 0.22421875 0.09609375 0.1875
1 0.571875 0.28359375 0.04609375 0.10859375
1 0.8453125 0.303125 0.05703125 0.09609375
8 0.54375 0.528125 0.1328125 0.725
8 0.8234375 0.534375 0.1890625 0.715625
4 0.5859375 0.54609375 0.028125 0.08046875
4 0.5375 0.65234375 0.05234375 0.1265625
4 0.8328125 0.68359375 0.06328125 0.1109375
7 0.87421875 0.215625 0.090625 0.075
7 0.5578125 0.19375 0.07265625 0.065625
7 0.4734375 0.12890625 0.02421875 0.01953125
7 0.4046875 0.140625 0.02734375 0.0234375
5 0.34375 0.25625 0.02734375 0.03203125
5 0.4859375 0.1890625 0.01640625 0.01953125
9 0.77265625 0.865625 0.07265625 0.06953125
9 0.7640625 0.80625 0.0625 0.05390625