8 0.15546875 0.228125 0.1515625 0.33046875
1 0.5015625 0.31875 0.03984375 0.0765625
1 0.725 0.3890625 0.0421875 0.09140625
4 0.6 0.50625 0.04765625 0.07109375
4 0.61640625 0.5390625 0.046875 0.078125
8 0.5234375 0.5625 0.22890625 0.653125
8 0.71328125 0.60234375 0.2375 0.70390625
1 0.134375 0.11328125 0.04296875 0.0484375
7 0.753125 0.30625 0.07734375 0.06796875
7 0.478125 0.2421875 0.05859375 0.040625
7 0.12578125 0.06640625 0.0359375 0.028125
5 0.2140625 0.20546875 0.02578125 0.05546875
5 0.109375 0.26015625 0.03515625 0.0625
9 0.4171875 0.76640625 0.04140625 0.0890625
9 0.5078125 0.79765625 0.06171875 0.08359375
9 0.1203125 0.42109375 0.03125 0.06953125
9 0.1671875 0.3703125 0.0453125 0.0609375