8 0.51875 0.16015625 0.05234375 0.215625
1 0.8109375 0.253125 0.04140625 0.0875
8 0.403125 0.271875 0.07890625 0.3109375
8 0.4890625 0.4796875 0.18203125 0.67890625
8 0.809375 0.503125 0.14375 0.7234375
4 0.7765625 0.5921875 0.04296875 0.09296875
7 0.8359375 0.16171875 0.0734375 0.0484375
7 0.5140625 0.07421875 0.01953125 0.015625
7 0.490625 0.1625 0.04765625 0.05
7 0.409375 0.1296875 0.02734375 0.02109375
5 0.4234375 0.16953125 0.01484375 0.03046875
5 0.5125 0.1328125 0.01640625 0.0265625
5 0.52421875 0.16875 0.0125 0.02109375
2 0.515625 0.1015625 0.01640625 0.028125
9 0.45 0.71484375 0.02734375 0.05390625
9 0.4859375 0.71484375 0.03125 0.05703125