1 0.4875 0.17109375 0.0234375 0.04453125
8 0.48046875 0.2375 0.0875 0.296875
8 0.8375 0.24375 0.11796875 0.34609375
8 0.53203125 0.475 0.14375 0.64453125
4 0.478125 0.51875 0.025 0.0734375
4 0.5828125 0.52734375 0.01796875 0.08203125
1 0.85 0.125 0.03125 0.046875
7 0.8375 0.0890625 0.03359375 0.03046875
7 0.51875 0.20078125 0.05234375 0.04296875
7 0.484375 0.128125 0.03359375 0.03359375
5 0.8234375 0.11328125 0.0109375 0.034375
9 0.840625 0.3734375 0.0359375 0.0640625
9 0.56953125 0.765625 0.03125 0.06640625
9 0.53125 0.771875 0.03046875 0.0625