8 0.871875 0.24453125 0.09453125 0.371875
1 0.2734375 0.284375 0.03203125 0.05546875
4 0.36640625 0.39609375 0.0359375 0.05546875
4 0.28671875 0.459375 0.0453125 0.084375
8 0.3 0.46171875 0.14921875 0.5375
4 0.325 0.49609375 0.034375 0.0609375
8 0.434375 0.578125 0.14609375 0.69140625
1 0.84375 0.125 0.02890625 0.05546875
7 0.40625 0.26953125 0.06953125 0.0609375
7 0.2609375 0.228125 0.05078125 0.034375
7 0.8484375 0.07421875 0.0328125 0.034375
5 0.87109375 0.2546875 0.028125 0.0375
5 0.8234375 0.121875 0.021875 0.03203125
9 0.46328125 0.88046875 0.053125 0.084375
9 0.48515625 0.8515625 0.0453125 0.06640625
9 0.878125 0.378125 0.04375 0.06796875