1 0.5765625 0.259375 0.03984375 0.09140625
8 0.8703125 0.27734375 0.09765625 0.40703125
1 0.29375 0.37109375 0.03828125 0.0890625
8 0.5953125 0.46875 0.1 0.62109375
4 0.575 0.503125 0.02265625 0.06953125
4 0.3640625 0.5359375 0.05078125 0.071875
4 0.6046875 0.571875 0.03125 0.078125
4 0.3640625 0.58515625 0.06015625 0.0625
8 0.3203125 0.625 0.14765625 0.628125
1 0.85625 0.13125 0.03359375 0.0484375
7 0.265625 0.2921875 0.06328125 0.0515625
7 0.5953125 0.18671875 0.0609375 0.05390625
7 0.86328125 0.08359375 0.0375 0.028125
5 0.8671875 0.29375 0.02890625 0.05703125
9 0.6140625 0.7359375 0.05390625 0.0609375
9 0.60625 0.71015625 0.03984375 0.06953125