1 0.47578125 0.165625 0.025 0.0359375
8 0.384375 0.23984375 0.109375 0.2265625
8 0.4796875 0.246875 0.05078125 0.2609375
1 0.565625 0.28671875 0.04921875 0.08203125
1 0.8421875 0.29296875 0.04140625 0.1
8 0.53515625 0.5328125 0.0984375 0.77109375
8 0.8375 0.553125 0.18515625 0.73203125
4 0.5625 0.621875 0.0484375 0.0984375
4 0.81328125 0.659375 0.059375 0.090625
7 0.875 0.215625 0.08203125 0.0515625
7 0.5546875 0.1875 0.0640625 0.06640625
7 0.475 0.1296875 0.02109375 0.02109375
7 0.4140625 0.1375 0.0265625 0.025
5 0.34375 0.259375 0.02421875 0.03203125
5 0.484375 0.1890625 0.01484375 0.021875
9 0.7703125 0.85625 0.075 0.07109375
9 0.7609375 0.8 0.05 0.05390625