1 0.475 0.165625 0.02421875 0.046875
1 0.390625 0.1859375 0.01875 0.05
8 0.4703125 0.23203125 0.05390625 0.246875
8 0.37734375 0.2890625 0.0984375 0.296875
1 0.84765625 0.3 0.059375 0.103125
4 0.8703125 0.44453125 0.0625 0.128125
8 0.8234375 0.5578125 0.2015625 0.69609375
8 0.7296875 0.60703125 0.23046875 0.771875
4 0.8078125 0.671875 0.0609375 0.10703125
7 0.859375 0.2140625 0.06015625 0.0390625
7 0.734375 0.253125 0.09296875 0.08203125
7 0.38984375 0.146875 0.0296875 0.021875
7 0.4734375 0.1296875 0.02421875 0.02109375
5 0.371875 0.27265625 0.0171875 0.04296875
5 0.4875 0.278125 0.01171875 0.03359375
5 0.48828125 0.22265625 0.0140625 0.02109375
9 0.496875 0.35234375 0.0234375 0.04296875
9 0.465625 0.35859375 0.02890625 0.040625