8 0.853125 0.26953125 0.0796875 0.41640625
1 0.503125 0.29375 0.04453125 0.09296875
1 0.2796875 0.359375 0.06328125 0.08359375
4 0.39375 0.4734375 0.046875 0.06640625
4 0.5 0.53046875 0.0359375 0.075
8 0.52890625 0.540625 0.1234375 0.6875
8 0.31875 0.596875 0.1875 0.6875
4 0.53984375 0.603125 0.0390625 0.09453125
4 0.33125 0.70234375 0.05 0.09296875
1 0.8453125 0.1359375 0.0328125 0.053125
7 0.25234375 0.28359375 0.0625 0.046875
7 0.5234375 0.22109375 0.0546875 0.04140625
7 0.853125 0.07734375 0.034375 0.03203125
5 0.871875 0.278125 0.02734375 0.03359375
9 0.56875 0.7421875 0.053125 0.06796875
9 0.49609375 0.790625 0.06328125 0.078125
9 0.86640625 0.42421875 0.03671875 0.065625