1 0.5234375 0.15703125 0.02109375 0.03359375
8 0.5984375 0.24296875 0.06796875 0.24453125
8 0.5140625 0.25 0.0484375 0.25859375
8 0.34375 0.4703125 0.1484375 0.63203125
4 0.3078125 0.521875 0.0265625 0.07890625
8 0.125 0.60546875 0.24921875 0.7859375
7 0.0296875 0.34375 0.05625 0.19296875
7 0.30234375 0.18125 0.0484375 0.0484375
7 0.59375 0.13046875 0.03046875 0.01953125
7 0.525 0.13203125 0.02265625 0.01953125
5 0.5203125 0.2671875 0.0125 0.02890625
5 0.5171875 0.2078125 0.0125 0.0265625
9 0.36328125 0.7515625 0.06640625 0.0625