1 0.3734375 0.184375 0.02734375 0.053125
8 0.7 0.23984375 0.1125 0.24609375
1 0.55546875 0.253125 0.0390625 0.08359375
1 0.85546875 0.2765625 0.0484375 0.08359375
8 0.375 0.28125 0.07578125 0.2734375
8 0.525 0.45078125 0.12421875 0.62109375
4 0.5703125 0.48046875 0.03359375 0.05546875
8 0.8375 0.51875 0.17109375 0.6875
4 0.5515625 0.5609375 0.03515625 0.08359375
4 0.81953125 0.61484375 0.046875 0.0765625
7 0.8875 0.20234375 0.06875 0.04609375
7 0.7359375 0.14140625 0.02578125 0.025
7 0.5359375 0.18203125 0.06640625 0.046875
7 0.36875 0.14609375 0.02734375 0.021875
5 0.709375 0.22578125 0.0234375 0.02890625
5 0.3609375 0.18984375 0.01640625 0.0265625
2 0.7328125 0.1703125 0.01484375 0.0265625
9 0.790625 0.82890625 0.06484375 0.0640625