1 0.478125 0.1515625 0.02109375 0.03046875
1 0.4078125 0.178125 0.0171875 0.03046875
8 0.3828125 0.24453125 0.10703125 0.228125
8 0.48125 0.2515625 0.05703125 0.24453125
1 0.584375 0.2734375 0.0328125 0.0640625
1 0.80859375 0.2765625 0.0359375 0.06953125
4 0.725 0.328125 0.03515625 0.09453125
4 0.6078125 0.353125 0.0390625 0.07109375
4 0.6421875 0.359375 0.03984375 0.09453125
4 0.78671875 0.39453125 0.0453125 0.09453125
8 0.809375 0.5046875 0.1875 0.6765625
8 0.5421875 0.5234375 0.21171875 0.75859375
7 0.840625 0.2078125 0.08046875 0.06796875
7 0.5640625 0.190625 0.07421875 0.07109375
7 0.475 0.13125 0.01953125 0.02109375
7 0.40625 0.13984375 0.02734375 0.0265625
5 0.34375 0.26015625 0.02734375 0.02890625
5 0.4875 0.18984375 0.015625 0.02109375
9 0.7125 0.83515625 0.065625 0.0640625
9 0.7890625 0.77109375 0.0671875 0.0640625