8 0.90625 0.24453125 0.11796875 0.4109375
1 0.1765625 0.41640625 0.028125 0.06953125
8 0.5578125 0.5515625 0.13984375 0.73046875
4 0.60078125 0.58125 0.0234375 0.08203125
8 0.2046875 0.62578125 0.20703125 0.6125
1 0.9171875 0.1078125 0.0328125 0.04609375
7 0.1421875 0.359375 0.0671875 0.06640625
7 0.528125 0.23203125 0.06171875 0.053125
7 0.9234375 0.05625 0.03515625 0.0265625
5 0.875 0.22890625 0.02421875 0.03359375
5 0.90390625 0.221875 0.028125 0.0359375
9 0.28125 0.9 0.06328125 0.06796875
9 0.27890625 0.8453125 0.05625 0.0515625
5 0.2421875 0.56015625 0.0390625 0.05859375