1 0.390625 0.16875 0.0328125 0.0484375
8 0.3796875 0.2140625 0.07578125 0.2140625
1 0.4890625 0.26953125 0.0265625 0.08359375
1 0.7328125 0.27421875 0.04609375 0.08203125
4 0.56953125 0.40859375 0.0453125 0.053125
4 0.628125 0.44140625 0.03515625 0.09140625
4 0.58984375 0.44375 0.04375 0.0625
8 0.51796875 0.5125 0.178125 0.725
8 0.7140625 0.51484375 0.2015625 0.7265625
7 0.7703125 0.19765625 0.06640625 0.05703125
7 0.47265625 0.190625 0.059375 0.0625
7 0.38828125 0.128125 0.034375 0.0265625
7 0.47265625 0.1375 0.028125 0.0390625
5 0.375 0.26328125 0.01953125 0.04609375
5 0.396875 0.18828125 0.02109375 0.02890625
9 0.7140625 0.82890625 0.075 0.0640625
9 0.703125 0.784375 0.065625 0.04453125