1 0.7265625 0.16171875 0.02578125 0.0515625
1 0.41015625 0.16796875 0.025 0.053125
8 0.7140625 0.24296875 0.06171875 0.253125
8 0.3921875 0.28359375 0.07734375 0.303125
4 0.56640625 0.39375 0.0359375 0.0734375
8 0.53125 0.46015625 0.146875 0.60703125
4 0.540625 0.509375 0.03359375 0.08203125
8 0.71015625 0.51484375 0.1640625 0.67890625
4 0.66953125 0.5859375 0.0421875 0.075
7 0.75390625 0.20703125 0.05625 0.05
7 0.5625 0.17734375 0.053125 0.0375
7 0.7296875 0.1375 0.02421875 0.021875
7 0.4109375 0.13359375 0.02421875 0.01953125
5 0.715625 0.22578125 0.0125 0.015625