8 0.30703125 0.253125 0.1015625 0.228125
1 0.4953125 0.25546875 0.0421875 0.08046875
8 0.62265625 0.26953125 0.08125 0.26953125
1 0.2484375 0.28046875 0.040625 0.0890625
8 0.5203125 0.44375 0.09609375 0.6265625
8 0.2359375 0.51796875 0.16328125 0.70546875
4 0.5 0.6046875 0.02734375 0.07109375
4 0.26484375 0.62578125 0.0359375 0.084375
7 0.2125 0.19140625 0.06796875 0.05546875
7 0.275 0.15078125 0.028125 0.0265625
7 0.52265625 0.153125 0.0671875 0.05390625
7 0.63125 0.16484375 0.0265625 0.0234375
5 0.634375 0.18203125 0.01640625 0.0359375
5 0.2890625 0.22890625 0.02265625 0.01953125
9 0.2859375 0.8265625 0.08046875 0.059375
9 0.2953125 0.78125 0.0625 0.05390625