1 0.3796875 0.2 0.02421875 0.05
8 0.703125 0.2359375 0.1125 0.221875
1 0.80078125 0.25625 0.040625 0.07109375
8 0.384375 0.26796875 0.09453125 0.246875
4 0.56953125 0.41171875 0.0421875 0.0625
8 0.5203125 0.45 0.1234375 0.625
4 0.54921875 0.47109375 0.028125 0.06953125
8 0.803125 0.490625 0.17578125 0.65390625
4 0.778125 0.596875 0.046875 0.0859375
7 0.828125 0.18046875 0.06328125 0.04453125
7 0.5296875 0.16875 0.05546875 0.05390625
7 0.7359375 0.14140625 0.0234375 0.021875
7 0.3765625 0.1625 0.02734375 0.025
5 0.7140625 0.228125 0.02265625 0.01640625
2 0.734375 0.1703125 0.01875 0.02890625
9 0.7453125 0.76875 0.0640625 0.05859375
9 0.6578125 0.29921875 0.0328125 0.04296875
9 0.69375 0.3359375 0.03203125 0.04296875