8 0.69296875 0.253125 0.1015625 0.228125
1 0.5046875 0.25546875 0.0421875 0.08046875
8 0.37734375 0.26953125 0.08125 0.26953125
1 0.7515625 0.28046875 0.040625 0.0890625
8 0.4796875 0.44375 0.09609375 0.6265625
8 0.7640625 0.51796875 0.16328125 0.70546875
4 0.5 0.6046875 0.02734375 0.07109375
4 0.73515625 0.62578125 0.0359375 0.084375
7 0.7875 0.19140625 0.06796875 0.05546875
7 0.725 0.15078125 0.028125 0.0265625
7 0.47734375 0.153125 0.0671875 0.05390625
7 0.36875 0.16484375 0.0265625 0.0234375
5 0.365625 0.18203125 0.01640625 0.0359375
5 0.7109375 0.22890625 0.02265625 0.01953125
9 0.7140625 0.8265625 0.08046875 0.059375
9 0.7046875 0.78125 0.0625 0.05390625