1 0.50703125 0.1734375 0.0390625 0.09140625
8 0.1640625 0.228125 0.1265625 0.303125
8 0.5125 0.25 0.07578125 0.26953125
8 0.4640625 0.55390625 0.1375 0.696875
4 0.40078125 0.59609375 0.0296875 0.08359375
4 0.5171875 0.63046875 0.03671875 0.08046875
1 0.14765625 0.13359375 0.0359375 0.06640625
7 0.475 0.22890625 0.05859375 0.05546875
7 0.5078125 0.1328125 0.03828125 0.02890625
7 0.1484375 0.0859375 0.03515625 0.028125
9 0.1546875 0.37734375 0.03671875 0.06953125
9 0.42578125 0.82890625 0.0296875 0.08203125
9 0.459375 0.84453125 0.03203125 0.06796875