1 0.3921875 0.16484375 0.03203125 0.04609375
8 0.384375 0.21015625 0.0671875 0.1875
8 0.478125 0.2265625 0.06015625 0.253125
4 0.76875 0.33203125 0.05078125 0.09453125
4 0.79453125 0.35859375 0.0421875 0.13359375
1 0.96484375 0.525 0.0515625 0.196875
8 0.7265625 0.52578125 0.22421875 0.65390625
4 0.89296875 0.5609375 0.075 0.153125
8 0.9234375 0.68515625 0.153125 0.6265625
4 0.8953125 0.69921875 0.08359375 0.17109375
7 0.7640625 0.21328125 0.059375 0.0515625
7 0.471875 0.134375 0.02109375 0.01640625
7 0.390625 0.12578125 0.03203125 0.0265625
5 0.37421875 0.1703125 0.0171875 0.0265625
5 0.4703125 0.165625 0.00859375 0.0234375
2 0.471875 0.15546875 0.01328125 0.021875