1 0.3859375 0.190625 0.021875 0.05546875
1 0.7375 0.2484375 0.0265625 0.075
1 0.51328125 0.26640625 0.025 0.078125
8 0.38359375 0.271875 0.09375 0.2890625
4 0.571875 0.4125 0.04609375 0.06953125
4 0.615625 0.41328125 0.03515625 0.065625
8 0.5359375 0.43515625 0.20078125 0.66796875
4 0.5875 0.44140625 0.03671875 0.08046875
8 0.7109375 0.47734375 0.21484375 0.7125
4 0.77734375 0.56953125 0.040625 0.1109375
8 0.515625 0.10390625 0.05234375 0.096875
7 0.759375 0.16484375 0.06640625 0.0515625
7 0.5046875 0.16640625 0.071875 0.053125
7 0.51640625 0.0765625 0.0203125 0.021875
7 0.3796875 0.1453125 0.02890625 0.0265625
5 0.5140625 0.1140625 0.01484375 0.01953125
5 0.39921875 0.2234375 0.0265625 0.03359375
5 0.365625 0.184375 0.01640625 0.021875
2 0.5171875 0.10078125 0.01796875 0.0234375