8 0.8515625 0.23046875 0.15390625 0.29453125
1 0.53125 0.2359375 0.03359375 0.053125
8 0.5171875 0.51640625 0.12890625 0.6609375
1 0.85546875 0.13671875 0.034375 0.04609375
7 0.490625 0.215625 0.053125 0.0515625
7 0.52890625 0.16953125 0.0453125 0.04140625
7 0.853125 0.0921875 0.03515625 0.02890625
9 0.565625 0.6359375 0.0296875 0.078125
9 0.56171875 0.77265625 0.0296875 0.078125
9 0.51796875 0.8 0.03203125 0.071875
9 0.840625 0.37890625 0.0296875 0.06953125
9 0.7953125 0.3515625 0.04453125 0.0640625