7 0.6390625 0.16796875 0.02734375 0.0390625
5 0.64453125 0.18671875 0.0140625 0.04609375
7 0.271875 0.19921875 0.05625 0.0375
7 0.09375 0.2140625 0.06328125 0.0640625
1 0.2484375 0.259375 0.03203125 0.075
1 0.1203125 0.278125 0.05703125 0.103125
8 0.603125 0.28203125 0.13515625 0.2859375
4 0.1484375 0.34453125 0.0421875 0.0859375
8 0.3109375 0.503125 0.17421875 0.66796875
8 0.13984375 0.509375 0.2234375 0.675
4 0.215625 0.53515625 0.04609375 0.0875
4 0.303125 0.590625 0.04296875 0.078125
4 0.1828125 0.621875 0.059375 0.115625
5 0.6421875 0.175 0.01796875 0.0359375
7 0.2671875 0.1453125 0.0203125 0.0265625
9 0.321875 0.76640625 0.059375 0.0640625