8 0.86953125 0.2078125 0.1234375 0.3265625
1 0.534375 0.24609375 0.04609375 0.0609375
8 0.5546875 0.43828125 0.09921875 0.60703125
4 0.51875 0.46640625 0.02265625 0.071875
4 0.565625 0.5171875 0.03203125 0.0765625
8 0.4125 0.61796875 0.17578125 0.70859375
4 0.4828125 0.728125 0.03046875 0.09453125
1 0.8796875 0.121875 0.03359375 0.0484375
7 0.3890625 0.30625 0.0734375 0.05703125
7 0.53984375 0.171875 0.0578125 0.046875
7 0.8875 0.0640625 0.040625 0.0359375
5 0.84609375 0.10859375 0.0234375 0.021875
9 0.5671875 0.6875 0.046875 0.075
9 0.5453125 0.68046875 0.04453125 0.06796875