8 0.13046875 0.2078125 0.1234375 0.3265625
1 0.465625 0.24609375 0.04609375 0.0609375
8 0.4453125 0.43828125 0.09921875 0.60703125
4 0.48125 0.46640625 0.02265625 0.071875
4 0.434375 0.5171875 0.03203125 0.0765625
8 0.5875 0.61796875 0.17578125 0.70859375
4 0.5171875 0.728125 0.03046875 0.09453125
1 0.1203125 0.121875 0.03359375 0.0484375
7 0.6109375 0.30625 0.0734375 0.05703125
7 0.46015625 0.171875 0.0578125 0.046875
7 0.1125 0.0640625 0.040625 0.0359375
5 0.15390625 0.10859375 0.0234375 0.021875
9 0.4328125 0.68515625 0.046875 0.078125
9 0.45390625 0.6734375 0.0484375 0.071875