7 0.3609375 0.16796875 0.02734375 0.0390625
5 0.35546875 0.18671875 0.0140625 0.04609375
7 0.728125 0.19921875 0.05625 0.0375
7 0.90625 0.2140625 0.06328125 0.0640625
1 0.7515625 0.259375 0.03203125 0.075
1 0.8796875 0.278125 0.05703125 0.103125
8 0.396875 0.28203125 0.13515625 0.2859375
4 0.8515625 0.34453125 0.0421875 0.0859375
8 0.6890625 0.503125 0.17421875 0.66796875
8 0.86015625 0.509375 0.2234375 0.675
4 0.784375 0.53515625 0.04609375 0.0875
4 0.696875 0.590625 0.04296875 0.078125
4 0.8171875 0.621875 0.059375 0.115625
5 0.3578125 0.175 0.01796875 0.0359375
7 0.7328125 0.1453125 0.0203125 0.0265625
9 0.6765625 0.76875 0.0640625 0.07109375
9 0.6609375 0.30078125 0.0296875 0.05859375