1 0.3734375 0.19921875 0.02578125 0.05390625
8 0.703125 0.2390625 0.115625 0.253125
8 0.40625 0.26796875 0.13046875 0.296875
8 0.5296875 0.46171875 0.11953125 0.60703125
4 0.909375 0.5109375 0.06640625 0.06640625
4 0.540625 0.5578125 0.05 0.08203125
8 0.9125 0.63984375 0.175 0.71796875
7 0.72890625 0.1453125 0.0234375 0.02890625
7 0.528125 0.1734375 0.0609375 0.04453125
7 0.35625 0.1625 0.03203125 0.0359375
5 0.8953125 0.53515625 0.03515625 0.059375
5 0.3546875 0.17890625 0.01640625 0.03359375
5 0.7203125 0.2078125 0.00859375 0.01796875
5 0.703125 0.225 0.0171875 0.0140625
9 0.85390625 0.903125 0.0609375 0.1265625