1 0.44375 0.259375 0.0484375 0.10546875
8 0.1546875 0.2625 0.1203125 0.39140625
1 0.7765625 0.3640625 0.04921875 0.11953125
8 0.4203125 0.48359375 0.1140625 0.603125
4 0.42734375 0.59375 0.03125 0.07109375
4 0.69921875 0.6 0.0375 0.06953125
8 0.7421875 0.603125 0.203125 0.678125
4 0.7203125 0.7015625 0.0328125 0.071875
1 0.1515625 0.12109375 0.03359375 0.0609375
7 0.821875 0.28984375 0.0734375 0.040625
7 0.4296875 0.20078125 0.05546875 0.05703125
7 0.14296875 0.07578125 0.034375 0.03203125
5 0.1296875 0.2828125 0.02890625 0.040625
9 0.4078125 0.7609375 0.0578125 0.065625
9 0.4171875 0.728125 0.05703125 0.06796875
9 0.1359375 0.4234375 0.03671875 0.07890625