1 0.278125 0.171875 0.02890625 0.046875
1 0.6203125 0.178125 0.03359375 0.046875
1 0.5078125 0.23359375 0.03984375 0.103125
8 0.2796875 0.234375 0.04921875 0.24609375
8 0.609375 0.26328125 0.090625 0.27890625
1 0.246875 0.27421875 0.05625 0.1015625
8 0.51875 0.459375 0.10859375 0.625
4 0.30703125 0.50625 0.0375 0.090625
8 0.2609375 0.5078125 0.16328125 0.73203125
4 0.525 0.5953125 0.040625 0.1015625
7 0.240625 0.18203125 0.07265625 0.0640625
7 0.2765625 0.14765625 0.021875 0.0234375
7 0.528125 0.178125 0.053125 0.04296875
7 0.62578125 0.140625 0.0265625 0.028125
5 0.63203125 0.18125 0.0140625 0.02109375