1 0.571875 0.171875 0.02890625 0.059375
1 0.45625 0.240625 0.03515625 0.1
1 0.1875 0.25546875 0.06328125 0.1140625
8 0.5640625 0.26796875 0.0828125 0.30546875
8 0.478125 0.465625 0.13515625 0.6140625
4 0.4515625 0.490625 0.0328125 0.0875
8 0.203125 0.5125 0.1921875 0.76953125
4 0.225 0.63515625 0.0453125 0.084375
7 0.1578125 0.165625 0.0765625 0.046875
7 0.4765625 0.175 0.0640625 0.0390625
7 0.4890625 0.07421875 0.01875 0.01796875
7 0.5703125 0.134375 0.0296875 0.021875
5 0.5265625 0.30078125 0.01484375 0.0375
2 0.48671875 0.103125 0.015625 0.02890625