1 0.3875 0.18515625 0.03046875 0.05390625
8 0.6984375 0.2453125 0.11328125 0.23203125
8 0.4109375 0.27890625 0.1046875 0.29140625
1 0.5453125 0.29140625 0.0390625 0.071875
8 0.51015625 0.48125 0.1265625 0.5515625
4 0.5015625 0.59453125 0.03671875 0.0859375
7 0.73515625 0.13984375 0.021875 0.01796875
7 0.5375 0.2234375 0.04921875 0.03046875
7 0.3890625 0.14375 0.0296875 0.0265625
5 0.40625 0.21328125 0.021875 0.02890625
5 0.7109375 0.23125 0.01875 0.0234375
5 0.396875 0.2265625 0.01875 0.03046875