1 0.51875 0.17265625 0.03515625 0.0765625
8 0.134375 0.2515625 0.1140625 0.4140625
8 0.50390625 0.3390625 0.125 0.50546875
4 0.5515625 0.35859375 0.03359375 0.09140625
7 0.86484375 0.390625 0.084375 0.05546875
4 0.4703125 0.403125 0.03359375 0.0984375
1 0.8203125 0.46796875 0.05234375 0.10546875
7 0.109375 0.06484375 0.03515625 0.01796875
5 0.7578125 0.6484375 0.04296875 0.05546875
8 0.775 0.67890625 0.28359375 0.6390625
1 0.11875 0.11171875 0.03515625 0.07890625
7 0.5109375 0.12421875 0.0359375 0.03203125
9 0.6375 0.871875 0.0578125 0.09609375
9 0.74609375 0.96953125 0.06640625 0.0609375