1 0.390625 0.17890625 0.02265625 0.046875
8 0.4828125 0.2046875 0.07421875 0.25390625
8 0.3859375 0.21953125 0.07890625 0.20546875
1 0.71171875 0.240625 0.0390625 0.0734375
8 0.690625 0.48046875 0.17421875 0.646875
4 0.6390625 0.5328125 0.02890625 0.09296875
8 0.79375 0.62578125 0.22890625 0.74609375
4 0.70078125 0.7765625 0.0328125 0.09453125
7 0.85 0.30625 0.09140625 0.0875
7 0.7140625 0.18125 0.05234375 0.040625
7 0.4765625 0.121875 0.02578125 0.01796875
7 0.390625 0.134375 0.03046875 0.028125
5 0.48984375 0.2640625 0.0125 0.03046875
5 0.478125 0.1609375 0.0109375 0.01953125
5 0.38125 0.265625 0.01484375 0.040625
2 0.4796875 0.1484375 0.0140625 0.025
9 0.48125 0.35390625 0.02578125 0.046875