8 0.128125 0.24453125 0.09453125 0.371875
1 0.7265625 0.284375 0.03203125 0.05546875
4 0.63359375 0.39609375 0.0359375 0.05546875
4 0.71328125 0.459375 0.0453125 0.084375
8 0.7 0.46171875 0.14921875 0.5375
4 0.675 0.49609375 0.034375 0.0609375
8 0.565625 0.578125 0.14609375 0.69140625
1 0.15625 0.125 0.02890625 0.05546875
7 0.59375 0.26953125 0.06953125 0.0609375
7 0.7390625 0.228125 0.05078125 0.034375
7 0.1515625 0.07421875 0.0328125 0.034375
5 0.12890625 0.2546875 0.028125 0.0375
5 0.1765625 0.121875 0.021875 0.03203125
9 0.53671875 0.88046875 0.053125 0.084375
9 0.51484375 0.8515625 0.0453125 0.06640625
9 0.121875 0.378125 0.04375 0.06796875