1 0.525 0.165625 0.02421875 0.046875
1 0.609375 0.1859375 0.01875 0.05
8 0.5296875 0.23203125 0.05390625 0.246875
8 0.62265625 0.2890625 0.0984375 0.296875
1 0.15234375 0.3 0.059375 0.103125
4 0.1296875 0.44453125 0.0625 0.128125
8 0.1765625 0.5578125 0.2015625 0.69609375
8 0.2703125 0.60703125 0.23046875 0.771875
4 0.1921875 0.671875 0.0609375 0.10703125
7 0.140625 0.2140625 0.06015625 0.0390625
7 0.265625 0.253125 0.09296875 0.08203125
7 0.61015625 0.146875 0.0296875 0.021875
7 0.5265625 0.1296875 0.02421875 0.02109375
5 0.628125 0.27265625 0.0171875 0.04296875
5 0.5125 0.278125 0.01171875 0.03359375
5 0.51171875 0.22265625 0.0140625 0.02109375
9 0.50390625 0.34921875 0.0203125 0.0359375
9 0.5359375 0.35546875 0.02578125 0.0390625
9 0.61328125 0.40234375 0.03046875 0.06953125