1 0.5265625 0.16015625 0.01953125 0.0265625
1 0.6265625 0.18359375 0.021875 0.0359375
8 0.52265625 0.2359375 0.0640625 0.24453125
8 0.6234375 0.28046875 0.078125 0.28359375
1 0.12890625 0.328125 0.0578125 0.08046875
8 0.15 0.58046875 0.23828125 0.81640625
4 0.2296875 0.61953125 0.02890625 0.071875
8 0.44140625 0.66640625 0.1796875 0.6640625
4 0.103125 0.74765625 0.0359375 0.115625
7 0.10625 0.2296875 0.084375 0.06796875
7 0.4359375 0.3859375 0.11171875 0.09453125
7 0.525 0.1328125 0.02265625 0.0234375
7 0.6328125 0.14609375 0.03203125 0.025
5 0.5171875 0.1875 0.01796875 0.021875
5 0.64140625 0.184375 0.015625 0.028125
9 0.2375 0.89375 0.05703125 0.06796875
9 0.20546875 0.94609375 0.0671875 0.08203125