1 0.5125 0.2078125 0.04609375 0.06796875
8 0.8515625 0.25546875 0.1875 0.4109375
8 0.4671875 0.2578125 0.14453125 0.26796875
8 0.50859375 0.56328125 0.165625 0.6765625
1 0.89296875 0.13046875 0.04375 0.06953125
7 0.9 0.07421875 0.0390625 0.034375
7 0.51171875 0.24375 0.059375 0.04296875
7 0.5109375 0.1515625 0.04453125 0.04140625
5 0.88125 0.29609375 0.021875 0.03046875
5 0.7859375 0.17734375 0.02734375 0.02890625
9 0.56484375 0.79375 0.03046875 0.08203125
9 0.49453125 0.8609375 0.0375 0.09296875
9 0.859375 0.4078125 0.0359375 0.05546875
9 0.975 0.41875 0.05 0.046875