1 0.4734375 0.1640625 0.02265625 0.0390625
8 0.4828125 0.23671875 0.06015625 0.2234375
8 0.3890625 0.27890625 0.08203125 0.30859375
1 0.78046875 0.303125 0.05625 0.075
8 0.7234375 0.55625 0.1984375 0.74296875
4 0.775 0.62265625 0.03671875 0.1015625
4 0.6828125 0.64765625 0.04140625 0.115625
4 0.903125 0.80625 0.06640625 0.10703125
7 0.765625 0.21484375 0.06953125 0.0515625
7 0.47109375 0.1328125 0.021875 0.02109375
7 0.3796875 0.13671875 0.02890625 0.0234375
5 0.4796875 0.18984375 0.01484375 0.02109375
5 0.36875 0.18984375 0.02265625 0.0234375
9 0.70625 0.8515625 0.03828125 0.1
9 0.68125 0.8609375 0.04375 0.09296875