1 0.84140625 0.2578125 0.0640625 0.09609375
4 0.765625 0.29609375 0.040625 0.0859375
4 0.5640625 0.39296875 0.040625 0.0859375
4 0.753125 0.42734375 0.06640625 0.07109375
8 0.525 0.465625 0.13046875 0.58046875
8 0.80625 0.50859375 0.19453125 0.696875
8 0.515625 0.11015625 0.06875 0.134375
7 0.85859375 0.16953125 0.075 0.05
7 0.5109375 0.18203125 0.071875 0.0609375
7 0.515625 0.0734375 0.0171875 0.01953125
7 0.44453125 0.134375 0.0265625 0.025
5 0.4703125 0.26953125 0.0125 0.025
5 0.509375 0.134375 0.01484375 0.028125
2 0.51484375 0.1015625 0.0171875 0.028125