1 0.471875 0.171875 0.01640625 0.01796875
1 0.37578125 0.17890625 0.0265625 0.03046875
8 0.48515625 0.24375 0.0484375 0.22890625
8 0.390625 0.26484375 0.10703125 0.2734375
1 0.75546875 0.390625 0.0625 0.0734375
1 0.9796875 0.54921875 0.03203125 0.1265625
4 0.7234375 0.55859375 0.0421875 0.0640625
4 0.784375 0.56875 0.04609375 0.0515625
4 0.92109375 0.62421875 0.096875 0.14296875
8 0.725 0.64296875 0.17109375 0.703125
8 0.91875 0.68828125 0.1625 0.6203125
7 0.74296875 0.2953125 0.0640625 0.05390625
7 0.471875 0.1359375 0.01953125 0.01953125
7 0.3734375 0.1359375 0.0265625 0.01953125
5 0.4828125 0.19453125 0.01484375 0.01953125
5 0.384375 0.2375 0.01484375 0.0390625
5 0.39609375 0.2328125 0.015625 0.034375
9 0.740625 0.93828125 0.04375 0.1234375
9 0.6515625 0.7765625 0.0453125 0.090625