8 0.71875 0.1625 0.0546875 0.1109375
1 0.72734375 0.165625 0.028125 0.0359375
1 0.42109375 0.265625 0.0390625 0.0765625
1 0.721875 0.28046875 0.05390625 0.0640625
8 0.4203125 0.4921875 0.1171875 0.65390625
4 0.665625 0.5046875 0.05078125 0.07890625
8 0.7265625 0.521875 0.1734375 0.81640625
4 0.46328125 0.540625 0.0390625 0.08046875
4 0.6875 0.57890625 0.04453125 0.096875
4 0.4 0.63671875 0.04296875 0.109375
7 0.7390625 0.1921875 0.06796875 0.0484375
7 0.728125 0.1359375 0.0203125 0.01953125
7 0.39375 0.190625 0.06328125 0.0390625
7 0.3703125 0.14453125 0.025 0.021875
5 0.3578125 0.175 0.01484375 0.04140625
9 0.6796875 0.80546875 0.06796875 0.065625
9 0.665625 0.76171875 0.05078125 0.04609375