1 0.5125 0.17109375 0.0234375 0.04453125
8 0.51953125 0.2375 0.0875 0.296875
8 0.1625 0.24375 0.11796875 0.34609375
8 0.46796875 0.475 0.14375 0.64453125
4 0.521875 0.51875 0.025 0.0734375
4 0.4171875 0.52734375 0.01796875 0.08203125
1 0.15 0.125 0.03125 0.046875
7 0.1625 0.0890625 0.03359375 0.03046875
7 0.48125 0.20078125 0.05234375 0.04296875
7 0.515625 0.128125 0.03359375 0.03359375
5 0.1765625 0.11328125 0.0109375 0.034375
9 0.43125 0.77421875 0.03125 0.05546875
9 0.46875 0.77421875 0.03046875 0.05546875