1 0.384375 0.18359375 0.01875 0.04140625
8 0.3875 0.21015625 0.0859375 0.1484375
1 0.7765625 0.2484375 0.04296875 0.078125
4 0.6421875 0.33828125 0.0453125 0.0484375
4 0.6578125 0.3859375 0.06796875 0.0859375
4 0.6 0.44765625 0.05390625 0.059375
8 0.5421875 0.45546875 0.15625 0.60546875
8 0.7359375 0.471875 0.2234375 0.70390625
8 0.5125 0.1171875 0.05703125 0.10390625
7 0.80390625 0.153125 0.065625 0.05
7 0.5375 0.1828125 0.06640625 0.0515625
7 0.5125 0.0734375 0.01953125 0.01640625
7 0.3671875 0.146875 0.02421875 0.02109375
5 0.36328125 0.17421875 0.0140625 0.0375
5 0.5109375 0.11484375 0.01171875 0.01796875
2 0.5140625 0.103125 0.015625 0.0234375