1 0.271875 0.16796875 0.02578125 0.05
1 0.621875 0.1796875 0.025 0.0484375
1 0.55 0.2171875 0.04765625 0.0984375
8 0.6296875 0.234375 0.0625 0.25859375
8 0.2796875 0.2359375 0.06796875 0.24140625
8 0.5546875 0.45546875 0.11171875 0.65
8 0.259375 0.4875 0.17109375 0.6609375
4 0.53125 0.57421875 0.040625 0.0734375
4 0.234375 0.59296875 0.03515625 0.075
7 0.228125 0.19453125 0.05625 0.05859375
7 0.26953125 0.14453125 0.0203125 0.021875
7 0.5703125 0.1484375 0.06171875 0.05
7 0.6265625 0.1484375 0.03125 0.021875
5 0.28125 0.2515625 0.01796875 0.025
5 0.63828125 0.18359375 0.0140625 0.021875
3 0.546875 0.20625 0.02734375 0.034375