8 0.48828125 0.203125 0.059375 0.203125
1 0.66875 0.2484375 0.059375 0.071875
8 0.403125 0.2765625 0.12890625 0.275
8 0.646875 0.46640625 0.13671875 0.628125
4 0.58984375 0.515625 0.0328125 0.109375
4 0.7015625 0.52421875 0.03984375 0.090625
7 0.67421875 0.1734375 0.0515625 0.046875
7 0.47421875 0.134375 0.0171875 0.01953125
7 0.3734375 0.15703125 0.02890625 0.025
5 0.9453125 0.82890625 0.0640625 0.103125
5 0.38671875 0.24296875 0.01875 0.03046875
5 0.396875 0.234375 0.01328125 0.025
5 0.4828125 0.19609375 0.01484375 0.01640625
9 0.6515625 0.7375 0.03125 0.0890625
9 0.61171875 0.75390625 0.0375 0.09453125