1 0.3890625 0.165625 0.02734375 0.0484375
8 0.7234375 0.246875 0.06015625 0.21796875
8 0.3921875 0.2640625 0.096875 0.253125
1 0.8328125 0.27890625 0.05078125 0.078125
1 0.615625 0.284375 0.04140625 0.075
4 0.75859375 0.34375 0.0515625 0.084375
4 0.80390625 0.38828125 0.0453125 0.090625
4 0.628125 0.440625 0.05234375 0.084375
8 0.60078125 0.48671875 0.146875 0.590625
8 0.80703125 0.54765625 0.23125 0.790625
7 0.8734375 0.1859375 0.0796875 0.05859375
7 0.73359375 0.14296875 0.025 0.01953125
7 0.5953125 0.2125 0.06171875 0.04453125
7 0.3859375 0.13046875 0.02734375 0.021875
5 0.384375 0.2484375 0.02109375 0.025
5 0.390625 0.259375 0.0234375 0.028125
5 0.728125 0.18359375 0.01328125 0.028125
5 0.73671875 0.18359375 0.0109375 0.03359375