1 0.528125 0.171875 0.01640625 0.01796875
1 0.62421875 0.17890625 0.0265625 0.03046875
8 0.51484375 0.24375 0.0484375 0.22890625
8 0.609375 0.26484375 0.10703125 0.2734375
1 0.24453125 0.390625 0.0625 0.0734375
1 0.0203125 0.54921875 0.03203125 0.1265625
4 0.2765625 0.55859375 0.0421875 0.0640625
4 0.215625 0.56875 0.04609375 0.0515625
4 0.07890625 0.62421875 0.096875 0.14296875
8 0.275 0.64296875 0.17109375 0.703125
8 0.08125 0.68828125 0.1625 0.6203125
7 0.25703125 0.2953125 0.0640625 0.05390625
7 0.528125 0.1359375 0.01953125 0.01953125
7 0.6265625 0.1359375 0.0265625 0.01953125
5 0.5171875 0.19453125 0.01484375 0.01953125
5 0.615625 0.2375 0.01484375 0.0390625
5 0.60390625 0.2328125 0.015625 0.034375
9 0.2640625 0.9359375 0.04375 0.128125
9 0.34375 0.77734375 0.0359375 0.096875