1 0.4796875 0.1828125 0.04140625 0.0765625
8 0.128125 0.25859375 0.115625 0.375
1 0.3140625 0.33515625 0.04296875 0.09296875
8 0.4765625 0.38125 0.12109375 0.5375
4 0.4265625 0.39765625 0.03203125 0.05703125
4 0.509375 0.43125 0.03046875 0.065625
4 0.30625 0.5109375 0.05703125 0.0859375
4 0.2859375 0.54140625 0.04453125 0.09140625
8 0.371875 0.56484375 0.1828125 0.715625
1 0.1296875 0.11640625 0.03203125 0.05859375
7 0.30546875 0.2453125 0.0875 0.0765625
7 0.4859375 0.140625 0.04765625 0.05
7 0.1375 0.07578125 0.03359375 0.0265625
5 0.153125 0.11953125 0.01328125 0.03046875
9 0.47109375 0.59765625 0.0265625 0.08203125
9 0.125 0.41796875 0.02890625 0.0609375