1 0.6078125 0.1734375 0.02734375 0.04453125
8 0.6140625 0.278125 0.08828125 0.33046875
1 0.128125 0.334375 0.0703125 0.121875
4 0.2015625 0.56484375 0.03359375 0.0734375
8 0.1390625 0.5984375 0.2328125 0.8
8 0.4578125 0.65234375 0.22578125 0.69296875
4 0.06875 0.71015625 0.05078125 0.109375
4 0.3625 0.940625 0.04921875 0.10703125
7 0.1015625 0.23671875 0.08671875 0.06796875
7 0.428125 0.365625 0.10546875 0.08203125
7 0.51328125 0.128125 0.021875 0.01796875
7 0.61015625 0.1296875 0.03125 0.01796875
5 0.6265625 0.178125 0.01640625 0.04296875
9 0.18984375 0.95234375 0.0671875 0.0953125
9 0.22109375 0.8765625 0.06328125 0.090625