8 0.37890625 0.23359375 0.0796875 0.125
8 0.7140625 0.2359375 0.07890625 0.203125
1 0.546875 0.2484375 0.03671875 0.0609375
1 0.7875 0.26015625 0.03125 0.05703125
4 0.70078125 0.39140625 0.0453125 0.08359375
8 0.54375 0.459375 0.18359375 0.64140625
4 0.6359375 0.4609375 0.03828125 0.103125
8 0.7765625 0.49296875 0.1859375 0.671875
4 0.7828125 0.565625 0.05078125 0.07109375
7 0.81484375 0.184375 0.0640625 0.04453125
7 0.73359375 0.14453125 0.0265625 0.025
7 0.525 0.16875 0.06015625 0.05390625
7 0.3765625 0.159375 0.0265625 0.021875
5 0.3859375 0.2453125 0.02109375 0.03203125
5 0.396875 0.24296875 0.02578125 0.0390625
5 0.7140625 0.2265625 0.02265625 0.01640625
2 0.728125 0.17265625 0.01171875 0.02890625
9 0.746875 0.76875 0.0609375 0.05703125