1 0.55625 0.259375 0.0484375 0.10546875
8 0.8453125 0.2625 0.1203125 0.39140625
1 0.2234375 0.3640625 0.04921875 0.11953125
8 0.5796875 0.48359375 0.1140625 0.603125
4 0.57265625 0.59375 0.03125 0.07109375
4 0.30078125 0.6 0.0375 0.06953125
8 0.2578125 0.603125 0.203125 0.678125
4 0.2796875 0.7015625 0.0328125 0.071875
1 0.8484375 0.12109375 0.03359375 0.0609375
7 0.178125 0.28984375 0.0734375 0.040625
7 0.5703125 0.20078125 0.05546875 0.05703125
7 0.85703125 0.07578125 0.034375 0.03203125
5 0.8703125 0.2828125 0.02890625 0.040625
9 0.59140625 0.76328125 0.05625 0.06640625
9 0.5859375 0.73203125 0.0515625 0.06953125
9 0.8640625 0.43046875 0.03984375 0.078125