1 0.3921875 0.1734375 0.02734375 0.04453125
8 0.3859375 0.278125 0.08828125 0.33046875
1 0.871875 0.334375 0.0703125 0.121875
4 0.7984375 0.56484375 0.03359375 0.0734375
8 0.8609375 0.5984375 0.2328125 0.8
8 0.5421875 0.65234375 0.22578125 0.69296875
4 0.93125 0.71015625 0.05078125 0.109375
4 0.6375 0.940625 0.04921875 0.10703125
7 0.8984375 0.23671875 0.08671875 0.06796875
7 0.571875 0.365625 0.10546875 0.08203125
7 0.48671875 0.128125 0.021875 0.01796875
7 0.38984375 0.1296875 0.03125 0.01796875
5 0.3734375 0.178125 0.01640625 0.04296875
9 0.81015625 0.95234375 0.0671875 0.0953125
9 0.77890625 0.8765625 0.06328125 0.090625