1 0.5203125 0.1828125 0.04140625 0.0765625
8 0.871875 0.25859375 0.115625 0.375
1 0.6859375 0.33515625 0.04296875 0.09296875
8 0.5234375 0.38125 0.12109375 0.5375
4 0.5734375 0.39765625 0.03203125 0.05703125
4 0.490625 0.43125 0.03046875 0.065625
4 0.69375 0.5109375 0.05703125 0.0859375
4 0.7140625 0.54140625 0.04453125 0.09140625
8 0.628125 0.56484375 0.1828125 0.715625
1 0.8703125 0.11640625 0.03203125 0.05859375
7 0.69453125 0.2453125 0.0875 0.0765625
7 0.5140625 0.140625 0.04765625 0.05
7 0.8625 0.07578125 0.03359375 0.0265625
5 0.846875 0.11953125 0.01328125 0.03046875
9 0.528125 0.60078125 0.0265625 0.0640625