1 0.4734375 0.16015625 0.01953125 0.0265625
1 0.3734375 0.18359375 0.021875 0.0359375
8 0.47734375 0.2359375 0.0640625 0.24453125
8 0.3765625 0.28046875 0.078125 0.28359375
1 0.87109375 0.328125 0.0578125 0.08046875
8 0.85 0.58046875 0.23828125 0.81640625
4 0.7703125 0.61953125 0.02890625 0.071875
8 0.55859375 0.66640625 0.1796875 0.6640625
4 0.896875 0.74765625 0.0359375 0.115625
7 0.89375 0.2296875 0.084375 0.06796875
7 0.5640625 0.3859375 0.11171875 0.09453125
7 0.475 0.1328125 0.02265625 0.0234375
7 0.3671875 0.14609375 0.03203125 0.025
5 0.4828125 0.1875 0.01796875 0.021875
5 0.35859375 0.184375 0.015625 0.028125
9 0.7625 0.89375 0.05703125 0.06796875
9 0.79453125 0.94609375 0.0671875 0.08203125