1 0.609375 0.17890625 0.02265625 0.046875
8 0.5171875 0.2046875 0.07421875 0.25390625
8 0.6140625 0.21953125 0.07890625 0.20546875
1 0.28828125 0.240625 0.0390625 0.0734375
8 0.309375 0.48046875 0.17421875 0.646875
4 0.3609375 0.5328125 0.02890625 0.09296875
8 0.20625 0.62578125 0.22890625 0.74609375
4 0.29921875 0.7765625 0.0328125 0.09453125
7 0.15 0.30625 0.09140625 0.0875
7 0.2859375 0.18125 0.05234375 0.040625
7 0.5234375 0.121875 0.02578125 0.01796875
7 0.609375 0.134375 0.03046875 0.028125
5 0.51015625 0.2640625 0.0125 0.03046875
5 0.521875 0.1609375 0.0109375 0.01953125
5 0.61875 0.265625 0.01484375 0.040625
2 0.5203125 0.1484375 0.0140625 0.025
9 0.5171875 0.35546875 0.0171875 0.0359375