1 0.52421875 0.165625 0.025 0.0359375
8 0.615625 0.23984375 0.109375 0.2265625
8 0.5203125 0.246875 0.05078125 0.2609375
1 0.434375 0.28671875 0.04921875 0.08203125
1 0.1578125 0.29296875 0.04140625 0.1
8 0.46484375 0.5328125 0.0984375 0.77109375
8 0.1625 0.553125 0.18515625 0.73203125
4 0.4375 0.621875 0.0484375 0.0984375
4 0.18671875 0.659375 0.059375 0.090625
7 0.125 0.215625 0.08203125 0.0515625
7 0.4453125 0.1875 0.0640625 0.06640625
7 0.525 0.1296875 0.02109375 0.02109375
7 0.5859375 0.1375 0.0265625 0.025
5 0.65625 0.259375 0.02421875 0.03203125
5 0.515625 0.1890625 0.01484375 0.021875
9 0.2296875 0.85625 0.075 0.07109375
9 0.2390625 0.8 0.05 0.05390625