7 0.73359375 0.153125 0.025 0.03203125
7 0.3734375 0.153125 0.02890625 0.034375
7 0.5078125 0.17890625 0.06640625 0.078125
1 0.7328125 0.18046875 0.02421875 0.0390625
1 0.38125 0.1859375 0.0234375 0.0359375
7 0.83125 0.2046875 0.08203125 0.05703125
8 0.3890625 0.25859375 0.0859375 0.2609375
8 0.728125 0.2609375 0.0796875 0.2609375
1 0.51953125 0.2609375 0.040625 0.071875
1 0.8078125 0.278125 0.05859375 0.0875
5 0.72734375 0.284375 0.0171875 0.02890625
8 0.5015625 0.46171875 0.1046875 0.6625
8 0.79453125 0.53046875 0.1859375 0.71640625
4 0.740625 0.534375 0.0375 0.08203125
4 0.5109375 0.5875 0.046875 0.13046875
4 0.7765625 0.625 0.04296875 0.075
5 0.73125 0.278125 0.0125 0.028125
5 0.72421875 0.2796875 0.0125 0.02890625
5 0.3671875 0.17890625 0.01484375 0.021875
9 0.7453125 0.8234375 0.06328125 0.059375
9 0.734375 0.79453125 0.05625 0.05