1 0.47265625 0.17421875 0.0265625 0.0265625
1 0.3890625 0.1890625 0.02265625 0.0390625
8 0.37578125 0.2265625 0.0796875 0.1390625
8 0.48046875 0.24140625 0.0546875 0.21640625
1 0.825 0.303125 0.05078125 0.09453125
8 0.7921875 0.55859375 0.19140625 0.796875
4 0.71875 0.5765625 0.0453125 0.096875
8 0.5921875 0.58359375 0.23046875 0.83046875
4 0.8328125 0.67578125 0.04609375 0.09609375
4 0.65859375 0.921875 0.0515625 0.0890625
7 0.8453125 0.21953125 0.0640625 0.04140625
7 0.60234375 0.290625 0.1078125 0.10859375
7 0.3890625 0.14453125 0.02578125 0.028125
7 0.47421875 0.13671875 0.0234375 0.0265625
5 0.371875 0.27265625 0.0203125 0.040625
5 0.48125 0.1984375 0.01875 0.021875
5 0.48828125 0.221875 0.0171875 0.0234375