1 0.728125 0.16796875 0.02578125 0.05
1 0.378125 0.1796875 0.025 0.0484375
1 0.45 0.2171875 0.04765625 0.0984375
8 0.3703125 0.234375 0.0625 0.25859375
8 0.7203125 0.2359375 0.06796875 0.24140625
8 0.4453125 0.45546875 0.11171875 0.65
8 0.740625 0.4875 0.17109375 0.6609375
4 0.46875 0.57421875 0.040625 0.0734375
4 0.765625 0.59296875 0.03515625 0.075
7 0.771875 0.19453125 0.05625 0.05859375
7 0.73046875 0.14453125 0.0203125 0.021875
7 0.4296875 0.1484375 0.06171875 0.05
7 0.3734375 0.1484375 0.03125 0.021875
5 0.71875 0.2515625 0.01796875 0.025
5 0.36171875 0.18359375 0.0140625 0.021875
3 0.453125 0.20625 0.02734375 0.034375