8 0.84453125 0.228125 0.1515625 0.33046875
1 0.4984375 0.31875 0.03984375 0.0765625
1 0.275 0.3890625 0.0421875 0.09140625
4 0.4 0.50625 0.04765625 0.07109375
4 0.38359375 0.5390625 0.046875 0.078125
8 0.4765625 0.5625 0.22890625 0.653125
8 0.28671875 0.60234375 0.2375 0.70390625
1 0.865625 0.11328125 0.04296875 0.0484375
7 0.246875 0.30625 0.07734375 0.06796875
7 0.521875 0.2421875 0.05859375 0.040625
7 0.87421875 0.06640625 0.0359375 0.028125
5 0.7859375 0.20546875 0.02578125 0.05546875
5 0.890625 0.26015625 0.03515625 0.0625
9 0.58125 0.765625 0.0546875 0.103125
9 0.49375 0.790625 0.06875 0.084375
9 0.8796875 0.415625 0.03984375 0.08359375