1 0.615625 0.18359375 0.01875 0.04140625
8 0.6125 0.21015625 0.0859375 0.1484375
1 0.2234375 0.2484375 0.04296875 0.078125
4 0.3578125 0.33828125 0.0453125 0.0484375
4 0.3421875 0.3859375 0.06796875 0.0859375
4 0.4 0.44765625 0.05390625 0.059375
8 0.4578125 0.45546875 0.15625 0.60546875
8 0.2640625 0.471875 0.2234375 0.70390625
8 0.4875 0.1171875 0.05703125 0.10390625
7 0.19609375 0.153125 0.065625 0.05
7 0.4625 0.1828125 0.06640625 0.0515625
7 0.4875 0.0734375 0.01953125 0.01640625
7 0.6328125 0.146875 0.02421875 0.02109375
5 0.63671875 0.17421875 0.0140625 0.0375
5 0.4890625 0.11484375 0.01171875 0.01796875
2 0.4859375 0.103125 0.015625 0.0234375