2 0.48046875 0.41484375 0.071875 0.05625
2 0.3703125 0.3828125 0.0578125 0.0546875
6 0.48046875 0.33828125 0.1140625 0.090625
6 0.36328125 0.3421875 0.09375 0.0734375
5 0.4328125 0.65078125 0.05 0.0515625
5 0.4578125 0.74765625 0.053125 0.053125
5 0.4375 0.90234375 0.0515625 0.0484375
5 0.33203125 0.728125 0.0671875 0.0671875
8 0.5359375 0.6125 0.2375 0.6359375
8 0.37109375 0.53125 0.1671875 0.434375
2 0.48125 0.03046875 0.06875 0.0609375
2 0.371875 0.0640625 0.0515625 0.05625
6 0.4828125 0.1046875 0.1140625 0.0921875
6 0.3640625 0.09921875 0.0890625 0.0703125