5 0.76171875 0.69921875 0.0390625 0.034375
4 0.5328125 0.71953125 0.05625 0.075
5 0.38203125 0.625 0.028125 0.03125
3 0.665625 0.41328125 0.0671875 0.03125
6 0.6578125 0.3828125 0.1015625 0.071875
6 0.47734375 0.43046875 0.0625 0.0484375
6 0.52578125 0.38203125 0.0546875 0.0390625
6 0.41328125 0.43203125 0.03125 0.03125
8 0.64140625 0.59765625 0.175 0.496875
8 0.47421875 0.6078125 0.128125 0.3828125
2 0.4859375 0.46328125 0.0390625 0.0390625
2 0.6625 0.4296875 0.0609375 0.05
2 0.53046875 0.4171875 0.0328125 0.0328125