5 0.23828125 0.69921875 0.0390625 0.034375
4 0.4671875 0.71953125 0.05625 0.075
5 0.61796875 0.625 0.028125 0.03125
3 0.334375 0.41328125 0.0671875 0.03125
6 0.3421875 0.3828125 0.1015625 0.071875
6 0.52265625 0.43046875 0.0625 0.0484375
6 0.47421875 0.38203125 0.0546875 0.0390625
6 0.58671875 0.43203125 0.03125 0.03125
8 0.35859375 0.59765625 0.175 0.496875
8 0.52578125 0.6078125 0.128125 0.3828125
2 0.5140625 0.46328125 0.0390625 0.0390625
2 0.3375 0.4296875 0.0609375 0.05
2 0.46953125 0.4171875 0.0328125 0.0328125