6 0.415625 0.3140625 0.08125 0.0453125
6 0.81484375 0.36640625 0.08125 0.065625
5 0.83203125 0.58359375 0.0234375 0.0421875
5 0.59609375 0.3234375 0.0546875 0.04375
5 0.81328125 0.5859375 0.0359375 0.0296875
6 0.32109375 0.37109375 0.03125 0.0328125
6 0.0640625 0.36484375 0.0375 0.03125
9 0.78671875 0.78671875 0.0484375 0.0390625
9 0.7046875 0.784375 0.0796875 0.028125
9 0.58203125 0.80703125 0.05625 0.0453125
9 0.51171875 0.8015625 0.0484375 0.0390625
9 0.0703125 0.58203125 0.0265625 0.0265625
9 0.0234375 0.58125 0.0265625 0.0203125
9 0.321875 0.59296875 0.0359375 0.021875
9 0.28203125 0.59765625 0.0359375 0.0234375
2 0.44375 0.34765625 0.04375 0.0484375
8 0.41015625 0.575 0.1625 0.5875
8 0.56328125 0.57578125 0.178125 0.54375
8 0.76328125 0.57421875 0.2265625 0.4890625
8 0.05234375 0.47578125 0.0859375 0.246875
8 0.29921875 0.484375 0.0859375 0.2703125