8 0.87734375 0.5265625 0.2453125 0.70625
7 0.8625 0.24453125 0.178125 0.1328125
7 0.575 0.321875 0.084375 0.053125
7 0.24609375 0.42109375 0.1171875 0.0734375
2 0.2765625 0.45859375 0.046875 0.0453125
2 0.58125 0.36953125 0.05625 0.0609375
10 0.8828125 0.54921875 0.234375 0.3765625
10 0.56484375 0.5203125 0.1765625 0.234375
10 0.24140625 0.6453125 0.1734375 0.28125
5 0.4484375 0.64453125 0.046875 0.0640625
5 0.22890625 0.68671875 0.0578125 0.0578125
5 0.40234375 0.61484375 0.0484375 0.0390625
5 0.64375 0.68359375 0.040625 0.0546875
8 0.5625 0.58984375 0.2625 0.5796875
8 0.24375 0.65234375 0.2125 0.5546875
7 0.7609375 0.3296875 0.090625 0.096875
5 0.71875 0.5140625 0.071875 0.05625