6 0.35234375 0.2734375 0.0921875 0.06875
6 0.5234375 0.26953125 0.084375 0.0703125
6 0.68359375 0.25703125 0.0859375 0.0578125
5 0.58828125 0.58828125 0.0484375 0.0546875
5 0.4390625 0.58359375 0.03125 0.0421875
5 0.41171875 0.59453125 0.0359375 0.0421875
5 0.2609375 0.6078125 0.053125 0.05
5 0.75 0.56953125 0.046875 0.0359375
9 0.315625 0.8734375 0.071875 0.071875
9 0.353125 0.8390625 0.078125 0.053125
9 0.49609375 0.825 0.0859375 0.0625
9 0.5828125 0.83203125 0.059375 0.0640625
9 0.70546875 0.83359375 0.0671875 0.0578125
9 0.6375 0.81953125 0.0875 0.0515625
8 0.32890625 0.56640625 0.1890625 0.6578125
8 0.51328125 0.5453125 0.2078125 0.628125
8 0.69140625 0.53828125 0.2015625 0.6265625