6 0.64765625 0.2734375 0.0921875 0.06875
6 0.4765625 0.26953125 0.084375 0.0703125
6 0.31640625 0.25703125 0.0859375 0.0578125
5 0.41171875 0.58828125 0.0484375 0.0546875
5 0.5609375 0.58359375 0.03125 0.0421875
5 0.58828125 0.59453125 0.0359375 0.0421875
5 0.7390625 0.6078125 0.053125 0.05
5 0.25 0.56953125 0.046875 0.0359375
9 0.684375 0.8734375 0.071875 0.071875
9 0.646875 0.8390625 0.078125 0.053125
9 0.50390625 0.825 0.0859375 0.0625
9 0.4171875 0.83203125 0.059375 0.0640625
9 0.29453125 0.83359375 0.0671875 0.0578125
9 0.3625 0.81953125 0.0875 0.0515625
8 0.67109375 0.56640625 0.1890625 0.6578125
8 0.48671875 0.5453125 0.2078125 0.628125
8 0.30859375 0.53828125 0.2015625 0.6265625