9 0.90078125 0.7609375 0.0609375 0.05
9 0.83125 0.72734375 0.065625 0.0515625
6 0.578125 0.42265625 0.046875 0.0359375
6 0.72578125 0.403125 0.0453125 0.034375
6 0.85 0.39453125 0.065625 0.0421875
6 0.4921875 0.409375 0.034375 0.021875
6 0.446875 0.4203125 0.0375 0.03125
6 0.3078125 0.40078125 0.0375 0.0296875
6 0.2140625 0.4109375 0.0375 0.028125
6 0.0796875 0.4078125 0.0375 0.025
1 0.07578125 0.4296875 0.0265625 0.028125
1 0.31484375 0.41875 0.028125 0.028125
2 0.834375 0.42890625 0.034375 0.0375
2 0.71484375 0.43046875 0.028125 0.034375
2 0.453125 0.44296875 0.0265625 0.0265625
2 0.22578125 0.43203125 0.025 0.028125
8 0.21875 0.5265625 0.0984375 0.2578125
8 0.08984375 0.52109375 0.1015625 0.253125
8 0.31796875 0.51953125 0.0875 0.26875
8 0.45 0.53359375 0.0828125 0.26875
8 0.57734375 0.53671875 0.0796875 0.2609375
8 0.715625 0.53125 0.10625 0.2875
8 0.865625 0.584375 0.1328125 0.4171875