1 0.5484375 0.353125 0.053125 0.10546875
1 0.31640625 0.3765625 0.0453125 0.07421875
4 0.64296875 0.43046875 0.05078125 0.09140625
5 0.38671875 0.52734375 0.03828125 0.05546875
4 0.5515625 0.54296875 0.05078125 0.0765625
8 0.5875 0.5578125 0.24296875 0.72578125
4 0.33984375 0.584375 0.040625 0.0625
8 0.0765625 0.615625 0.10546875 0.28828125
1 0.5984375 0.61875 0.0625 0.13203125
8 0.275 0.61875 0.17578125 0.709375
5 0.04296875 0.71484375 0.02421875 0.03125
5 0.60703125 0.7296875 0.0359375 0.05546875
8 0.4015625 0.734375 0.2546875 0.5265625
8 0.6359375 0.74140625 0.26171875 0.5171875
5 0.3421875 0.87265625 0.03125 0.0578125
5 0.53828125 0.978125 0.03828125 0.03828125
7 0.615625 0.51796875 0.0890625 0.10546875
7 0.4375 0.49375 0.0671875 0.071875
1 0.421875 0.5640625 0.0484375 0.0796875
7 0.53359375 0.2546875 0.0890625 0.103125
7 0.30625 0.30546875 0.06953125 0.07421875
7 0.07421875 0.49140625 0.0359375 0.0359375