4 0.1390625 0.32109375 0.02421875 0.040625
4 0.10546875 0.32578125 0.0140625 0.0359375
4 0.365625 0.3296875 0.03828125 0.071875
4 0.9796875 0.334375 0.0171875 0.04296875
4 0.3171875 0.33671875 0.01953125 0.04296875
4 0.4484375 0.33984375 0.021875 0.06015625
4 0.18515625 0.34609375 0.01953125 0.04296875
4 0.20546875 0.34765625 0.0265625 0.06015625
4 0.60078125 0.353125 0.03359375 0.08671875
4 0.53359375 0.3609375 0.01953125 0.03828125
4 0.5578125 0.36171875 0.01953125 0.05546875
7 0.275 0.3734375 0.03125 0.03125
4 0.83046875 0.3796875 0.021875 0.02421875
7 0.696875 0.39453125 0.04296875 0.02421875
4 0.10546875 0.39765625 0.01953125 0.0265625
7 0.92890625 0.4 0.06015625 0.0359375
2 0.2828125 0.41015625 0.05078125 0.06484375
4 0.41796875 0.4125 0.01953125 0.0359375
4 0.77890625 0.4125 0.02421875 0.05546875
7 0.4828125 0.41484375 0.08203125 0.040625
2 0.17578125 0.415625 0.03359375 0.03359375
2 0.7046875 0.4265625 0.03359375 0.05546875
4 0.8078125 0.428125 0.01953125 0.02421875
4 0.34375 0.44921875 0.03828125 0.0578125
2 0.94453125 0.45078125 0.053125 0.06484375
2 0.478125 0.47578125 0.0625 0.0765625
4 0.20703125 0.4828125 0.03359375 0.04296875
4 0.78125 0.48671875 0.02421875 0.040625
4 0.553125 0.5265625 0.053125 0.09609375
8 0.18046875 0.56875 0.134375 0.5171875
8 0.71171875 0.6359375 0.1828125 0.521875
8 0.2921875 0.6453125 0.18984375 0.709375
8 0.50625 0.64921875 0.2328125 0.7015625
8 0.90234375 0.6875 0.15625 0.625
9 0.328125 0.94375 0.05546875 0.06484375
9 0.2171875 0.9625 0.0578125 0.07421875
9 0.1984375 0.775 0.05078125 0.06484375
9 0.12890625 0.7859375 0.0453125 0.06015625
9 0.1046875 0.7046875 0.0453125 0.04296875
9 0.07578125 0.65390625 0.0359375 0.0453125
9 0.7203125 0.8421875 0.05078125 0.0578125
9 0.64921875 0.86796875 0.05078125 0.071875
9 0.78125 0.61875 0.04296875 0.03828125
9 0.58671875 0.63671875 0.02890625 0.0359375
7 0.9171875 0.36328125 0.05078125 0.03359375
7 0.1765625 0.3859375 0.040625 0.03828125
7 0.14921875 0.359375 0.040625 0.03125
7 0.10546875 0.359375 0.03125 0.0265625
7 0.08203125 0.3546875 0.021875 0.021875
7 0.50859375 0.37890625 0.04296875 0.0265625
7 0.69921875 0.3640625 0.040625 0.02890625
8 0.0921875 0.50625 0.040625 0.31015625