7 0.3734375 0.25390625 0.05078125 0.0265625
7 0.4421875 0.25390625 0.03359375 0.040625
7 0.54453125 0.26328125 0.03125 0.0265625
7 0.6296875 0.27265625 0.04296875 0.0453125
2 0.3703125 0.2828125 0.04296875 0.05546875
7 0.5140625 0.28515625 0.03359375 0.0359375
7 0.728125 0.2859375 0.03359375 0.02421875
7 0.11796875 0.2875 0.071875 0.103125
7 0.8296875 0.290625 0.0578125 0.03359375
7 0.61171875 0.2984375 0.040625 0.03828125
7 0.72265625 0.3171875 0.06953125 0.03828125
8 0.365625 0.478125 0.09609375 0.47109375
8 0.446875 0.5046875 0.0671875 0.509375
5 0.4 0.509375 0.01171875 0.02421875
5 0.3890625 0.52265625 0.01953125 0.0453125
5 0.45546875 0.52890625 0.021875 0.03828125
8 0.53125 0.53125 0.08671875 0.52890625
5 0.4890625 0.5453125 0.0171875 0.03359375
8 0.828125 0.54921875 0.0890625 0.5796875
8 0.61796875 0.56015625 0.09609375 0.553125
5 0.5515625 0.56875 0.021875 0.040625
5 0.86171875 0.584375 0.0171875 0.03828125
8 0.12734375 0.59375 0.178125 0.72578125
5 0.6359375 0.5984375 0.0265625 0.04296875
8 0.725 0.60078125 0.11796875 0.58671875
5 0.671875 0.6046875 0.01171875 0.0265625
5 0.76328125 0.634375 0.021875 0.02890625
5 0.16328125 0.646875 0.03359375 0.0578125
9 0.734375 0.8640625 0.0625 0.0671875
9 0.62734375 0.81875 0.040625 0.06953125
9 0.5921875 0.80546875 0.06015625 0.040625
9 0.5328125 0.77421875 0.04296875 0.05078125
9 0.70078125 0.85234375 0.05546875 0.040625
9 0.38203125 0.6921875 0.053125 0.05546875
9 0.45546875 0.73046875 0.0484375 0.05546875
9 0.4265625 0.7171875 0.06015625 0.0453125
9 0.1359375 0.91328125 0.1203125 0.08203125