2 0.134375 0.27421875 0.053125 0.1109375
7 0.76796875 0.28515625 0.0453125 0.03125
7 0.95078125 0.30390625 0.0265625 0.03125
2 0.76953125 0.33046875 0.04296875 0.07421875
2 0.94921875 0.334375 0.03359375 0.0484375
4 0.8703125 0.3703125 0.03828125 0.09140625
4 0.57578125 0.39296875 0.19453125 0.31015625
4 0.94609375 0.41328125 0.0265625 0.0765625
8 0.8125 0.43125 0.15859375 0.3390625
8 0.9515625 0.45078125 0.09609375 0.3390625
4 0.74765625 0.48203125 0.02890625 0.06953125
8 0.1859375 0.60546875 0.2765625 0.77890625
4 0.83203125 0.078125 0.10078125 0.13671875
4 0.20546875 0.821875 0.103125 0.134375
4 0.8140625 0.83984375 0.040625 0.07421875
4 0.1859375 0.8796875 0.06015625 0.134375
4 0.73203125 0.90234375 0.06484375 0.07421875
4 0.328125 0.0984375 0.23828125 0.196875
4 0.115625 0.109375 0.23046875 0.21875
7 0.12265625 0.228125 0.08203125 0.02890625