2 0.7796875 0.390625 0.0359375 0.05546875
2 0.51796875 0.4078125 0.03125 0.06015625
2 0.3078125 0.4203125 0.0484375 0.04296875
4 0.2671875 0.46875 0.02421875 0.02890625
4 0.759375 0.4890625 0.03828125 0.0359375
4 0.584375 0.540625 0.0140625 0.01953125
4 0.4234375 0.55390625 0.0140625 0.0265625
4 0.521875 0.56015625 0.03359375 0.03828125
8 0.51796875 0.5984375 0.11328125 0.4953125
8 0.43046875 0.60234375 0.0671875 0.28125
5 0.14453125 0.6046875 0.0140625 0.0171875
8 0.28515625 0.60546875 0.15625 0.4953125
8 0.6046875 0.61171875 0.06953125 0.30078125
4 0.6921875 0.6140625 0.01953125 0.0453125
5 0.9078125 0.615625 0.01171875 0.01953125
5 0.21015625 0.615625 0.01171875 0.02421875
5 0.165625 0.61796875 0.0140625 0.01953125
8 0.77265625 0.6265625 0.18515625 0.63203125
5 0.88125 0.6296875 0.00703125 0.02421875
5 0.94140625 0.63359375 0.00703125 0.0265625
5 0.90390625 0.6359375 0.009375 0.00703125
9 0.20546875 0.796875 0.06953125 0.06484375
9 0.8125 0.88359375 0.06015625 0.07421875
9 0.29921875 0.83046875 0.0578125 0.06015625
9 0.4953125 0.79453125 0.0359375 0.0484375
9 0.51796875 0.83515625 0.04296875 0.0578125
9 0.40859375 0.70078125 0.0265625 0.0359375
9 0.43359375 0.73671875 0.02890625 0.0359375