2 0.890625 0.31484375 0.103125 0.1828125
1 0.58984375 0.35703125 0.1515625 0.17578125
8 0.34140625 0.39453125 0.3703125 0.72109375
8 0.9015625 0.4046875 0.196875 0.6515625
8 0.65390625 0.40859375 0.3796875 0.60546875
5 0.8640625 0.453125 0.06953125 0.11796875
5 0.57421875 0.5484375 0.10546875 0.08203125
4 0.53984375 0.61328125 0.13203125 0.10078125
4 0.13125 0.7453125 0.07421875 0.125
4 0.6 0.76796875 0.12265625 0.07421875
7 0.3421875 0.10234375 0.1609375 0.12734375
7 0.8921875 0.17421875 0.1109375 0.15625
7 0.55390625 0.2171875 0.146875 0.2046875
1 0.35078125 0.23828125 0.125 0.2015625
3 0.36640625 0.2328125 0.1109375 0.071875
3 0.5578125 0.37265625 0.09609375 0.0453125
3 0.859375 0.30859375 0.07421875 0.0890625