7 0.24296875 0.2671875 0.134375 0.115625
7 0.7671875 0.31015625 0.15390625 0.09609375
7 0.49609375 0.34609375 0.11796875 0.09609375
1 0.24609375 0.38125 0.103125 0.1078125
1 0.7640625 0.3890625 0.071875 0.09609375
1 0.4984375 0.44140625 0.103125 0.13203125
8 0.2390625 0.5953125 0.3390625 0.7953125
8 0.796875 0.62109375 0.38203125 0.75703125
8 0.4859375 0.6390625 0.3296875 0.72109375
4 0.6359375 0.671875 0.06015625 0.1515625
4 0.375 0.69921875 0.071875 0.15859375
4 0.19453125 0.74296875 0.0765625 0.16796875
3 0.24375 0.3140625 0.125 0.0796875
3 0.5015625 0.415625 0.09609375 0.0796875