1 0.884375 0.3140625 0.053125 0.07421875
1 0.1390625 0.3265625 0.0671875 0.071875
1 0.5953125 0.35078125 0.06484375 0.0625
1 0.38125 0.365625 0.05546875 0.0671875
1 0.26796875 0.38359375 0.05078125 0.05546875
1 0.46640625 0.3921875 0.053125 0.0625
4 0.55546875 0.46171875 0.03359375 0.08671875
4 0.83203125 0.509375 0.04296875 0.08203125
4 0.3234375 0.5171875 0.0359375 0.09609375
4 0.24375 0.540625 0.0359375 0.10078125
4 0.4359375 0.540625 0.0453125 0.0765625
4 0.6734375 0.5453125 0.03359375 0.09140625
4 0.084375 0.57578125 0.03828125 0.0796875
8 0.9203125 0.60546875 0.15859375 0.78828125
8 0.12109375 0.61796875 0.15625 0.7640625
8 0.6078125 0.634375 0.15859375 0.73046875
8 0.77421875 0.63828125 0.14453125 0.7234375
8 0.265625 0.6390625 0.12734375 0.72109375
8 0.36796875 0.64375 0.1140625 0.7125
8 0.4796875 0.65859375 0.13203125 0.6828125
4 0.64296875 0.7703125 0.040625 0.084375
3 0.771875 0.3453125 0.06484375 0.02890625
3 0.59140625 0.35 0.0578125 0.0359375
3 0.46484375 0.38125 0.0453125 0.02890625
3 0.14453125 0.30625 0.06953125 0.03359375