7 0.759375 0.2515625 0.0765625 0.040625
7 0.4484375 0.2546875 0.0453125 0.03359375
7 0.40625 0.25703125 0.04296875 0.04296875
7 0.334375 0.2828125 0.071875 0.040625
7 0.8578125 0.2875 0.08203125 0.06953125
7 0.5359375 0.3015625 0.03828125 0.0265625
8 0.46640625 0.33203125 0.1390625 0.259375
2 0.32109375 0.34140625 0.06953125 0.09609375
7 0.60234375 0.3421875 0.06484375 0.05546875
5 0.0453125 0.37890625 0.009375 0.01171875
5 0.61875 0.45703125 0.03125 0.02890625
7 0.50390625 0.49765625 0.11796875 0.10546875
8 0.84765625 0.4984375 0.2859375 0.353125
5 0.39921875 0.50859375 0.071875 0.05546875
5 0.78125 0.5375 0.0484375 0.06953125
8 0.2296875 0.5484375 0.2953125 0.7453125
5 0.59765625 0.5578125 0.040625 0.03828125
5 0.41484375 0.63203125 0.084375 0.09140625
8 0.41796875 0.65390625 0.3078125 0.40859375
5 0.44609375 0.83671875 0.06484375 0.08671875
7 0.25625 0.21484375 0.11796875 0.0796875