1 0.4515625 0.353125 0.053125 0.10546875
1 0.68359375 0.3765625 0.0453125 0.07421875
4 0.35703125 0.43046875 0.05078125 0.09140625
5 0.61328125 0.52734375 0.03828125 0.05546875
4 0.4484375 0.54296875 0.05078125 0.0765625
8 0.4125 0.5578125 0.24296875 0.72578125
4 0.66015625 0.584375 0.040625 0.0625
8 0.9234375 0.615625 0.10546875 0.28828125
1 0.4015625 0.61875 0.0625 0.13203125
8 0.725 0.61875 0.17578125 0.709375
5 0.95703125 0.71484375 0.02421875 0.03125
5 0.39296875 0.7296875 0.0359375 0.05546875
8 0.5984375 0.734375 0.2546875 0.5265625
8 0.3640625 0.74140625 0.26171875 0.5171875
5 0.6578125 0.87265625 0.03125 0.0578125
5 0.46171875 0.978125 0.03828125 0.03828125
7 0.384375 0.51796875 0.0890625 0.10546875
7 0.5625 0.49375 0.0671875 0.071875
1 0.578125 0.5640625 0.0484375 0.0796875
7 0.46640625 0.2546875 0.0890625 0.103125
7 0.69375 0.30546875 0.06953125 0.07421875
7 0.92578125 0.49140625 0.0359375 0.0359375