7 0.13828125 0.41796875 0.05078125 0.0625
7 0.24765625 0.41953125 0.02421875 0.021875
7 0.4484375 0.4234375 0.021875 0.02421875
7 0.46640625 0.43359375 0.02890625 0.0171875
7 0.36796875 0.43515625 0.02890625 0.02890625
7 0.6203125 0.44375 0.01953125 0.0171875
7 0.56015625 0.44453125 0.02890625 0.01953125
7 0.725 0.46171875 0.0265625 0.02421875
7 0.8703125 0.46171875 0.01953125 0.0140625
7 0.7828125 0.4625 0.021875 0.0171875
7 0.8390625 0.4625 0.01953125 0.0171875
7 0.9078125 0.4703125 0.01171875 0.021875
7 0.540625 0.47109375 0.02421875 0.02421875
4 0.19609375 0.47265625 0.01171875 0.021875
7 0.6359375 0.475 0.03125 0.021875
4 0.30078125 0.47734375 0.01953125 0.0171875
4 0.32421875 0.48828125 0.0140625 0.01953125
8 0.25 0.5203125 0.053125 0.228125
4 0.953125 0.5203125 0.021875 0.0265625
4 0.4171875 0.521875 0.021875 0.01953125
4 0.8453125 0.5265625 0.021875 0.02890625
4 0.47265625 0.5328125 0.021875 0.0265625
4 0.7828125 0.53359375 0.0265625 0.02421875
8 0.4671875 0.53515625 0.040625 0.228125
4 0.9078125 0.53515625 0.0171875 0.0171875
4 0.884375 0.5359375 0.0140625 0.02421875
8 0.8375 0.5421875 0.06015625 0.18515625
8 0.36328125 0.54453125 0.0671875 0.25234375
8 0.1359375 0.55546875 0.0890625 0.34609375
8 0.77890625 0.55625 0.04296875 0.2046875
8 0.7125 0.56640625 0.0453125 0.21875
4 0.70703125 0.5765625 0.02890625 0.04296875
8 0.62890625 0.5875 0.05078125 0.24765625
4 0.59765625 0.6 0.021875 0.0359375
8 0.53828125 0.6078125 0.071875 0.27890625