2 0.0734375 0.25 0.06953125 0.1390625
7 0.4984375 0.2828125 0.1078125 0.084375
2 0.29921875 0.303125 0.13671875 0.1109375
2 0.50859375 0.36328125 0.084375 0.125
5 0.30390625 0.44609375 0.0796875 0.084375
8 0.8546875 0.5 0.24765625 1
5 0.4390625 0.50625 0.07421875 0.07421875
8 0.15859375 0.50703125 0.3171875 0.9859375
4 0.64765625 0.5921875 0.1078125 0.05546875
8 0.48828125 0.6203125 0.41328125 0.759375
7 0.08203125 0.14296875 0.16328125 0.11328125
4 0.5375 0.1453125 0.1421875 0.0890625
2 0.8171875 0.14921875 0.1109375 0.1296875
7 0.24765625 0.23671875 0.1390625 0.1078125