4 0.42578125 0.3453125 0.04296875 0.06953125
7 0.48046875 0.37265625 0.0578125 0.04296875
7 0.69140625 0.40390625 0.0453125 0.03359375
2 0.4625 0.4109375 0.0453125 0.0625
7 0.3015625 0.42890625 0.0453125 0.03125
4 0.64296875 0.4421875 0.040625 0.071875
7 0.1234375 0.44453125 0.0265625 0.02890625
2 0.69140625 0.44921875 0.040625 0.0765625
4 0.228125 0.4515625 0.04296875 0.0671875
7 0.921875 0.453125 0.0359375 0.021875
2 0.2921875 0.4671875 0.0359375 0.05546875
2 0.12734375 0.47109375 0.02890625 0.053125
4 0.02890625 0.47109375 0.02890625 0.0671875
2 0.92578125 0.484375 0.03359375 0.05546875
4 0.821875 0.4890625 0.03828125 0.05546875
4 0.47109375 0.5171875 0.03828125 0.071875
4 0.728125 0.51953125 0.04296875 0.04296875
4 0.38671875 0.52890625 0.02890625 0.04296875
7 0.7921875 0.5328125 0.040625 0.0359375
4 0.31015625 0.5421875 0.03828125 0.06953125
4 0.93125 0.5578125 0.0453125 0.04296875
2 0.79296875 0.56640625 0.03359375 0.0453125
4 0.1625 0.5875 0.0359375 0.05546875
4 0.53359375 0.60703125 0.02890625 0.05546875
8 0.4625 0.64921875 0.19453125 0.58671875
8 0.28359375 0.65390625 0.14453125 0.4953125
8 0.11171875 0.6546875 0.17578125 0.4640625
8 0.6875 0.6671875 0.178125 0.5265625
4 0.81640625 0.6875 0.03125 0.04296875
8 0.890625 0.7046875 0.18515625 0.53359375