1 0.7671875 0.3078125 0.08671875 0.14921875
1 0.28359375 0.38125 0.08203125 0.1078125
1 0.57578125 0.4046875 0.05546875 0.1078125
1 0.49609375 0.41953125 0.0453125 0.0796875
8 0.8109375 0.55625 0.2765625 0.88671875
4 0.3921875 0.63203125 0.0625 0.09140625
8 0.2609375 0.6390625 0.2328125 0.72109375
8 0.6046875 0.640625 0.1703125 0.71875
8 0.49609375 0.66796875 0.1421875 0.66328125
4 0.28359375 0.71015625 0.0484375 0.06953125
4 0.4203125 0.76171875 0.03359375 0.053125
4 0.51953125 0.8015625 0.02421875 0.05078125
4 0.61796875 0.92578125 0.053125 0.09140625