6 0.5734375 0.271875 0.0453125 0.0484375
6 0.38359375 0.35546875 0.0359375 0.04296875
8 0.6875 0.3765625 0.0765625 0.1515625
6 0.50859375 0.384375 0.0265625 0.02890625
4 0.2859375 0.4171875 0.08203125 0.09375
8 0.57109375 0.44921875 0.1703125 0.41328125
5 0.53515625 0.4515625 0.01171875 0.02890625
8 0.95625 0.45234375 0.0875 0.2671875
8 0.8609375 0.45703125 0.10546875 0.259375
5 0.4078125 0.459375 0.0171875 0.02421875
8 0.41328125 0.49140625 0.1296875 0.3296875
4 0.35703125 0.5015625 0.0453125 0.103125
8 0.25 0.5046875 0.3265625 0.990625
6 0.32421875 0.084375 0.125 0.14921875
2 0.3109375 0.1703125 0.05078125 0.08671875