2 0.56015625 0.38828125 0.10078125 0.13203125
8 0.19453125 0.57890625 0.3890625 0.8421875
8 0.58671875 0.6140625 0.45703125 0.771875
4 0.75703125 0.68125 0.0765625 0.11796875
4 0.02578125 0.6828125 0.0515625 0.178125
4 0.33515625 0.72109375 0.084375 0.14921875
4 0.9203125 0.7453125 0.03359375 0.0625
4 0.4171875 0.7703125 0.06015625 0.13203125
3 0.2046875 0.275 0.13203125 0.12734375
7 0.86640625 0.49296875 0.07421875 0.07421875
7 0.5640625 0.296875 0.14453125 0.09375
7 0.20703125 0.20078125 0.15625 0.1109375