4 0.76328125 0.14296875 0.19453125 0.11796875
4 0.4984375 0.22265625 0.13671875 0.1828125
4 0.275 0.16015625 0.20703125 0.1390625
4 0.26796875 0.359375 0.21171875 0.1296875
4 0.2328125 0.525 0.18515625 0.15859375
4 0.25390625 0.71640625 0.23828125 0.11328125
4 0.21484375 0.875 0.1828125 0.20703125
4 0.771875 0.91015625 0.21875 0.13671875
4 0.77421875 0.71015625 0.2046875 0.14921875
4 0.78515625 0.52734375 0.17578125 0.134375
4 0.75 0.353125 0.209375 0.1515625
4 0.48671875 0.74375 0.17578125 0.22578125