7 0.12890625 0.2953125 0.103125 0.0671875
7 0.7390625 0.3109375 0.06484375 0.05546875
7 0.4 0.31640625 0.06015625 0.0359375
7 0.584375 0.33984375 0.0484375 0.040625
7 0.48203125 0.34140625 0.05546875 0.03359375
7 0.64296875 0.3421875 0.07421875 0.05078125
7 0.80625 0.3484375 0.13203125 0.09140625
2 0.1453125 0.3484375 0.05546875 0.0671875
2 0.3953125 0.3546875 0.0359375 0.06015625
2 0.728125 0.36171875 0.03828125 0.0890625
2 0.475 0.37265625 0.0359375 0.053125
2 0.58046875 0.38359375 0.03125 0.06953125
2 0.6296875 0.38359375 0.02421875 0.0796875
5 0.21171875 0.4109375 0.0578125 0.0578125
2 0.771875 0.41328125 0.04296875 0.1296875
5 0.4546875 0.4375 0.02890625 0.0625
5 0.375 0.446875 0.02890625 0.053125
8 0.14765625 0.46640625 0.18984375 0.45703125
5 0.52265625 0.49765625 0.0453125 0.04296875
5 0.57421875 0.5 0.04296875 0.053125
5 0.640625 0.51328125 0.05546875 0.06015625
5 0.70546875 0.5171875 0.06484375 0.08671875
8 0.396875 0.55390625 0.1296875 0.540625
5 0.678125 0.58203125 0.0671875 0.08671875
8 0.48828125 0.59609375 0.1109375 0.58671875
8 0.57421875 0.61640625 0.071875 0.61328125
8 0.6515625 0.6421875 0.09140625 0.6828125
8 0.78125 0.6546875 0.2640625 0.68984375