7 0.86171875 0.41796875 0.05078125 0.0625
7 0.75234375 0.41953125 0.02421875 0.021875
7 0.5515625 0.4234375 0.021875 0.02421875
7 0.53359375 0.43359375 0.02890625 0.0171875
7 0.63203125 0.43515625 0.02890625 0.02890625
7 0.3796875 0.44375 0.01953125 0.0171875
7 0.43984375 0.44453125 0.02890625 0.01953125
7 0.275 0.46171875 0.0265625 0.02421875
7 0.1296875 0.46171875 0.01953125 0.0140625
7 0.2171875 0.4625 0.021875 0.0171875
7 0.1609375 0.4625 0.01953125 0.0171875
7 0.0921875 0.4703125 0.01171875 0.021875
7 0.459375 0.47109375 0.02421875 0.02421875
4 0.80390625 0.47265625 0.01171875 0.021875
7 0.3640625 0.475 0.03125 0.021875
4 0.69921875 0.47734375 0.01953125 0.0171875
4 0.67578125 0.48828125 0.0140625 0.01953125
8 0.75 0.5203125 0.053125 0.228125
4 0.046875 0.5203125 0.021875 0.0265625
4 0.5828125 0.521875 0.021875 0.01953125
4 0.1546875 0.5265625 0.021875 0.02890625
4 0.52734375 0.5328125 0.021875 0.0265625
4 0.2171875 0.53359375 0.0265625 0.02421875
8 0.5328125 0.53515625 0.040625 0.228125
4 0.0921875 0.53515625 0.0171875 0.0171875
4 0.115625 0.5359375 0.0140625 0.02421875
8 0.1625 0.5421875 0.06015625 0.18515625
8 0.63671875 0.54453125 0.0671875 0.25234375
8 0.8640625 0.55546875 0.0890625 0.34609375
8 0.22109375 0.55625 0.04296875 0.2046875
8 0.2875 0.56640625 0.0453125 0.21875
4 0.29296875 0.5765625 0.02890625 0.04296875
8 0.37109375 0.5875 0.05078125 0.24765625
4 0.40234375 0.6 0.021875 0.0359375
8 0.46171875 0.6078125 0.071875 0.27890625