8 0.28515625 0.27734375 0.18984375 0.5453125
8 0.59765625 0.2859375 0.18046875 0.5578125
8 0.7125 0.484375 0.48828125 0.96875
8 0.14765625 0.49765625 0.2859375 0.9953125
7 0.28828125 0.05078125 0.1203125 0.0578125
7 0.5609375 0.0515625 0.1078125 0.084375
7 0.1546875 0.0671875 0.19453125 0.115625
4 0.88671875 0.86640625 0.0625 0.12734375
4 0.50234375 0.8859375 0.1109375 0.103125
4 0.38203125 0.8921875 0.09609375 0.10546875
1 0.72578125 0.1046875 0.0765625 0.17578125
1 0.5640625 0.13359375 0.0890625 0.12265625
1 0.2984375 0.1390625 0.0671875 0.1390625
1 0.2125 0.2015625 0.0984375 0.1921875
3 0.31484375 0.1390625 0.06953125 0.06015625