1 0.15390625 0.24140625 0.0671875 0.11328125
1 0.35234375 0.25234375 0.06015625 0.1203125
1 0.7203125 0.259375 0.06953125 0.134375
5 0.3484375 0.4109375 0.03359375 0.0765625
8 0.88671875 0.5421875 0.178125 0.915625
8 0.15 0.565625 0.225 0.86875
8 0.34765625 0.56953125 0.165625 0.8609375
8 0.71484375 0.5734375 0.19921875 0.853125
5 0.396875 0.58984375 0.02421875 0.07421875
5 0.97578125 0.60703125 0.0140625 0.03125
5 0.7390625 0.6359375 0.05078125 0.0796875
5 0.81015625 0.65625 0.01953125 0.053125
5 0.953125 0.6828125 0.03125 0.053125
5 0.24609375 0.69140625 0.03125 0.06484375
5 0.0828125 0.7078125 0.03125 0.09375
5 0.05625 0.71171875 0.021875 0.053125
5 0.71875 0.0796875 0.01953125 0.053125
5 0.10703125 0.0984375 0.021875 0.0578125
7 0.90859375 0.12734375 0.0671875 0.071875
7 0.15234375 0.171875 0.07421875 0.06015625
7 0.35 0.178125 0.0796875 0.053125
7 0.728125 0.18046875 0.0671875 0.0484375
7 0.02421875 0.1921875 0.0484375 0.02890625
1 0.9015625 0.20546875 0.0625 0.103125
1 0.02734375 0.23203125 0.05078125 0.084375