1 0.36328125 0.275 0.10546875 0.084375
1 0.59140625 0.328125 0.09140625 0.103125
8 0.6296875 0.50234375 0.3265625 0.9953125
8 0.30625 0.52734375 0.4015625 0.90625
4 0.728125 0.06015625 0.1203125 0.1203125
4 0.1984375 0.1625 0.06953125 0.13203125
3 0.3734375 0.234375 0.1109375 0.06015625
3 0.5875 0.2953125 0.11328125 0.0453125
9 0.23203125 0.946875 0.1296875 0.10546875
9 0.41953125 0.9328125 0.10546875 0.09609375
9 0.5328125 0.9375 0.11328125 0.084375
9 0.65 0.95546875 0.09375 0.084375
4 0.45078125 0.65234375 0.0625 0.0890625