1 0.54296875 0.25859375 0.071875 0.1609375
1 0.33515625 0.3015625 0.06484375 0.11796875
1 0.8171875 0.33671875 0.10078125 0.1875
1 0.1140625 0.3609375 0.06953125 0.115625
4 0.3125 0.5328125 0.02890625 0.07421875
4 0.3421875 0.53984375 0.0359375 0.06953125
8 0.54921875 0.5609375 0.21875 0.87734375
8 0.81484375 0.571875 0.2984375 0.85546875
4 0.51171875 0.66796875 0.04296875 0.115625
4 0.74296875 0.83515625 0.04296875 0.1078125
4 0.7796875 0.84375 0.05078125 0.1109375
4 0.10546875 0.9109375 0.04296875 0.09609375
4 0.1359375 0.9171875 0.05078125 0.0984375
7 0.5484375 0.1578125 0.0625 0.07421875
7 0.8328125 0.22109375 0.146875 0.09609375
7 0.34375 0.225 0.08203125 0.08203125
7 0.11875 0.27734375 0.09140625 0.084375