4 0.8609375 0.32109375 0.02421875 0.040625
4 0.89453125 0.32578125 0.0140625 0.0359375
4 0.634375 0.3296875 0.03828125 0.071875
4 0.0203125 0.334375 0.0171875 0.04296875
4 0.6828125 0.33671875 0.01953125 0.04296875
4 0.5515625 0.33984375 0.021875 0.06015625
4 0.81484375 0.34609375 0.01953125 0.04296875
4 0.79453125 0.34765625 0.0265625 0.06015625
4 0.39921875 0.353125 0.03359375 0.08671875
4 0.46640625 0.3609375 0.01953125 0.03828125
4 0.4421875 0.36171875 0.01953125 0.05546875
7 0.725 0.3734375 0.03125 0.03125
4 0.16953125 0.3796875 0.021875 0.02421875
7 0.303125 0.39453125 0.04296875 0.02421875
4 0.89453125 0.39765625 0.01953125 0.0265625
7 0.07109375 0.4 0.06015625 0.0359375
2 0.7171875 0.41015625 0.05078125 0.06484375
4 0.58203125 0.4125 0.01953125 0.0359375
4 0.22109375 0.4125 0.02421875 0.05546875
7 0.5171875 0.41484375 0.08203125 0.040625
2 0.82421875 0.415625 0.03359375 0.03359375
2 0.2953125 0.4265625 0.03359375 0.05546875
4 0.1921875 0.428125 0.01953125 0.02421875
4 0.65625 0.44921875 0.03828125 0.0578125
2 0.05546875 0.45078125 0.053125 0.06484375
2 0.521875 0.47578125 0.0625 0.0765625
4 0.79296875 0.4828125 0.03359375 0.04296875
4 0.21875 0.48671875 0.02421875 0.040625
4 0.446875 0.5265625 0.053125 0.09609375
8 0.81953125 0.56875 0.134375 0.5171875
8 0.28828125 0.6359375 0.1828125 0.521875
8 0.7078125 0.6453125 0.18984375 0.709375
8 0.49375 0.64921875 0.2328125 0.7015625
8 0.09765625 0.6875 0.15625 0.625
9 0.671875 0.94375 0.05546875 0.06484375
9 0.7828125 0.9625 0.0578125 0.07421875
9 0.8015625 0.775 0.05078125 0.06484375
9 0.87109375 0.7859375 0.0453125 0.06015625
9 0.8953125 0.7046875 0.0453125 0.04296875
9 0.92421875 0.65390625 0.0359375 0.0453125
9 0.2796875 0.8421875 0.05078125 0.0578125
9 0.35078125 0.86796875 0.05078125 0.071875
9 0.21875 0.61875 0.04296875 0.03828125
9 0.41328125 0.63671875 0.02890625 0.0359375
7 0.0828125 0.36328125 0.05078125 0.03359375
7 0.8234375 0.3859375 0.040625 0.03828125
7 0.85078125 0.359375 0.040625 0.03125
7 0.89453125 0.359375 0.03125 0.0265625
7 0.91796875 0.3546875 0.021875 0.021875
7 0.49140625 0.37890625 0.04296875 0.0265625
7 0.30078125 0.3640625 0.040625 0.02890625
8 0.9078125 0.50625 0.040625 0.31015625