7 0.78515625 0.2828125 0.07421875 0.040625
7 0.4359375 0.29296875 0.040625 0.02421875
2 0.625 0.2984375 0.053125 0.071875
7 0.31953125 0.303125 0.02890625 0.02890625
7 0.88125 0.30625 0.0453125 0.040625
7 0.9265625 0.31015625 0.03125 0.02421875
7 0.22734375 0.31015625 0.021875 0.02421875
7 0.6859375 0.3125 0.040625 0.03359375
2 0.7859375 0.31640625 0.0484375 0.05078125
2 0.4421875 0.32421875 0.03359375 0.0484375
2 0.32578125 0.32421875 0.0265625 0.04296875
4 0.69609375 0.39296875 0.0171875 0.021875
4 0.91015625 0.4046875 0.0265625 0.0359375
4 0.2234375 0.40625 0.02421875 0.02421875
4 0.3109375 0.41484375 0.0265625 0.0453125
4 0.4375 0.4171875 0.02890625 0.0453125
4 0.94140625 0.41796875 0.021875 0.02890625
4 0.1546875 0.43046875 0.01171875 0.02890625
4 0.79921875 0.43359375 0.0359375 0.040625
4 0.2234375 0.446875 0.01953125 0.02421875
4 0.66328125 0.4546875 0.03828125 0.0578125
4 0.1265625 0.4578125 0.0171875 0.0359375
4 0.4984375 0.475 0.021875 0.040625
8 0.23046875 0.47734375 0.08671875 0.38203125
4 0.3171875 0.48203125 0.02890625 0.040625
8 0.87265625 0.490625 0.10546875 0.428125
4 0.6671875 0.49765625 0.0265625 0.03359375
8 0.3171875 0.5 0.08203125 0.47578125
8 0.76328125 0.5328125 0.13671875 0.56484375
8 0.44609375 0.53359375 0.11328125 0.53828125
8 0.58984375 0.5578125 0.1609375 0.7015625
4 0.53359375 0.60546875 0.02890625 0.04296875
7 0.61640625 0.23046875 0.06015625 0.0484375
9 0.73828125 0.9 0.084375 0.0890625
9 0.50703125 0.7703125 0.0625 0.06015625
9 0.41015625 0.75234375 0.06015625 0.053125
9 0.3578125 0.7015625 0.05078125 0.0484375
9 0.303125 0.69453125 0.03828125 0.040625
9 0.89296875 0.765625 0.071875 0.05546875
9 0.72578125 0.7609375 0.05546875 0.04296875
9 0.56640625 0.84765625 0.0796875 0.05546875
9 0.97109375 0.68515625 0.0578125 0.05546875
9 0.8765625 0.65625 0.05546875 0.0359375
9 0.2671875 0.62890625 0.040625 0.040625