2 0.9546875 0.29921875 0.0765625 0.17578125
2 0.4265625 0.3375 0.06953125 0.11796875
2 0.8953125 0.4109375 0.0453125 0.09609375
2 0.2671875 0.4421875 0.053125 0.071875
2 0.171875 0.53125 0.0265625 0.0484375
4 0.69453125 0.55546875 0.10078125 0.10078125
8 0.50859375 0.59375 0.3296875 0.8125
4 0.08046875 0.6203125 0.0359375 0.0578125
8 0.27734375 0.6765625 0.18515625 0.646875
8 0.16796875 0.68984375 0.1203125 0.41796875
4 0.60078125 0.72734375 0.08671875 0.13671875
4 0.1390625 0.72734375 0.02421875 0.0796875
7 0.4125 0.25 0.103125 0.10546875
7 0.8890625 0.3578125 0.06953125 0.06953125
7 0.2671875 0.38671875 0.06484375 0.0625
7 0.171875 0.49375 0.0578125 0.04296875