2 0.1453125 0.31484375 0.0890625 0.15859375
2 0.2234375 0.3171875 0.0765625 0.1390625
2 0.6703125 0.421875 0.09140625 0.1078125
2 0.35 0.42421875 0.06953125 0.084375
2 0.8609375 0.42421875 0.0484375 0.06015625
4 0.52421875 0.46015625 0.03828125 0.03125
4 0.5515625 0.46640625 0.021875 0.04296875
4 0.446875 0.49140625 0.053125 0.06953125
4 0.50234375 0.49296875 0.04296875 0.0578125
5 0.8734375 0.5015625 0.0265625 0.0453125
4 0.54296875 0.5046875 0.04296875 0.02890625
4 0.4640625 0.51953125 0.04296875 0.071875
8 0.16875 0.55546875 0.3375 0.8671875
4 0.2765625 0.56015625 0.134375 0.1921875
8 0.41953125 0.5625 0.30546875 0.490625
8 0.6453125 0.6296875 0.31484375 0.6828125
4 0.3640625 0.6453125 0.13203125 0.11328125
4 0.36328125 0.6890625 0.125 0.11796875
4 0.49375 0.72109375 0.07421875 0.09140625
4 0.1546875 0.859375 0.26171875 0.24765625
7 0.68984375 0.328125 0.1421875 0.09609375
7 0.22109375 0.2078125 0.10546875 0.1078125
7 0.0984375 0.16796875 0.178125 0.146875
7 0.3234375 0.359375 0.12265625 0.08671875