7 0.240625 0.2515625 0.0765625 0.040625
7 0.5515625 0.2546875 0.0453125 0.03359375
7 0.59375 0.25703125 0.04296875 0.04296875
7 0.665625 0.2828125 0.071875 0.040625
7 0.1421875 0.2875 0.08203125 0.06953125
7 0.4640625 0.3015625 0.03828125 0.0265625
8 0.53359375 0.33203125 0.1390625 0.259375
2 0.67890625 0.34140625 0.06953125 0.09609375
7 0.39765625 0.3421875 0.06484375 0.05546875
5 0.9546875 0.37890625 0.009375 0.01171875
5 0.38125 0.45703125 0.03125 0.02890625
7 0.49609375 0.49765625 0.11796875 0.10546875
8 0.15234375 0.4984375 0.2859375 0.353125
5 0.60078125 0.50859375 0.071875 0.05546875
5 0.21875 0.5375 0.0484375 0.06953125
8 0.7703125 0.5484375 0.2953125 0.7453125
5 0.40234375 0.5578125 0.040625 0.03828125
5 0.58515625 0.63203125 0.084375 0.09140625
8 0.58203125 0.65390625 0.3078125 0.40859375
5 0.55390625 0.83671875 0.06484375 0.08671875
7 0.74375 0.21484375 0.11796875 0.0796875