2 0.47265625 0.290625 0.103125 0.14453125
2 0.53828125 0.30078125 0.0578125 0.1203125
5 0.0140625 0.54296875 0.028125 0.0578125
5 0.0953125 0.55390625 0.0453125 0.06015625
8 0.6453125 0.55625 0.3390625 0.88671875
8 0.4203125 0.5671875 0.3125 0.865625
4 0.5203125 0.6359375 0.06015625 0.084375
5 0.38828125 0.68046875 0.06015625 0.115625
5 0.703125 0.91328125 0.06015625 0.1109375
4 0.33984375 0.96640625 0.06953125 0.0625
7 0.584375 0.2015625 0.1828125 0.10078125
3 0.07578125 0.2703125 0.05078125 0.03359375
2 0.0765625 0.2859375 0.05078125 0.06484375
7 0.07578125 0.24609375 0.06953125 0.0453125
2 0.015625 0.4125 0.03125 0.05546875