7 0.72265625 0.24296875 0.103125 0.10078125
4 0.521875 0.2765625 0.053125 0.1421875
2 0.28984375 0.2984375 0.07421875 0.1078125
4 0.43125 0.303125 0.0453125 0.09609375
7 0.98046875 0.30625 0.03828125 0.05078125
4 0.09609375 0.32421875 0.04296875 0.1109375
2 0.728125 0.334375 0.08671875 0.115625
7 0.384375 0.37265625 0.053125 0.053125
4 0.859375 0.38203125 0.0453125 0.1203125
4 0.915625 0.4 0.03359375 0.07421875
7 0.1734375 0.4546875 0.053125 0.03828125
4 0.12265625 0.5515625 0.071875 0.084375
4 0.4546875 0.58046875 0.0578125 0.0890625
4 0.7921875 0.584375 0.05078125 0.0765625
8 0.66015625 0.5875 0.2953125 0.790625
8 0.20703125 0.59765625 0.26953125 0.78125
8 0.54453125 0.61640625 0.1515625 0.728125
8 0.9359375 0.64453125 0.12734375 0.70703125
8 0.85234375 0.64765625 0.11796875 0.7046875
4 0.11796875 0.65625 0.04296875 0.053125
8 0.0609375 0.66015625 0.0984375 0.63203125
4 0.92578125 0.665625 0.0578125 0.10546875
8 0.3703125 0.67578125 0.1109375 0.60078125
4 0.640625 0.73203125 0.06015625 0.13203125
7 0.28828125 0.22734375 0.0578125 0.040625
9 0.1578125 0.9171875 0.06953125 0.06484375
9 0.37265625 0.94453125 0.07421875 0.06484375