1 0.8109375 0.25703125 0.146875 0.1875
7 0.44453125 0.2875 0.115625 0.09375
7 0.5359375 0.30078125 0.09609375 0.0625
1 0.6625 0.33046875 0.09375 0.12734375
1 0.2703125 0.3421875 0.0984375 0.12265625
1 0.52734375 0.36875 0.0796875 0.0984375
1 0.46484375 0.3890625 0.07421875 0.1296875
8 0.853125 0.525 0.29296875 0.94921875
8 0.671875 0.5734375 0.2671875 0.853125
8 0.1921875 0.59140625 0.34609375 0.8171875
8 0.440625 0.62578125 0.2625 0.7484375
5 0.47265625 0.63203125 0.06484375 0.08671875
5 0.51171875 0.6515625 0.04296875 0.0625
5 0.3015625 0.66484375 0.021875 0.06015625
5 0.6578125 0.665625 0.084375 0.08203125
5 0.603125 0.678125 0.0484375 0.08203125
5 0.0578125 0.6859375 0.04296875 0.05078125
5 0.0046875 0.703125 0.009375 0.0359375
5 0.69921875 0.703125 0.10078125 0.084375
5 0.12265625 0.7359375 0.053125 0.071875
5 0.70078125 0.78828125 0.12265625 0.10546875
7 0.796875 0.109375 0.1703125 0.13203125
1 0.94921875 0.1734375 0.10078125 0.1875
7 0.65 0.23046875 0.103125 0.1296875
7 0.25703125 0.2296875 0.12265625 0.134375