7 0.3125 0.3453125 0.1390625 0.13203125
7 0.8765625 0.3953125 0.1421875 0.1609375
1 0.3390625 0.4171875 0.09140625 0.165625
1 0.8421875 0.49140625 0.1515625 0.209375
4 0.47734375 0.49296875 0.05546875 0.071875
4 0.44921875 0.5625 0.04296875 0.053125
5 0.6546875 0.6234375 0.06953125 0.06953125
5 0.53359375 0.6265625 0.0765625 0.05546875
8 0.30078125 0.63203125 0.2984375 0.7359375
8 0.8578125 0.6515625 0.28359375 0.696875
5 0.57421875 0.68359375 0.053125 0.0890625
5 0.6421875 0.740625 0.053125 0.08203125
4 0.134375 0.7671875 0.0578125 0.10546875
3 0.178125 0.359375 0.07421875 0.05078125
3 0.62890625 0.4 0.0796875 0.06015625
3 0.4375 0.36640625 0.084375 0.06015625