1 0.490625 0.3109375 0.09140625 0.12734375
8 0.203125 0.35234375 0.18046875 0.50234375
7 0.68125 0.39453125 0.0890625 0.0765625
1 0.7078125 0.475 0.11328125 0.12734375
8 0.38125 0.4953125 0.37734375 0.77421875
8 0.76796875 0.6296875 0.2859375 0.740625
5 0.66015625 0.6625 0.06953125 0.06484375
5 0.47265625 0.71015625 0.06015625 0.06953125
4 0.64296875 0.71640625 0.07421875 0.09140625
7 0.2390625 0.1703125 0.12265625 0.09609375
7 0.5265625 0.19921875 0.09140625 0.196875
2 0.2546875 0.23671875 0.09609375 0.103125