1 0.5421875 0.27890625 0.06953125 0.09609375
1 0.4078125 0.3125 0.06484375 0.115625
1 0.2296875 0.32109375 0.0796875 0.13203125
1 0.7515625 0.3421875 0.06953125 0.13203125
8 0.54296875 0.3453125 0.14453125 0.3578125
4 0.1046875 0.4984375 0.05546875 0.1515625
4 0.84765625 0.521875 0.05546875 0.1203125
8 0.33203125 0.5265625 0.25 0.9375
8 0.6234375 0.5296875 0.1609375 0.93984375
4 0.4859375 0.57109375 0.04296875 0.06015625
8 0.22578125 0.57109375 0.33203125 0.8578125
8 0.75703125 0.60546875 0.27421875 0.78828125
4 0.46484375 0.60703125 0.05546875 0.06484375
4 0.50625 0.640625 0.06484375 0.05078125
4 0.490625 0.6875 0.071875 0.053125
1 0.2984375 0.178125 0.08203125 0.125
1 0.66015625 0.20078125 0.0984375 0.1078125
3 0.23046875 0.27890625 0.0890625 0.07421875
3 0.29453125 0.14296875 0.0890625 0.06015625
3 0.4125 0.275 0.0671875 0.05078125
3 0.53515625 0.25390625 0.06953125 0.0671875
3 0.65625 0.19140625 0.09140625 0.06953125
3 0.75390625 0.30625 0.0796875 0.0671875