5 0.2125 0.25625 0.06015625 0.13203125
5 0.734375 0.2609375 0.05546875 0.13671875
5 0.55390625 0.34375 0.06484375 0.115625
5 0.421875 0.41015625 0.05546875 0.0890625
7 0.46640625 0.475 0.08203125 0.0796875
7 0.13828125 0.478125 0.11796875 0.1203125
7 0.8765625 0.4859375 0.09375 0.10078125
7 0.70703125 0.49765625 0.08203125 0.071875
7 0.97109375 0.5015625 0.0578125 0.06015625
8 0.51328125 0.51328125 0.24765625 0.43515625
2 0.45703125 0.54921875 0.0671875 0.084375
7 0.3078125 0.5609375 0.10546875 0.06484375
2 0.165625 0.57109375 0.08671875 0.13203125
2 0.703125 0.5828125 0.0796875 0.1078125
2 0.96875 0.6078125 0.0578125 0.134375
8 0.12734375 0.6234375 0.21640625 0.415625
2 0.2984375 0.63125 0.0578125 0.0984375
8 0.634375 0.63671875 0.29296875 0.34140625
5 0.8484375 0.6515625 0.0578125 0.09140625
5 0.38359375 0.696875 0.0890625 0.08671875
8 0.9078125 0.69765625 0.184375 0.4921875
8 0.3234375 0.7453125 0.30546875 0.4328125
5 0.58046875 0.775 0.06015625 0.05546875
5 0.12265625 0.9734375 0.0765625 0.053125
3 0.70546875 0.56484375 0.0765625 0.040625
3 0.44921875 0.521875 0.06484375 0.040625