2 0.2203125 0.390625 0.0359375 0.05546875
2 0.48203125 0.4078125 0.03125 0.06015625
2 0.6921875 0.4203125 0.0484375 0.04296875
4 0.7328125 0.46875 0.02421875 0.02890625
4 0.240625 0.4890625 0.03828125 0.0359375
4 0.415625 0.540625 0.0140625 0.01953125
4 0.5765625 0.55390625 0.0140625 0.0265625
4 0.478125 0.56015625 0.03359375 0.03828125
8 0.48203125 0.5984375 0.11328125 0.4953125
8 0.56953125 0.60234375 0.0671875 0.28125
5 0.85546875 0.6046875 0.0140625 0.0171875
8 0.71484375 0.60546875 0.15625 0.4953125
8 0.3953125 0.61171875 0.06953125 0.30078125
4 0.3078125 0.6140625 0.01953125 0.0453125
5 0.0921875 0.615625 0.01171875 0.01953125
5 0.78984375 0.615625 0.01171875 0.02421875
5 0.834375 0.61796875 0.0140625 0.01953125
8 0.22734375 0.6265625 0.18515625 0.63203125
5 0.11875 0.6296875 0.00703125 0.02421875
5 0.05859375 0.63359375 0.00703125 0.0265625
5 0.09609375 0.6359375 0.009375 0.00703125
9 0.79453125 0.796875 0.06953125 0.06484375
9 0.1875 0.88359375 0.06015625 0.07421875
9 0.70078125 0.83046875 0.0578125 0.06015625
9 0.5046875 0.79453125 0.0359375 0.0484375
9 0.48203125 0.83515625 0.04296875 0.0578125
9 0.59140625 0.70078125 0.0265625 0.0359375
9 0.56640625 0.73671875 0.02890625 0.0359375