2 0.109375 0.31484375 0.103125 0.1828125
1 0.41015625 0.35703125 0.1515625 0.17578125
8 0.65859375 0.39453125 0.3703125 0.72109375
8 0.0984375 0.4046875 0.196875 0.6515625
8 0.34609375 0.40859375 0.3796875 0.60546875
5 0.1359375 0.453125 0.06953125 0.11796875
5 0.42578125 0.5484375 0.10546875 0.08203125
4 0.46015625 0.61328125 0.13203125 0.10078125
4 0.86875 0.7453125 0.07421875 0.125
4 0.4 0.76796875 0.12265625 0.07421875
7 0.6578125 0.10234375 0.1609375 0.12734375
7 0.1078125 0.17421875 0.1109375 0.15625
7 0.44609375 0.2171875 0.146875 0.2046875
1 0.64921875 0.23828125 0.125 0.2015625
3 0.63359375 0.2328125 0.1109375 0.071875
3 0.4421875 0.37265625 0.09609375 0.0453125
3 0.140625 0.30859375 0.07421875 0.0890625