2 0.5953125 0.5046875 0.03125 0.04296875
2 0.7078125 0.5046875 0.06015625 0.0578125
2 0.3078125 0.50859375 0.03828125 0.0359375
2 0.265625 0.5109375 0.03125 0.03125
2 0.46484375 0.5109375 0.03125 0.0359375
2 0.540625 0.5109375 0.03828125 0.03125
2 0.37734375 0.515625 0.04296875 0.040625
8 0.3078125 0.5171875 0.053125 0.0671875
2 0.375 0.5203125 0.04296875 0.0359375
2 0.21171875 0.525 0.04296875 0.0359375
4 0.740625 0.55546875 0.05546875 0.0359375
4 0.03359375 0.61328125 0.02890625 0.01953125
8 0.58515625 0.625 0.06484375 0.321875
4 0.0671875 0.6265625 0.03359375 0.0359375
4 0.09609375 0.63828125 0.02421875 0.0359375
8 0.459375 0.64453125 0.0671875 0.3265625
8 0.5328125 0.64921875 0.0796875 0.33203125
8 0.38125 0.6515625 0.0984375 0.35078125
4 0.115625 0.6546875 0.03359375 0.03125
4 0.75 0.66328125 0.0578125 0.04296875
8 0.20546875 0.665625 0.11328125 0.3609375
4 0.4859375 0.6671875 0.03359375 0.0265625
4 0.57421875 0.6671875 0.01953125 0.03125
4 0.31484375 0.6703125 0.03359375 0.03828125
4 0.4203125 0.671875 0.03359375 0.040625
4 0.259375 0.67578125 0.02421875 0.03359375
4 0.1453125 0.68125 0.0359375 0.0359375
8 0.71171875 0.71484375 0.1875 0.56953125