1 0.34765625 0.40859375 0.06484375 0.0671875
1 0.71640625 0.4265625 0.0625 0.0890625
4 0.3234375 0.56484375 0.06953125 0.03828125
4 0.6109375 0.57578125 0.0625 0.05546875
5 0.51796875 0.5953125 0.0359375 0.01171875
5 0.56953125 0.6078125 0.02890625 0.01953125
8 0.6984375 0.62109375 0.38203125 0.603125
8 0.271875 0.6515625 0.25 0.696875
9 0.3421875 0.95078125 0.103125 0.0984375
9 0.2671875 0.94921875 0.06484375 0.10078125
7 0.3546875 0.34765625 0.0984375 0.0984375
7 0.73828125 0.35703125 0.12734375 0.07421875