1 0.2234375 0.271875 0.0671875 0.09609375
1 0.6515625 0.32109375 0.08671875 0.103125
8 0.1921875 0.328125 0.27421875 0.34375
6 0.44453125 0.40625 0.14921875 0.1109375
8 0.6421875 0.49375 0.2984375 0.63671875
4 0.7140625 0.5046875 0.0578125 0.0671875
1 0.4578125 0.52265625 0.0796875 0.103125
8 0.4390625 0.67890625 0.25703125 0.6421875
4 0.67578125 0.8375 0.10546875 0.07421875
4 0.63828125 0.97109375 0.1421875 0.053125
6 0.2140625 0.19375 0.115625 0.084375
6 0.6453125 0.23671875 0.146875 0.1078125
3 0.46484375 0.49609375 0.125 0.0796875