7 0.15859375 0.25625 0.0578125 0.040625
2 0.84765625 0.2765625 0.07421875 0.125
2 0.15234375 0.3015625 0.05078125 0.07421875
2 0.48203125 0.30625 0.09375 0.146875
5 0.0609375 0.33671875 0.021875 0.0484375
2 0.3265625 0.33984375 0.09609375 0.18046875
5 0.375 0.39453125 0.02890625 0.053125
5 0.39921875 0.4046875 0.02421875 0.0890625
8 0.875 0.42421875 0.25 0.49765625
5 0.96640625 0.53984375 0.0671875 0.084375
8 0.61875 0.56015625 0.43984375 0.8796875
8 0.25546875 0.61484375 0.4453125 0.7703125
5 0.40234375 0.7828125 0.06484375 0.11796875
5 0.24375 0.915625 0.12265625 0.1296875
4 0.44140625 0.9375 0.0796875 0.125
7 0.865625 0.196875 0.08203125 0.053125
7 0.30546875 0.23828125 0.14921875 0.071875
7 0.5265625 0.19140625 0.18515625 0.13671875