1 0.3296875 0.390625 0.053125 0.0796875
1 0.17890625 0.3921875 0.05546875 0.071875
1 0.4671875 0.41328125 0.0453125 0.071875
1 0.70078125 0.428125 0.05078125 0.071875
1 0.8234375 0.43515625 0.0453125 0.08671875
1 0.5890625 0.4390625 0.0484375 0.0796875
8 0.3234375 0.6625 0.1515625 0.6609375
8 0.1640625 0.66171875 0.15625 0.6765625
8 0.465625 0.675 0.134375 0.65
4 0.49609375 0.678125 0.0359375 0.0578125
8 0.7078125 0.68125 0.1421875 0.63671875
5 0.2640625 0.6828125 0.02421875 0.0671875
5 0.384375 0.6859375 0.02890625 0.06484375
4 0.46640625 0.6875 0.03359375 0.0578125
8 0.85390625 0.69296875 0.1609375 0.6140625
4 0.2171875 0.69921875 0.0265625 0.0625
4 0.7671875 0.7015625 0.02890625 0.0578125
4 0.10078125 0.70546875 0.02890625 0.06484375
4 0.671875 0.70703125 0.03125 0.053125
5 0.54296875 0.728125 0.02890625 0.0625
4 0.9078125 0.7359375 0.021875 0.0484375
4 0.77734375 0.74140625 0.021875 0.06953125
7 0.178125 0.3421875 0.06953125 0.040625
7 0.33046875 0.35703125 0.071875 0.05078125
7 0.4671875 0.3734375 0.06953125 0.040625
7 0.58515625 0.40234375 0.0625 0.040625
7 0.70078125 0.3796875 0.06484375 0.0453125
7 0.81875 0.4046875 0.06484375 0.0359375
3 0.82578125 0.4265625 0.06484375 0.03125
3 0.33046875 0.37109375 0.05078125 0.02421875