1 0.353125 0.25859375 0.0671875 0.103125
1 0.81875 0.271875 0.0796875 0.10078125
1 0.1859375 0.2984375 0.05546875 0.08671875
1 0.5796875 0.30078125 0.071875 0.09140625
4 0.8921875 0.5109375 0.08203125 0.07421875
4 0.77734375 0.5140625 0.06015625 0.09609375
4 0.525 0.5328125 0.06015625 0.07421875
4 0.6390625 0.53828125 0.0578125 0.071875
4 0.29453125 0.53828125 0.0453125 0.071875
8 0.3609375 0.5640625 0.23046875 0.853125
8 0.8359375 0.565625 0.2625 0.86875
4 0.1609375 0.56875 0.0625 0.07421875
8 0.58984375 0.58515625 0.228125 0.8296875
8 0.14296875 0.5921875 0.23828125 0.81484375
4 0.134375 0.64921875 0.04296875 0.10546875
7 0.353125 0.18984375 0.115625 0.071875
7 0.81875 0.19375 0.13671875 0.0890625
7 0.584375 0.228125 0.10546875 0.0671875
7 0.18984375 0.2359375 0.09609375 0.053125
3 0.1875 0.27734375 0.0671875 0.0359375