4 0.8546875 0.24296875 0.03125 0.04296875
7 0.13203125 0.26328125 0.071875 0.040625
2 0.33046875 0.2671875 0.06015625 0.071875
4 0.7125 0.2703125 0.0359375 0.06015625
4 0.41328125 0.28828125 0.03359375 0.03828125
2 0.140625 0.2921875 0.05078125 0.06015625
5 0.2515625 0.32109375 0.0171875 0.0171875
5 0.1703125 0.3375 0.0140625 0.0171875
4 0.7203125 0.4515625 0.0265625 0.0484375
4 0.4890625 0.46015625 0.021875 0.0359375
8 0.865625 0.475 0.15390625 0.59375
8 0.34609375 0.53515625 0.2015625 0.69453125
8 0.15390625 0.53828125 0.16796875 0.625
8 0.6078125 0.56875 0.178125 0.82421875
4 0.125 0.5796875 0.03359375 0.03359375
4 0.271875 0.5828125 0.02890625 0.0359375
4 0.584375 0.6203125 0.03828125 0.071875
7 0.59375 0.18125 0.08671875 0.05078125
7 0.3109375 0.21875 0.0796875 0.053125
2 0.61640625 0.23046875 0.0796875 0.08203125
9 0.17890625 0.8109375 0.0671875 0.06015625
9 0.2078125 0.7984375 0.0578125 0.06484375
9 0.44609375 0.665625 0.0453125 0.0453125
9 0.47265625 0.65625 0.05546875 0.03359375
9 0.3578125 0.86640625 0.06953125 0.06484375
9 0.384375 0.85234375 0.0671875 0.05546875
9 0.63125 0.9328125 0.09140625 0.084375
9 0.6625 0.91484375 0.09375 0.0765625
9 0.8640625 0.7453125 0.0796875 0.0578125