7 0.6046875 0.28828125 0.06953125 0.053125
7 0.4328125 0.31015625 0.0625 0.053125
7 0.24296875 0.3234375 0.08671875 0.06015625
1 0.61328125 0.34609375 0.0578125 0.0765625
1 0.43046875 0.36171875 0.0625 0.084375
7 0.86796875 0.36328125 0.0671875 0.0484375
1 0.24140625 0.384375 0.05546875 0.071875
1 0.8703125 0.415625 0.0625 0.09140625
8 0.6234375 0.63203125 0.19921875 0.70703125
8 0.225 0.6390625 0.2328125 0.72109375
8 0.42578125 0.64765625 0.178125 0.69921875
8 0.85078125 0.67421875 0.22109375 0.6421875
5 0.4890625 0.6828125 0.021875 0.0578125
5 0.35546875 0.68359375 0.02890625 0.05078125
4 0.52265625 0.68515625 0.03125 0.08671875
5 0.3171875 0.70546875 0.03359375 0.06484375
4 0.709375 0.709375 0.02890625 0.08203125
5 0.146875 0.7171875 0.03359375 0.06484375
5 0.7453125 0.765625 0.03359375 0.06953125
5 0.94375 0.796875 0.0359375 0.06953125