7 0.81953125 0.49140625 0.0671875 0.06484375
7 0.2125 0.50234375 0.03125 0.02890625
7 0.97734375 0.50625 0.040625 0.040625
7 0.64453125 0.509375 0.03359375 0.0484375
7 0.3328125 0.51171875 0.0359375 0.02890625
1 0.146875 0.53125 0.01953125 0.03828125
2 0.97578125 0.540625 0.03359375 0.071875
1 0.33046875 0.5421875 0.0453125 0.05078125
1 0.08671875 0.5421875 0.02421875 0.03125
1 0.49609375 0.5453125 0.03125 0.0671875
1 0.82421875 0.5578125 0.04296875 0.10546875
5 0.02421875 0.609375 0.0140625 0.01171875
5 0.0375 0.61640625 0.01171875 0.0171875
8 0.084375 0.61875 0.08203125 0.228125
5 0.59140625 0.64453125 0.0140625 0.02890625
4 0.11171875 0.65390625 0.0171875 0.02890625
5 0.66953125 0.66015625 0.01171875 0.03125
4 0.15234375 0.665625 0.021875 0.03828125
8 0.6359375 0.66796875 0.11796875 0.40859375
5 0.24765625 0.671875 0.02890625 0.03125
8 0.2171875 0.67890625 0.1078125 0.37734375
5 0.4078125 0.69140625 0.0171875 0.0265625
8 0.33203125 0.7234375 0.10078125 0.45703125
8 0.796875 0.734375 0.19453125 0.53125
8 0.4859375 0.74375 0.14921875 0.51171875
8 0.93359375 0.7453125 0.13203125 0.509375
5 0.38671875 0.74609375 0.03359375 0.0359375
5 0.5578125 0.7515625 0.02890625 0.03125
4 0.6703125 0.81484375 0.0578125 0.04296875
4 0.94140625 0.865625 0.05078125 0.0484375
7 0.490625 0.50859375 0.0671875 0.05078125