2 0.35078125 0.43125 0.04296875 0.06015625
2 0.4390625 0.44140625 0.03125 0.05546875
2 0.53359375 0.44375 0.03828125 0.05546875
2 0.62109375 0.446875 0.03125 0.0484375
8 0.43359375 0.65234375 0.0984375 0.56953125
8 0.33515625 0.6546875 0.09375 0.57421875
8 0.52265625 0.66484375 0.06953125 0.56953125
8 0.6140625 0.671875 0.084375 0.56953125
4 0.31015625 0.67890625 0.01953125 0.0359375
8 0.71875 0.67890625 0.1296875 0.55078125
4 0.47734375 0.68046875 0.0171875 0.053125
4 0.49140625 0.68515625 0.0171875 0.0484375
4 0.56875 0.68515625 0.01171875 0.03828125
4 0.3890625 0.6859375 0.01953125 0.05546875
4 0.40390625 0.6859375 0.01953125 0.06015625
4 0.6578125 0.6921875 0.0171875 0.053125
4 0.584375 0.696875 0.01953125 0.0578125
4 0.75625 0.696875 0.0171875 0.03828125
4 0.678125 0.70703125 0.01953125 0.04296875
0 0.3328125 0.8640625 0.0359375 0.146875
0 0.36796875 0.86640625 0.03359375 0.1515625
0 0.43125 0.86640625 0.040625 0.14921875
0 0.4546875 0.86640625 0.03125 0.14453125
0 0.51796875 0.86875 0.040625 0.146875
0 0.5421875 0.8703125 0.040625 0.14453125
0 0.60234375 0.87265625 0.0359375 0.14921875
0 0.63203125 0.8703125 0.040625 0.1421875
0 0.696875 0.87109375 0.03828125 0.13671875
0 0.725 0.8734375 0.0453125 0.1390625
7 0.35234375 0.3953125 0.053125 0.040625
7 0.4375 0.4046875 0.040625 0.040625
7 0.53125 0.4078125 0.04296875 0.040625
7 0.61796875 0.41484375 0.040625 0.0453125
7 0.7078125 0.4265625 0.040625 0.0453125
7 0.38203125 0.35 0.04296875 0.03828125
7 0.45703125 0.35234375 0.0484375 0.03828125
7 0.5296875 0.36640625 0.03828125 0.040625
7 0.609375 0.36171875 0.0359375 0.03359375
7 0.69375 0.36640625 0.03828125 0.0359375