4 0.18046875 0.24296875 0.0765625 0.0671875
4 0.85234375 0.5 0.09375 0.071875
4 0.5984375 0.5015625 0.10078125 0.07421875
8 0.7140625 0.53125 0.5 0.91796875
8 0.25234375 0.5453125 0.46171875 0.90859375
7 0.70546875 0.13203125 0.13203125 0.0671875
7 0.24375 0.1421875 0.15625 0.053125
2 0.24609375 0.1890625 0.0796875 0.0796875
2 0.709375 0.19609375 0.09140625 0.084375
4 0.334375 0.228125 0.0765625 0.071875
9 0.89765625 0.88828125 0.1109375 0.165625
9 0.61171875 0.9125 0.1390625 0.15625
9 0.35703125 0.9046875 0.19453125 0.1296875
9 0.22578125 0.9 0.10546875 0.15390625