7 0.21484375 0.24296875 0.11796875 0.10546875
7 0.5296875 0.2546875 0.13671875 0.09609375
1 0.0609375 0.27265625 0.0984375 0.146875
7 0.68984375 0.28125 0.2015625 0.1109375
7 0.33203125 0.3328125 0.0578125 0.0453125
7 0.4328125 0.35078125 0.08203125 0.04296875
1 0.22734375 0.35234375 0.06953125 0.12734375
1 0.33515625 0.38359375 0.0453125 0.0796875
1 0.53984375 0.3890625 0.0984375 0.1875
1 0.4484375 0.41015625 0.06015625 0.0984375
1 0.6453125 0.4328125 0.0984375 0.196875
8 0.3375 0.46640625 0.0984375 0.34609375
8 0.43046875 0.484375 0.115625 0.3390625
5 0.3234375 0.4953125 0.0453125 0.0484375
8 0.21484375 0.5453125 0.2140625 0.72578125
5 0.31015625 0.5484375 0.053125 0.0671875
8 0.07421875 0.5625 0.1484375 0.875
8 0.56015625 0.5875 0.22578125 0.82421875
8 0.7515625 0.61171875 0.36328125 0.7765625
5 0.3953125 0.66484375 0.0984375 0.09375
5 0.5875 0.75625 0.09375 0.12265625
5 0.44375 0.77265625 0.13203125 0.18046875
5 0.15 0.94609375 0.11796875 0.103125
7 0.07109375 0.19375 0.12265625 0.0984375
3 0.52890625 0.36640625 0.103125 0.0578125