6 0.0671875 0.24375 0.1109375 0.084375
2 0.84140625 0.2765625 0.09140625 0.115625
2 0.19453125 0.2953125 0.0578125 0.0671875
2 0.0375 0.31484375 0.06015625 0.08671875
8 0.86484375 0.56328125 0.2609375 0.8734375
8 0.23203125 0.5765625 0.18984375 0.84609375
8 0.0734375 0.59140625 0.146875 0.8171875
4 0.29921875 0.8109375 0.05078125 0.12734375
4 0.75703125 0.88828125 0.03359375 0.146875
4 0.97265625 0.9265625 0.05078125 0.146875
6 0.859375 0.18984375 0.13671875 0.10078125
6 0.22109375 0.2171875 0.10546875 0.0984375