4 0.7296875 0.415625 0.0265625 0.02421875
4 0.63203125 0.42578125 0.02421875 0.02890625
4 0.60703125 0.43125 0.0265625 0.0265625
4 0.021875 0.43359375 0.03359375 0.05078125
4 0.89921875 0.4359375 0.03359375 0.040625
4 0.81015625 0.43984375 0.02890625 0.04296875
4 0.24375 0.446875 0.03125 0.0484375
4 0.7765625 0.45546875 0.02890625 0.0359375
4 0.38828125 0.4640625 0.021875 0.04296875
4 0.6921875 0.46640625 0.01953125 0.04296875
4 0.08515625 0.46640625 0.0265625 0.0671875
4 0.55859375 0.46875 0.021875 0.0484375
4 0.36328125 0.47578125 0.03828125 0.02890625
4 0.053125 0.478125 0.02890625 0.0578125
4 0.54453125 0.4828125 0.021875 0.03359375
4 0.240625 0.4828125 0.02890625 0.053125
4 0.2140625 0.4953125 0.03359375 0.0578125
4 0.8078125 0.509375 0.03828125 0.03828125
4 0.7765625 0.51328125 0.03828125 0.0359375
4 0.67578125 0.5203125 0.02890625 0.05078125
4 0.4375 0.52265625 0.03828125 0.06015625
4 0.0625 0.52265625 0.03828125 0.06015625
4 0.88203125 0.5265625 0.02890625 0.03828125
4 0.64453125 0.5328125 0.02890625 0.05078125
4 0.396875 0.53828125 0.03828125 0.0484375
5 0.0265625 0.53984375 0.04296875 0.05078125
4 0.5640625 0.5578125 0.0453125 0.053125
4 0.2234375 0.5609375 0.03359375 0.06015625
4 0.19375 0.56484375 0.0359375 0.053125
4 0.66953125 0.63359375 0.05078125 0.084375
4 0.71640625 0.6421875 0.0578125 0.071875
4 0.875 0.64296875 0.0578125 0.05078125
4 0.48046875 0.646875 0.0578125 0.08203125
4 0.1140625 0.6578125 0.0453125 0.12734375
4 0.43125 0.66015625 0.05546875 0.06484375
4 0.8296875 0.6625 0.0578125 0.0453125
4 0.0734375 0.69453125 0.07421875 0.08203125
8 0.69375 0.796875 0.19921875 0.37265625
8 0.459375 0.80078125 0.2015625 0.375
8 0.884375 0.80078125 0.1296875 0.34609375
8 0.178125 0.8109375 0.2359375 0.37734375
2 0.8890625 0.78515625 0.06484375 0.071875
2 0.69453125 0.77265625 0.06953125 0.08203125
2 0.4796875 0.78515625 0.071875 0.08671875
2 0.18515625 0.7796875 0.0796875 0.0890625
2 0.0609375 0.6359375 0.05546875 0.06484375
2 0.584375 0.63359375 0.05078125 0.0578125
2 0.8078125 0.578125 0.040625 0.0484375
2 0.9546875 0.5890625 0.04296875 0.05078125