6 0.4265625 0.271875 0.0453125 0.0484375
6 0.61640625 0.35546875 0.0359375 0.04296875
8 0.3125 0.3765625 0.0765625 0.1515625
6 0.49140625 0.384375 0.0265625 0.02890625
4 0.7140625 0.4171875 0.08203125 0.09375
8 0.42890625 0.44921875 0.1703125 0.41328125
5 0.46484375 0.4515625 0.01171875 0.02890625
8 0.04375 0.45234375 0.0875 0.2671875
8 0.1390625 0.45703125 0.10546875 0.259375
5 0.5921875 0.459375 0.0171875 0.02421875
8 0.58671875 0.49140625 0.1296875 0.3296875
4 0.64296875 0.5015625 0.0453125 0.103125
8 0.75 0.5046875 0.3265625 0.990625
6 0.67578125 0.084375 0.125 0.14921875
2 0.6890625 0.1703125 0.05078125 0.08671875