7 0.8390625 0.27265625 0.10078125 0.05078125
7 0.63125 0.27734375 0.06484375 0.040625
7 0.515625 0.303125 0.05546875 0.03359375
7 0.453125 0.31875 0.0453125 0.0359375
7 0.396875 0.3234375 0.03359375 0.0265625
2 0.61796875 0.328125 0.0625 0.07421875
7 0.3546875 0.33203125 0.03125 0.02421875
7 0.3265625 0.3375 0.02421875 0.01171875
2 0.8296875 0.34765625 0.10078125 0.103125
2 0.50703125 0.35546875 0.0484375 0.0671875
2 0.390625 0.35703125 0.03125 0.05078125
2 0.44375 0.36171875 0.05078125 0.06484375
2 0.3234375 0.36171875 0.0265625 0.040625
2 0.35 0.36875 0.03125 0.0359375
5 0.203125 0.415625 0.01171875 0.0140625
5 0.16015625 0.415625 0.01171875 0.0140625
5 0.12734375 0.453125 0.009375 0.0171875
5 0.25234375 0.46875 0.0140625 0.02421875
5 0.1140625 0.47109375 0.01171875 0.01953125
5 0.2765625 0.4890625 0.01953125 0.021875
5 0.30546875 0.50390625 0.01953125 0.03125
5 0.3375 0.50625 0.0171875 0.0265625
5 0.3703125 0.521875 0.01953125 0.02890625
5 0.41484375 0.5453125 0.021875 0.03828125
8 0.384375 0.5484375 0.071875 0.48046875
8 0.459375 0.55859375 0.1109375 0.61796875
5 0.46484375 0.5671875 0.0359375 0.04296875
5 0.0453125 0.57109375 0.02890625 0.05078125
8 0.5140625 0.61875 0.09609375 0.7140625
8 0.640625 0.62109375 0.13671875 0.75703125
8 0.83984375 0.625 0.24765625 0.75
5 0.59609375 0.63359375 0.04296875 0.06015625
5 0.78515625 0.75 0.06484375 0.071875