8 0.478125 0.240625 0.071875 0.1203125
2 0.665625 0.24609375 0.03359375 0.05546875
1 0.8703125 0.24609375 0.03359375 0.05078125
5 0.2828125 0.25625 0.0171875 0.021875
5 0.24609375 0.25859375 0.0171875 0.021875
1 0.80078125 0.26171875 0.0578125 0.071875
8 0.709375 0.2703125 0.0625 0.18515625
8 0.34609375 0.3296875 0.15390625 0.41328125
8 0.65625 0.34375 0.071875 0.321875
8 0.26171875 0.3734375 0.10546875 0.4015625
4 0.0671875 0.390625 0.0484375 0.05546875
5 0.75234375 0.3953125 0.03828125 0.040625
5 0.81640625 0.396875 0.03125 0.03359375
8 0.0984375 0.41328125 0.196875 0.58671875
4 0.29296875 0.4640625 0.02421875 0.04296875
8 0.78125 0.47109375 0.15859375 0.64921875
7 0.03828125 0.1234375 0.071875 0.05078125
7 0.5578125 0.134375 0.053125 0.0484375
7 0.328125 0.16328125 0.06015625 0.02890625
2 0.553125 0.1828125 0.04296875 0.0484375
7 0.71484375 0.1828125 0.05078125 0.03359375
7 0.8078125 0.18515625 0.08671875 0.0625
2 0.05546875 0.1875 0.0671875 0.0765625
7 0.259375 0.1984375 0.04296875 0.03125
2 0.3484375 0.2015625 0.0484375 0.0578125
7 0.48046875 0.203125 0.03828125 0.03125
8 0.55625 0.203125 0.0984375 0.2234375
7 0.64765625 0.20703125 0.06015625 0.0484375
7 0.86796875 0.21171875 0.04296875 0.02421875
2 0.7234375 0.2203125 0.04296875 0.040625
2 0.48828125 0.234375 0.04296875 0.0359375
2 0.265625 0.2359375 0.040625 0.03359375
9 0.14296875 0.696875 0.0578125 0.0671875
9 0.19375 0.67578125 0.0671875 0.040625
9 0.703125 0.72109375 0.04296875 0.0765625
9 0.7390625 0.73828125 0.06015625 0.09375