7 0.1828125 0.025 0.2125 0.05
2 0.9515625 0.30078125 0.09140625 0.10546875
7 0.0671875 0.0453125 0.134375 0.090625
8 0.19375 0.49296875 0.209375 0.97109375
8 0.07578125 0.5 0.1515625 1
8 0.3890625 0.51328125 0.23046875 0.896875
8 0.6984375 0.52421875 0.28125 0.9515625
5 0.853125 0.55546875 0.02421875 0.0765625
5 0.24375 0.696875 0.040625 0.1296875
5 0.9015625 0.72109375 0.03828125 0.071875
5 0.49296875 0.74765625 0.02890625 0.10078125
5 0.29921875 0.775 0.0453125 0.0984375
5 0.56015625 0.77890625 0.0484375 0.0671875
5 0.78515625 0.81875 0.06015625 0.0796875
7 0.49296875 0.08515625 0.053125 0.0359375
2 0.19375 0.1046875 0.11796875 0.17578125
7 0.69375 0.10703125 0.12265625 0.0984375
7 0.953125 0.1109375 0.09375 0.071875
7 0.8015625 0.1296875 0.05546875 0.0484375
7 0.4 0.13125 0.12734375 0.103125
7 0.8640625 0.13203125 0.084375 0.0765625
2 0.49140625 0.1421875 0.05546875 0.071875
2 0.0671875 0.16328125 0.10546875 0.240625
2 0.67578125 0.178125 0.0765625 0.1296875
2 0.80078125 0.18046875 0.03828125 0.09140625
2 0.8546875 0.18984375 0.05078125 0.10078125
7 0.94453125 0.21875 0.08671875 0.08671875
2 0.4078125 0.22109375 0.06953125 0.115625
5 0.521875 0.23828125 0.03359375 0.053125