1 0.646875 0.25859375 0.0671875 0.103125
1 0.18125 0.271875 0.0796875 0.10078125
1 0.8140625 0.2984375 0.05546875 0.08671875
1 0.4203125 0.30078125 0.071875 0.09140625
4 0.1078125 0.5109375 0.08203125 0.07421875
4 0.22265625 0.5140625 0.06015625 0.09609375
4 0.475 0.5328125 0.06015625 0.07421875
4 0.3609375 0.53828125 0.0578125 0.071875
4 0.70546875 0.53828125 0.0453125 0.071875
8 0.6390625 0.5640625 0.23046875 0.853125
8 0.1640625 0.565625 0.2625 0.86875
4 0.8390625 0.56875 0.0625 0.07421875
8 0.41015625 0.58515625 0.228125 0.8296875
8 0.85703125 0.5921875 0.23828125 0.81484375
4 0.865625 0.64921875 0.04296875 0.10546875
7 0.646875 0.18984375 0.115625 0.071875
7 0.18125 0.19375 0.13671875 0.0890625
7 0.415625 0.228125 0.10546875 0.0671875
7 0.81015625 0.2359375 0.09609375 0.053125
3 0.8125 0.27734375 0.0671875 0.0359375