7 0.4328125 0.25625 0.09140625 0.06015625
5 0.5890625 0.27734375 0.1296875 0.209375
7 0.178125 0.3078125 0.10078125 0.0578125
7 0.859375 0.3125 0.0796875 0.04296875
2 0.43359375 0.33203125 0.040625 0.08671875
2 0.8609375 0.35234375 0.0625 0.0796875
2 0.16953125 0.3796875 0.06015625 0.09140625
8 0.859375 0.38828125 0.13671875 0.21875
8 0.4125 0.390625 0.15625 0.3484375
7 0.765625 0.40625 0.18984375 0.09609375
8 0.19140625 0.43125 0.23828125 0.31953125
5 0.97109375 0.4359375 0.053125 0.12265625
5 0.64921875 0.48828125 0.04296875 0.0578125
5 0.321875 0.5484375 0.04296875 0.0671875
2 0.69609375 0.553125 0.11796875 0.23046875
5 0.2328125 0.5671875 0.0671875 0.0671875
8 0.66953125 0.6671875 0.44453125 0.665625