1 0.615625 0.2875 0.08671875 0.1515625
1 0.36796875 0.31484375 0.09140625 0.1390625
5 0.52734375 0.3453125 0.07421875 0.11796875
1 0.2234375 0.3640625 0.1203125 0.1609375
8 0.66015625 0.534375 0.3359375 0.93125
7 0.51796875 0.5515625 0.06484375 0.06015625
8 0.38046875 0.565625 0.1890625 0.86875
8 0.165625 0.5890625 0.25 0.821875
1 0.52890625 0.603125 0.04296875 0.0625
5 0.49140625 0.7453125 0.05546875 0.08671875
5 0.3953125 0.75 0.06953125 0.09609375
5 0.6 0.91328125 0.07421875 0.10078125
7 0.60078125 0.1625 0.15859375 0.11328125
7 0.3453125 0.2140625 0.1421875 0.09609375
7 0.15859375 0.23828125 0.16328125 0.09609375