7 0.6265625 0.25390625 0.05078125 0.0265625
7 0.5578125 0.25390625 0.03359375 0.040625
7 0.45546875 0.26328125 0.03125 0.0265625
7 0.3703125 0.27265625 0.04296875 0.0453125
2 0.6296875 0.2828125 0.04296875 0.05546875
7 0.4859375 0.28515625 0.03359375 0.0359375
7 0.271875 0.2859375 0.03359375 0.02421875
7 0.88203125 0.2875 0.071875 0.103125
7 0.1703125 0.290625 0.0578125 0.03359375
7 0.38828125 0.2984375 0.040625 0.03828125
7 0.27734375 0.3171875 0.06953125 0.03828125
8 0.634375 0.478125 0.09609375 0.47109375
8 0.553125 0.5046875 0.0671875 0.509375
5 0.6 0.509375 0.01171875 0.02421875
5 0.6109375 0.52265625 0.01953125 0.0453125
5 0.54453125 0.52890625 0.021875 0.03828125
8 0.46875 0.53125 0.08671875 0.52890625
5 0.5109375 0.5453125 0.0171875 0.03359375
8 0.171875 0.54921875 0.0890625 0.5796875
8 0.38203125 0.56015625 0.09609375 0.553125
5 0.4484375 0.56875 0.021875 0.040625
5 0.13828125 0.584375 0.0171875 0.03828125
8 0.87265625 0.59375 0.178125 0.72578125
5 0.3640625 0.5984375 0.0265625 0.04296875
8 0.275 0.60078125 0.11796875 0.58671875
5 0.328125 0.6046875 0.01171875 0.0265625
5 0.23671875 0.634375 0.021875 0.02890625
5 0.83671875 0.646875 0.03359375 0.0578125
9 0.265625 0.8640625 0.0625 0.0671875
9 0.37265625 0.81875 0.040625 0.06953125
9 0.4078125 0.80546875 0.06015625 0.040625
9 0.4671875 0.77421875 0.04296875 0.05078125
9 0.29921875 0.85234375 0.05546875 0.040625
9 0.61796875 0.6921875 0.053125 0.05546875
9 0.54453125 0.73046875 0.0484375 0.05546875
9 0.5734375 0.7171875 0.06015625 0.0453125
9 0.8640625 0.91328125 0.1203125 0.08203125