5 0.5359375 0.2484375 0.053125 0.11328125
5 0.1875 0.26328125 0.08671875 0.11328125
7 0.484375 0.33984375 0.06484375 0.0453125
7 0.65 0.3546875 0.06484375 0.05546875
7 0.3125 0.3890625 0.08203125 0.053125
2 0.490625 0.396875 0.0625 0.08671875
2 0.65390625 0.40859375 0.071875 0.09140625
2 0.30625 0.4625 0.07421875 0.103125
5 0.2296875 0.6296875 0.06953125 0.09609375
5 0.790625 0.134375 0.0671875 0.10078125
5 0.63125 0.1546875 0.06484375 0.1078125
5 0.33046875 0.18125 0.0796875 0.09375
8 0.70078125 0.5203125 0.18515625 0.375
8 0.4984375 0.4796875 0.2046875 0.34140625
8 0.2609375 0.54296875 0.19453125 0.3484375