1 0.87890625 0.3390625 0.040625 0.0671875
1 0.12890625 0.34765625 0.05546875 0.06484375
1 0.5359375 0.35 0.04296875 0.06015625
1 0.25390625 0.359375 0.0453125 0.05546875
1 0.31953125 0.36328125 0.04296875 0.0578125
1 0.17421875 0.36640625 0.0453125 0.05546875
1 0.4359375 0.36796875 0.040625 0.053125
1 0.6625 0.36796875 0.0453125 0.0484375
1 0.765625 0.390625 0.0359375 0.05078125
5 0.7359375 0.46015625 0.01953125 0.0265625
5 0.74609375 0.48203125 0.0265625 0.0359375
5 0.6578125 0.5140625 0.021875 0.03828125
5 0.27890625 0.5296875 0.02421875 0.0359375
5 0.459375 0.5484375 0.01953125 0.03359375
8 0.5328125 0.54921875 0.09375 0.5171875
8 0.65 0.5640625 0.1078125 0.51171875
5 0.3484375 0.56484375 0.02421875 0.03828125
5 0.44921875 0.5671875 0.01953125 0.02890625
8 0.43046875 0.5734375 0.10078125 0.540625
8 0.32109375 0.58046875 0.0890625 0.56484375
8 0.765625 0.5953125 0.09375 0.5359375
8 0.2390625 0.61328125 0.11328125 0.65859375
8 0.12734375 0.61484375 0.1734375 0.7703125
5 0.82109375 0.62265625 0.021875 0.03359375
8 0.896875 0.62265625 0.14921875 0.72109375
5 0.19609375 0.6765625 0.0265625 0.06015625
9 0.40390625 0.8109375 0.05078125 0.06484375
9 0.4484375 0.79453125 0.0625 0.053125
9 0.49609375 0.78125 0.03125 0.071875
9 0.546875 0.7703125 0.05546875 0.06015625
9 0.5953125 0.7703125 0.040625 0.05546875
9 0.6578125 0.7828125 0.05078125 0.06015625
9 0.3328125 0.81484375 0.05546875 0.05078125
9 0.30390625 0.83984375 0.05078125 0.05546875
9 0.2359375 0.90234375 0.06484375 0.06015625
9 0.25390625 0.86796875 0.07421875 0.053125
9 0.73203125 0.8109375 0.0359375 0.053125
9 0.76328125 0.83984375 0.0578125 0.0578125
9 0.8546875 0.94609375 0.0796875 0.05078125