2 0.865625 0.27421875 0.053125 0.1109375
7 0.23203125 0.28515625 0.0453125 0.03125
7 0.04921875 0.30390625 0.0265625 0.03125
2 0.23046875 0.33046875 0.04296875 0.07421875
2 0.05078125 0.334375 0.03359375 0.0484375
4 0.1296875 0.3703125 0.03828125 0.09140625
4 0.42421875 0.39296875 0.19453125 0.31015625
4 0.05390625 0.41328125 0.0265625 0.0765625
8 0.1875 0.43125 0.15859375 0.3390625
8 0.0484375 0.45078125 0.09609375 0.3390625
4 0.25234375 0.48203125 0.02890625 0.06953125
8 0.8140625 0.60546875 0.2765625 0.77890625
4 0.16796875 0.078125 0.10078125 0.13671875
4 0.79453125 0.821875 0.103125 0.134375
4 0.1859375 0.83984375 0.040625 0.07421875
4 0.8140625 0.8796875 0.06015625 0.134375
4 0.26796875 0.90234375 0.06484375 0.07421875
4 0.671875 0.0984375 0.23828125 0.196875
4 0.884375 0.109375 0.23046875 0.21875
7 0.87734375 0.228125 0.08203125 0.02890625