1 0.509375 0.3109375 0.09140625 0.12734375
8 0.796875 0.35234375 0.18046875 0.50234375
7 0.31875 0.39453125 0.0890625 0.0765625
1 0.2921875 0.475 0.11328125 0.12734375
8 0.61875 0.4953125 0.37734375 0.77421875
8 0.23203125 0.6296875 0.2859375 0.740625
5 0.33984375 0.6625 0.06953125 0.06484375
5 0.52734375 0.71015625 0.06015625 0.06953125
4 0.35703125 0.71640625 0.07421875 0.09140625
7 0.7609375 0.1703125 0.12265625 0.09609375
7 0.4734375 0.19921875 0.09140625 0.196875
2 0.7453125 0.23671875 0.09609375 0.103125