5 0.7875 0.25625 0.06015625 0.13203125
5 0.265625 0.2609375 0.05546875 0.13671875
5 0.44609375 0.34375 0.06484375 0.115625
5 0.578125 0.41015625 0.05546875 0.0890625
7 0.53359375 0.475 0.08203125 0.0796875
7 0.86171875 0.478125 0.11796875 0.1203125
7 0.1234375 0.4859375 0.09375 0.10078125
7 0.29296875 0.49765625 0.08203125 0.071875
7 0.02890625 0.5015625 0.0578125 0.06015625
8 0.48671875 0.51328125 0.24765625 0.43515625
2 0.54296875 0.54921875 0.0671875 0.084375
7 0.6921875 0.5609375 0.10546875 0.06484375
2 0.834375 0.57109375 0.08671875 0.13203125
2 0.296875 0.5828125 0.0796875 0.1078125
2 0.03125 0.6078125 0.0578125 0.134375
8 0.87265625 0.6234375 0.21640625 0.415625
2 0.7015625 0.63125 0.0578125 0.0984375
8 0.365625 0.63671875 0.29296875 0.34140625
5 0.1515625 0.6515625 0.0578125 0.09140625
5 0.61640625 0.696875 0.0890625 0.08671875
8 0.0921875 0.69765625 0.184375 0.4921875
8 0.6765625 0.7453125 0.30546875 0.4328125
5 0.41953125 0.775 0.06015625 0.05546875
5 0.87734375 0.9734375 0.0765625 0.053125
3 0.29453125 0.56484375 0.0765625 0.040625
3 0.55078125 0.521875 0.06484375 0.040625