4 0.81953125 0.24296875 0.0765625 0.0671875
4 0.14765625 0.5 0.09375 0.071875
4 0.4015625 0.5015625 0.10078125 0.07421875
8 0.2859375 0.53125 0.5 0.91796875
8 0.74765625 0.5453125 0.46171875 0.90859375
7 0.29453125 0.13203125 0.13203125 0.0671875
7 0.75625 0.1421875 0.15625 0.053125
2 0.75390625 0.1890625 0.0796875 0.0796875
2 0.290625 0.19609375 0.09140625 0.084375
4 0.665625 0.228125 0.0765625 0.071875
9 0.10234375 0.88828125 0.1109375 0.165625
9 0.38828125 0.9125 0.1390625 0.15625
9 0.64296875 0.9046875 0.19453125 0.1296875
9 0.77421875 0.9 0.10546875 0.15390625