7 0.31015625 0.38828125 0.10546875 0.1078125
7 0.10234375 0.39453125 0.11796875 0.0765625
7 0.57421875 0.4 0.134375 0.07421875
8 0.7984375 0.41953125 0.29296875 0.81015625
2 0.12109375 0.48828125 0.07421875 0.1203125
2 0.5796875 0.50390625 0.0765625 0.13671875
2 0.3171875 0.5109375 0.10078125 0.12734375
8 0.13203125 0.56484375 0.21640625 0.46640625
8 0.328125 0.578125 0.24765625 0.46875
8 0.603125 0.6 0.27890625 0.49296875
5 0.078125 0.640625 0.06015625 0.05546875
7 0.74609375 0.06484375 0.1703125 0.09609375
5 0.8015625 0.74140625 0.0453125 0.0984375
5 0.1859375 0.75859375 0.0453125 0.06484375
5 0.24140625 0.7609375 0.06953125 0.06015625
5 0.4953125 0.77890625 0.0484375 0.0671875
5 0.56015625 0.78984375 0.08203125 0.06015625
2 0.734375 0.15390625 0.09375 0.134375
3 0.1203125 0.48203125 0.06953125 0.05546875
3 0.57109375 0.49296875 0.06953125 0.0453125