7 0.5671875 0.25625 0.09140625 0.06015625
5 0.4109375 0.27734375 0.1296875 0.209375
7 0.821875 0.3078125 0.10078125 0.0578125
7 0.140625 0.3125 0.0796875 0.04296875
2 0.56640625 0.33203125 0.040625 0.08671875
2 0.1390625 0.35234375 0.0625 0.0796875
2 0.83046875 0.3796875 0.06015625 0.09140625
8 0.140625 0.38828125 0.13671875 0.21875
8 0.5875 0.390625 0.15625 0.3484375
7 0.234375 0.40625 0.18984375 0.09609375
8 0.80859375 0.43125 0.23828125 0.31953125
5 0.02890625 0.4359375 0.053125 0.12265625
5 0.35078125 0.48828125 0.04296875 0.0578125
5 0.678125 0.5484375 0.04296875 0.0671875
2 0.30390625 0.553125 0.11796875 0.23046875
5 0.7671875 0.5671875 0.0671875 0.0671875
8 0.33046875 0.6671875 0.44453125 0.665625