4 0.23671875 0.14296875 0.19453125 0.11796875
4 0.5015625 0.22265625 0.13671875 0.1828125
4 0.725 0.16015625 0.20703125 0.1390625
4 0.73203125 0.359375 0.21171875 0.1296875
4 0.7671875 0.525 0.18515625 0.15859375
4 0.74609375 0.71640625 0.23828125 0.11328125
4 0.78515625 0.875 0.1828125 0.20703125
4 0.228125 0.91015625 0.21875 0.13671875
4 0.22578125 0.71015625 0.2046875 0.14921875
4 0.21484375 0.52734375 0.17578125 0.134375
4 0.25 0.353125 0.209375 0.1515625
4 0.51328125 0.74375 0.17578125 0.22578125