2 0.73203125 0.27421875 0.084375 0.10546875
2 0.64765625 0.290625 0.06484375 0.09609375
2 0.35078125 0.31953125 0.08671875 0.08671875
5 0.9953125 0.3796875 0.009375 0.02421875
2 0.47109375 0.38125 0.0578125 0.084375
5 0.9015625 0.3953125 0.0140625 0.021875
4 0.19375 0.40859375 0.05078125 0.1296875
2 0.540625 0.4421875 0.0625 0.071875
4 0.37734375 0.48046875 0.053125 0.09140625
8 0.7796875 0.578125 0.21875 0.84375
8 0.640625 0.59140625 0.09375 0.8171875
8 0.30390625 0.59609375 0.25234375 0.8078125
8 0.4703125 0.6390625 0.12734375 0.72109375
8 0.5484375 0.6609375 0.125 0.678125
4 0.4390625 0.69453125 0.0359375 0.08203125
4 0.4703125 0.71875 0.0453125 0.071875
4 0.67421875 0.76171875 0.0359375 0.10546875
4 0.50390625 0.76796875 0.0265625 0.07421875
4 0.78828125 0.80859375 0.053125 0.1078125
4 0.584375 0.81015625 0.0484375 0.08671875
10 0.328125 0.49765625 0.1703125 0.353125