8 0.74375 0.50234375 0.334375 0.9953125
8 0.22265625 0.52265625 0.24765625 0.9546875
8 0.45078125 0.5890625 0.2234375 0.821875
4 0.35 0.6 0.07421875 0.0984375
4 0.4484375 0.61640625 0.06484375 0.11328125
4 0.5953125 0.63671875 0.06953125 0.10546875
5 0.428125 0.66796875 0.0578125 0.08671875
4 0.6359375 0.703125 0.06484375 0.1078125
7 0.65625 0.0796875 0.14453125 0.1203125
7 0.24765625 0.11875 0.14921875 0.13671875
2 0.64296875 0.20078125 0.06484375 0.1703125
2 0.24375 0.23203125 0.12265625 0.13203125