7 0.84140625 0.25625 0.0578125 0.040625
2 0.15234375 0.2765625 0.07421875 0.125
2 0.84765625 0.3015625 0.05078125 0.07421875
2 0.51796875 0.30625 0.09375 0.146875
5 0.9390625 0.33671875 0.021875 0.0484375
2 0.6734375 0.33984375 0.09609375 0.18046875
5 0.625 0.39453125 0.02890625 0.053125
5 0.60078125 0.4046875 0.02421875 0.0890625
8 0.125 0.42421875 0.25 0.49765625
5 0.03359375 0.53984375 0.0671875 0.084375
8 0.38125 0.56015625 0.43984375 0.8796875
8 0.74453125 0.61484375 0.4453125 0.7703125
5 0.59765625 0.7828125 0.06484375 0.11796875
5 0.75625 0.915625 0.12265625 0.1296875
4 0.55859375 0.9375 0.0796875 0.125
7 0.134375 0.196875 0.08203125 0.053125
7 0.69453125 0.23828125 0.14921875 0.071875
7 0.4734375 0.19140625 0.18515625 0.13671875