4 0.57421875 0.3453125 0.04296875 0.06953125
7 0.51953125 0.37265625 0.0578125 0.04296875
7 0.30859375 0.40390625 0.0453125 0.03359375
2 0.5375 0.4109375 0.0453125 0.0625
7 0.6984375 0.42890625 0.0453125 0.03125
4 0.35703125 0.4421875 0.040625 0.071875
7 0.8765625 0.44453125 0.0265625 0.02890625
2 0.30859375 0.44921875 0.040625 0.0765625
4 0.771875 0.4515625 0.04296875 0.0671875
7 0.078125 0.453125 0.0359375 0.021875
2 0.7078125 0.4671875 0.0359375 0.05546875
2 0.87265625 0.47109375 0.02890625 0.053125
4 0.97109375 0.47109375 0.02890625 0.0671875
2 0.07421875 0.484375 0.03359375 0.05546875
4 0.178125 0.4890625 0.03828125 0.05546875
4 0.52890625 0.5171875 0.03828125 0.071875
4 0.271875 0.51953125 0.04296875 0.04296875
4 0.61328125 0.52890625 0.02890625 0.04296875
7 0.2078125 0.5328125 0.040625 0.0359375
4 0.68984375 0.5421875 0.03828125 0.06953125
4 0.06875 0.5578125 0.0453125 0.04296875
2 0.20703125 0.56640625 0.03359375 0.0453125
4 0.8375 0.5875 0.0359375 0.05546875
4 0.46640625 0.60703125 0.02890625 0.05546875
8 0.5375 0.64921875 0.19453125 0.58671875
8 0.71640625 0.65390625 0.14453125 0.4953125
8 0.88828125 0.6546875 0.17578125 0.4640625
8 0.3125 0.6671875 0.178125 0.5265625
4 0.18359375 0.6875 0.03125 0.04296875
8 0.109375 0.7046875 0.18515625 0.53359375