5 0.93046875 0.3703125 0.10078125 0.09140625
7 0.67890625 0.37890625 0.06953125 0.03125
5 0.396875 0.38203125 0.0625 0.03828125
7 0.80859375 0.3859375 0.06484375 0.040625
5 0.06953125 0.40390625 0.0625 0.04296875
8 0.17890625 0.4828125 0.21875 0.77421875
5 0.7609375 0.49140625 0.05546875 0.040625
5 0.81484375 0.50234375 0.04296875 0.04296875
5 0.05546875 0.515625 0.053125 0.0359375
8 0.50625 0.53515625 0.2859375 0.853125
4 0.42578125 0.54921875 0.10078125 0.07421875
7 0.53515625 0.13828125 0.15625 0.0796875
7 0.15625 0.14765625 0.1109375 0.05078125
2 0.490625 0.19140625 0.09140625 0.0796875
2 0.1203125 0.2140625 0.0765625 0.071875
7 0.43125 0.2328125 0.09375 0.071875
5 0.03515625 0.23828125 0.05078125 0.0578125
9 0.43515625 0.91953125 0.178125 0.07421875
9 0.19453125 0.828125 0.1296875 0.0765625
9 0.1390625 0.79453125 0.12734375 0.0625
9 0.396875 0.80546875 0.07421875 0.0625
9 0.67421875 0.78515625 0.15625 0.06015625
2 0.6859375 0.40625 0.05546875 0.04296875
7 0.70078125 0.26796875 0.0671875 0.0453125