2 0.8546875 0.31484375 0.0890625 0.15859375
2 0.7765625 0.3171875 0.0765625 0.1390625
2 0.3296875 0.421875 0.09140625 0.1078125
2 0.65 0.42421875 0.06953125 0.084375
2 0.1390625 0.42421875 0.0484375 0.06015625
4 0.47578125 0.46015625 0.03828125 0.03125
4 0.4484375 0.46640625 0.021875 0.04296875
4 0.553125 0.49140625 0.053125 0.06953125
4 0.49765625 0.49296875 0.04296875 0.0578125
5 0.1265625 0.5015625 0.0265625 0.0453125
4 0.45703125 0.5046875 0.04296875 0.02890625
4 0.5359375 0.51953125 0.04296875 0.071875
8 0.83125 0.55546875 0.3375 0.8671875
4 0.7234375 0.56015625 0.134375 0.1921875
8 0.58046875 0.5625 0.30546875 0.490625
8 0.3546875 0.6296875 0.31484375 0.6828125
4 0.6359375 0.6453125 0.13203125 0.11328125
4 0.63671875 0.6890625 0.125 0.11796875
4 0.50625 0.72109375 0.07421875 0.09140625
4 0.8453125 0.859375 0.26171875 0.24765625
7 0.31015625 0.328125 0.1421875 0.09609375
7 0.77890625 0.2078125 0.10546875 0.1078125
7 0.9015625 0.16796875 0.178125 0.146875
7 0.6765625 0.359375 0.12265625 0.08671875