1 0.46171875 0.28125 0.0625 0.09140625
1 0.359375 0.28125 0.07421875 0.115625
1 0.53984375 0.296875 0.05078125 0.09375
1 0.6359375 0.31484375 0.0453125 0.0765625
1 0.66796875 0.3328125 0.04296875 0.07421875
1 0.71015625 0.3640625 0.0359375 0.05078125
5 0.8140625 0.41953125 0.021875 0.03125
5 0.67578125 0.43125 0.02890625 0.040625
5 0.79453125 0.43125 0.03125 0.03125
5 0.3734375 0.4328125 0.05078125 0.071875
5 0.50625 0.43515625 0.040625 0.071875
5 0.728125 0.4359375 0.02890625 0.040625
5 0.61328125 0.4421875 0.02890625 0.0484375
5 0.8234375 0.44609375 0.0453125 0.0171875
5 0.7953125 0.46015625 0.0484375 0.021875
5 0.68046875 0.46640625 0.053125 0.02890625
5 0.7390625 0.4703125 0.06015625 0.0265625
5 0.62265625 0.475 0.0671875 0.040625
5 0.5140625 0.4828125 0.0671875 0.03828125
5 0.384375 0.484375 0.10546875 0.0453125
8 0.18359375 0.534375 0.2640625 0.93125
8 0.728125 0.58046875 0.0765625 0.540625
8 0.67890625 0.58046875 0.05546875 0.61796875
8 0.625 0.5828125 0.0671875 0.665625
8 0.35 0.5890625 0.15625 0.821875
8 0.4640625 0.603125 0.115625 0.79296875
8 0.5421875 0.615625 0.1078125 0.7546875
1 0.1765625 0.19921875 0.0796875 0.125
3 0.2015625 0.1765625 0.0671875 0.040625