1 0.5453125 0.3125 0.0671875 0.08203125
1 0.6890625 0.31640625 0.07421875 0.084375
1 0.1140625 0.3578125 0.07421875 0.09609375
1 0.43515625 0.3609375 0.0625 0.0765625
1 0.26796875 0.36171875 0.06953125 0.09375
8 0.55625 0.4375 0.13203125 0.4375
8 0.4390625 0.4734375 0.1421875 0.4328125
4 0.5640625 0.50234375 0.05078125 0.053125
8 0.26171875 0.5046875 0.1734375 0.47109375
8 0.709375 0.5109375 0.240625 0.61796875
4 0.3140625 0.51328125 0.040625 0.040625
4 0.41484375 0.52265625 0.06015625 0.05078125
8 0.09375 0.54296875 0.1875 0.6203125
4 0.6109375 0.609375 0.053125 0.084375
3 0.28515625 0.35234375 0.06484375 0.03828125