8 0.4421875 0.3453125 0.40859375 0.46875
2 0.64921875 0.37890625 0.1296875 0.103125
4 0.33671875 0.475 0.053125 0.06953125
4 0.3609375 0.50859375 0.053125 0.0796875
8 0.634375 0.58046875 0.47578125 0.8390625
4 0.540625 0.61875 0.08203125 0.07421875
4 0.41484375 0.6203125 0.05546875 0.08203125
7 0.4859375 0.15234375 0.1109375 0.06953125
2 0.49296875 0.228125 0.0671875 0.09609375
9 0.5 0.9109375 0.0984375 0.178125
9 0.3609375 0.71015625 0.15625 0.115625
9 0.2921875 0.52265625 0.115625 0.06484375
3 0.48203125 0.209375 0.07421875 0.04296875
6 0.68359375 0.265625 0.2046875 0.1703125