7 0.80859375 0.24296875 0.13203125 0.1109375
7 0.1875 0.2484375 0.08671875 0.06015625
7 0.553125 0.26328125 0.09140625 0.103125
2 0.7765625 0.35 0.115625 0.13203125
1 0.55390625 0.3546875 0.06484375 0.1078125
5 0.66484375 0.5359375 0.05546875 0.09140625
8 0.5359375 0.584375 0.29296875 0.7640625
8 0.15390625 0.58515625 0.3078125 0.81953125
8 0.8453125 0.59140625 0.28125 0.8171875
5 0.59765625 0.5953125 0.0453125 0.06484375
8 0.36640625 0.603125 0.259375 0.79296875
5 0.4328125 0.63203125 0.03359375 0.0625
5 0.6546875 0.7390625 0.05078125 0.07421875
3 0.540625 0.3578125 0.05546875 0.04296875