1 0.05546875 0.32109375 0.0484375 0.103125
7 0.475 0.32578125 0.07421875 0.06953125
1 0.33515625 0.34609375 0.09375 0.16328125
1 0.4734375 0.4 0.0765625 0.1078125
7 0.64296875 0.47109375 0.12265625 0.1734375
4 0.41328125 0.49765625 0.09609375 0.13203125
2 0.5375 0.521875 0.13671875 0.16796875
8 0.33515625 0.54296875 0.31015625 0.91328125
8 0.115625 0.59453125 0.184375 0.8109375
8 0.61484375 0.69296875 0.3171875 0.6140625
5 0.49609375 0.94609375 0.084375 0.103125
7 0.0828125 0.2328125 0.0796875 0.0625