2 0.6140625 0.27265625 0.05546875 0.07421875
4 0.55078125 0.31640625 0.03359375 0.040625
4 0.8390625 0.38828125 0.04296875 0.06953125
4 0.60078125 0.42890625 0.0484375 0.05078125
4 0.646875 0.50390625 0.03359375 0.05078125
4 0.7640625 0.52734375 0.03359375 0.06484375
4 0.55390625 0.55625 0.03125 0.05078125
8 0.7125 0.55625 0.18984375 0.8296875
8 0.60078125 0.55859375 0.21171875 0.75234375
8 0.8609375 0.5609375 0.1828125 0.87734375
2 0.83671875 0.228125 0.053125 0.071875
2 0.72109375 0.23046875 0.0578125 0.071875
9 0.6921875 0.8953125 0.1078125 0.09375
9 0.56875 0.8921875 0.0984375 0.08203125