5 0.7484375 0.25 0.03125 0.08203125
8 0.61171875 0.2828125 0.146875 0.540625
5 0.475 0.3125 0.05078125 0.1296875
5 0.19609375 0.34140625 0.06015625 0.0484375
5 0.82109375 0.3859375 0.0359375 0.0625
5 0.1046875 0.396875 0.03125 0.08671875
5 0.28359375 0.4375 0.04296875 0.08203125
7 0.7640625 0.46875 0.0765625 0.125
7 0.44453125 0.47109375 0.10078125 0.10078125
5 0.56640625 0.4859375 0.0265625 0.0671875
7 0.1453125 0.5015625 0.0890625 0.13203125
5 0.75703125 0.54921875 0.053125 0.084375
7 0.625 0.0609375 0.0671875 0.05546875
7 0.03046875 0.61953125 0.0609375 0.1546875
5 0.10703125 0.67890625 0.03125 0.040625
7 0.39453125 0.68359375 0.15390625 0.25703125
5 0.6625 0.6875 0.0453125 0.0578125
7 0.82421875 0.74375 0.1390625 0.209375
5 0.946875 0.78359375 0.0578125 0.08671875
2 0.6234375 0.12109375 0.05078125 0.07421875
5 0.6203125 0.2328125 0.02890625 0.0484375