8 0.734375 0.51953125 0.42578125 0.9234375
8 0.2828125 0.53984375 0.3921875 0.90625
4 0.89296875 0.5421875 0.05078125 0.0984375
4 0.5734375 0.5578125 0.06015625 0.10546875
4 0.13359375 0.57578125 0.06015625 0.0890625
4 0.415625 0.5765625 0.04296875 0.10546875
7 0.734375 0.10703125 0.0984375 0.0453125
2 0.7359375 0.17421875 0.08671875 0.1078125
0 0.79296875 0.88828125 0.10546875 0.17578125
0 0.36875 0.9109375 0.11328125 0.146875
0 0.6421875 0.9 0.1296875 0.14921875
0 0.196875 0.91328125 0.103125 0.134375
7 0.26953125 0.12109375 0.09609375 0.09375