7 0.3265625 0.28828125 0.10078125 0.1109375
7 0.9203125 0.3484375 0.1296875 0.0671875
2 0.3859375 0.3640625 0.1078125 0.1421875
2 0.9203125 0.43515625 0.10546875 0.134375
8 0.0859375 0.51640625 0.16875 0.9671875
8 0.45546875 0.57578125 0.37734375 0.8484375
5 0.08203125 0.578125 0.09140625 0.11796875
5 0.4953125 0.58984375 0.053125 0.13671875
8 0.90234375 0.64765625 0.19453125 0.7046875
7 0.10234375 0.071875 0.1078125 0.10546875
2 0.0890625 0.16796875 0.10078125 0.16328125
5 0.5984375 0.2046875 0.04296875 0.10546875
3 0.10703125 0.16796875 0.07421875 0.06484375
3 0.37109375 0.36875 0.0796875 0.103125
3 0.90234375 0.4125 0.07421875 0.040625