2 0.16953125 0.28359375 0.0453125 0.08203125
7 0.3765625 0.303125 0.06953125 0.0578125
7 0.26953125 0.3125 0.0671875 0.071875
8 0.17578125 0.31484375 0.1203125 0.2359375
2 0.1078125 0.31484375 0.0671875 0.09609375
2 0.384375 0.3640625 0.053125 0.06015625
8 0.0734375 0.4015625 0.146875 0.41796875
5 0.2046875 0.4078125 0.03828125 0.05546875
4 0.43125 0.584375 0.0796875 0.09140625
8 0.321875 0.6578125 0.27890625 0.56015625
7 0.1609375 0.22578125 0.0671875 0.03828125
7 0.0828125 0.2328125 0.11796875 0.09609375