2 0.64921875 0.43125 0.04296875 0.06015625
2 0.5609375 0.44140625 0.03125 0.05546875
2 0.46640625 0.44375 0.03828125 0.05546875
2 0.37890625 0.446875 0.03125 0.0484375
8 0.56640625 0.65234375 0.0984375 0.56953125
8 0.66484375 0.6546875 0.09375 0.57421875
8 0.47734375 0.66484375 0.06953125 0.56953125
8 0.3859375 0.671875 0.084375 0.56953125
4 0.68984375 0.67890625 0.01953125 0.0359375
8 0.28125 0.67890625 0.1296875 0.55078125
4 0.52265625 0.68046875 0.0171875 0.053125
4 0.50859375 0.68515625 0.0171875 0.0484375
4 0.43125 0.68515625 0.01171875 0.03828125
4 0.6109375 0.6859375 0.01953125 0.05546875
4 0.59609375 0.6859375 0.01953125 0.06015625
4 0.3421875 0.6921875 0.0171875 0.053125
4 0.415625 0.696875 0.01953125 0.0578125
4 0.24375 0.696875 0.0171875 0.03828125
4 0.321875 0.70703125 0.01953125 0.04296875
0 0.6671875 0.8640625 0.0359375 0.146875
0 0.63203125 0.86640625 0.03359375 0.1515625
0 0.56875 0.86640625 0.040625 0.14921875
0 0.5453125 0.86640625 0.03125 0.14453125
0 0.48203125 0.86875 0.040625 0.146875
0 0.4578125 0.8703125 0.040625 0.14453125
0 0.39765625 0.87265625 0.0359375 0.14921875
0 0.36796875 0.8703125 0.040625 0.1421875
0 0.303125 0.87109375 0.03828125 0.13671875
0 0.275 0.8734375 0.0453125 0.1390625
7 0.64765625 0.3953125 0.053125 0.040625
7 0.5625 0.4046875 0.040625 0.040625
7 0.46875 0.4078125 0.04296875 0.040625
7 0.38203125 0.41484375 0.040625 0.0453125
7 0.2921875 0.4265625 0.040625 0.0453125
7 0.61796875 0.35 0.04296875 0.03828125
7 0.54296875 0.35234375 0.0484375 0.03828125
7 0.4703125 0.36640625 0.03828125 0.040625
7 0.390625 0.36171875 0.0359375 0.03359375
7 0.30625 0.36640625 0.03828125 0.0359375