7 0.5671875 0.2703125 0.1203125 0.103125
7 0.0328125 0.296875 0.06484375 0.13203125
1 0.75 0.3109375 0.09140625 0.11796875
7 0.1765625 0.3234375 0.19453125 0.1421875
7 0.3296875 0.3453125 0.1296875 0.11796875
1 0.55859375 0.36640625 0.09375 0.1078125
1 0.33203125 0.44140625 0.0765625 0.13203125
1 0.2046875 0.459375 0.09609375 0.1828125
8 0.7984375 0.5375 0.2453125 0.7765625
4 0.43046875 0.55546875 0.071875 0.09140625
8 0.57109375 0.5671875 0.209375 0.7453125
8 0.31484375 0.5796875 0.2546875 0.625
4 0.3734375 0.59609375 0.0265625 0.0578125
8 0.1453125 0.6078125 0.290625 0.78359375
4 0.49765625 0.6234375 0.08203125 0.07421875
5 0.37890625 0.8125 0.084375 0.10546875
5 0.65859375 0.8234375 0.071875 0.0890625
7 0.76796875 0.2078125 0.165625 0.103125