1 0.84609375 0.24140625 0.0671875 0.11328125
1 0.64765625 0.25234375 0.06015625 0.1203125
1 0.2796875 0.259375 0.06953125 0.134375
5 0.6515625 0.4109375 0.03359375 0.0765625
8 0.11328125 0.5421875 0.178125 0.915625
8 0.85 0.565625 0.225 0.86875
8 0.65234375 0.56953125 0.165625 0.8609375
8 0.28515625 0.5734375 0.19921875 0.853125
5 0.603125 0.58984375 0.02421875 0.07421875
5 0.02421875 0.60703125 0.0140625 0.03125
5 0.2609375 0.6359375 0.05078125 0.0796875
5 0.18984375 0.65625 0.01953125 0.053125
5 0.046875 0.6828125 0.03125 0.053125
5 0.75390625 0.69140625 0.03125 0.06484375
5 0.9171875 0.7078125 0.03125 0.09375
5 0.94375 0.71171875 0.021875 0.053125
5 0.28125 0.0796875 0.01953125 0.053125
5 0.89296875 0.0984375 0.021875 0.0578125
7 0.09140625 0.12734375 0.0671875 0.071875
7 0.84765625 0.171875 0.07421875 0.06015625
7 0.65 0.178125 0.0796875 0.053125
7 0.271875 0.18046875 0.0671875 0.0484375
7 0.97578125 0.1921875 0.0484375 0.02890625
1 0.0984375 0.20546875 0.0625 0.103125
1 0.97265625 0.23203125 0.05078125 0.084375