7 0.53984375 0.30078125 0.13203125 0.0765625
2 0.52421875 0.3921875 0.08203125 0.14453125
5 0.46640625 0.39765625 0.0484375 0.084375
1 0.18359375 0.39921875 0.15625 0.23046875
7 0.9078125 0.4421875 0.0265625 0.02421875
2 0.9046875 0.4625 0.03125 0.0453125
5 0.88359375 0.55078125 0.0171875 0.02421875
8 0.22734375 0.58125 0.4546875 0.8375
8 0.55390625 0.6140625 0.31953125 0.771875
8 0.9109375 0.625 0.10546875 0.41328125
5 0.95703125 0.62890625 0.0140625 0.0265625
5 0.421875 0.7671875 0.0359375 0.053125
7 0.1203125 0.2390625 0.21875 0.2140625