2 0.83046875 0.28359375 0.0453125 0.08203125
7 0.6234375 0.303125 0.06953125 0.0578125
7 0.73046875 0.3125 0.0671875 0.071875
8 0.82421875 0.31484375 0.1203125 0.2359375
2 0.8921875 0.31484375 0.0671875 0.09609375
2 0.615625 0.3640625 0.053125 0.06015625
8 0.9265625 0.4015625 0.146875 0.41796875
5 0.7953125 0.4078125 0.03828125 0.05546875
4 0.56875 0.584375 0.0796875 0.09140625
8 0.678125 0.6578125 0.27890625 0.56015625
7 0.8390625 0.22578125 0.0671875 0.03828125
7 0.9171875 0.2328125 0.11796875 0.09609375