2 0.43984375 0.38828125 0.10078125 0.13203125
8 0.80546875 0.57890625 0.3890625 0.8421875
8 0.41328125 0.6140625 0.45703125 0.771875
4 0.24296875 0.68125 0.0765625 0.11796875
4 0.97421875 0.6828125 0.0515625 0.178125
4 0.66484375 0.72109375 0.084375 0.14921875
4 0.0796875 0.7453125 0.03359375 0.0625
4 0.5828125 0.7703125 0.06015625 0.13203125
3 0.7953125 0.275 0.13203125 0.12734375
7 0.13359375 0.49296875 0.07421875 0.07421875
7 0.4359375 0.296875 0.14453125 0.09375
7 0.79296875 0.20078125 0.15625 0.1109375