8 0.47578125 0.24765625 0.1203125 0.240625
8 0.28828125 0.27890625 0.15859375 0.25
7 0.17421875 0.31953125 0.06015625 0.03359375
5 0.21484375 0.3265625 0.03125 0.134375
2 0.1515625 0.3765625 0.0484375 0.0796875
5 0.6203125 0.37890625 0.10078125 0.1609375
5 0.9796875 0.38203125 0.040625 0.071875
5 0.25390625 0.39765625 0.0265625 0.0453125
7 0.51171875 0.41796875 0.071875 0.04296875
8 0.125 0.4265625 0.2015625 0.44453125
5 0.34375 0.44140625 0.0578125 0.11796875
5 0.86796875 0.46015625 0.02890625 0.05078125
5 0.2328125 0.46640625 0.02421875 0.10546875
2 0.49765625 0.48671875 0.08671875 0.12265625
5 0.74296875 0.49140625 0.0140625 0.05078125
5 0.77265625 0.49140625 0.0265625 0.0453125
7 0.08984375 0.50859375 0.0984375 0.040625
2 0.0671875 0.58046875 0.0625 0.103125
7 0.32421875 0.6109375 0.08671875 0.0484375
7 0.7234375 0.6109375 0.08671875 0.0671875
7 0.81953125 0.6453125 0.0578125 0.040625
8 0.4796875 0.6734375 0.146875 0.53359375
5 0.35078125 0.79921875 0.10078125 0.2140625
7 0.2984375 0.1875 0.04296875 0.02421875
2 0.30078125 0.22578125 0.03828125 0.0578125
5 0.3609375 0.2359375 0.0484375 0.115625
3 0.30625 0.671875 0.0796875 0.0453125
3 0.93984375 0.80390625 0.05078125 0.05546875
7 0.9625 0.765625 0.07421875 0.0796875
2 0.9390625 0.82578125 0.0453125 0.0765625
2 0.81640625 0.70078125 0.05078125 0.0578125
3 0.70078125 0.6859375 0.09375 0.06015625