4 0.765625 0.24375 0.06484375 0.12265625
1 0.8578125 0.65 0.0765625 0.13203125
4 0.83515625 0.06875 0.09375 0.13671875
2 0.6625 0.74296875 0.07421875 0.1109375
8 0.84609375 0.765625 0.2453125 0.46875
4 0.25625 0.771875 0.11796875 0.1828125
8 0.6734375 0.815625 0.134375 0.36875
5 0.73828125 0.83203125 0.0578125 0.0765625
5 0.765625 0.890625 0.0890625 0.0890625
2 0.553125 0.10703125 0.09609375 0.17578125
4 0.27265625 0.14296875 0.0796875 0.1078125
2 0.5296875 0.765625 0.0453125 0.0765625
8 0.5515625 0.828125 0.103125 0.34375