1 0.53828125 0.28125 0.0625 0.09140625
1 0.640625 0.28125 0.07421875 0.115625
1 0.46015625 0.296875 0.05078125 0.09375
1 0.3640625 0.31484375 0.0453125 0.0765625
1 0.33203125 0.3328125 0.04296875 0.07421875
1 0.28984375 0.3640625 0.0359375 0.05078125
5 0.1859375 0.41953125 0.021875 0.03125
5 0.32421875 0.43125 0.02890625 0.040625
5 0.20546875 0.43125 0.03125 0.03125
5 0.6265625 0.4328125 0.05078125 0.071875
5 0.49375 0.43515625 0.040625 0.071875
5 0.271875 0.4359375 0.02890625 0.040625
5 0.38671875 0.4421875 0.02890625 0.0484375
5 0.1765625 0.44609375 0.0453125 0.0171875
5 0.2046875 0.46015625 0.0484375 0.021875
5 0.31953125 0.46640625 0.053125 0.02890625
5 0.2609375 0.4703125 0.06015625 0.0265625
5 0.37734375 0.475 0.0671875 0.040625
5 0.4859375 0.4828125 0.0671875 0.03828125
5 0.615625 0.484375 0.10546875 0.0453125
8 0.81640625 0.534375 0.2640625 0.93125
8 0.271875 0.58046875 0.0765625 0.540625
8 0.32109375 0.58046875 0.05546875 0.61796875
8 0.375 0.5828125 0.0671875 0.665625
8 0.65 0.5890625 0.15625 0.821875
8 0.5359375 0.603125 0.115625 0.79296875
8 0.4578125 0.615625 0.1078125 0.7546875
1 0.8234375 0.19921875 0.0796875 0.125
3 0.7984375 0.1765625 0.0671875 0.040625