7 0.3296875 0.36328125 0.09140625 0.071875
7 0.5484375 0.4203125 0.0578125 0.04296875
2 0.33203125 0.428125 0.0578125 0.09609375
2 0.5625 0.46171875 0.03828125 0.0671875
2 0.68046875 0.5109375 0.02890625 0.0453125
4 0.55078125 0.54921875 0.03359375 0.05078125
4 0.6578125 0.5796875 0.0171875 0.03359375
4 0.30625 0.58046875 0.05078125 0.06484375
8 0.7296875 0.5828125 0.05078125 0.18984375
4 0.73671875 0.65625 0.021875 0.03359375
8 0.296875 0.6671875 0.23828125 0.6421875
8 0.53828125 0.68359375 0.14453125 0.59375
4 0.6890625 0.6875 0.0359375 0.04296875
8 0.67890625 0.7140625 0.0796875 0.5
4 0.58203125 0.73046875 0.04296875 0.0671875
4 0.34609375 0.8546875 0.071875 0.0984375
3 0.33984375 0.4125 0.0625 0.040625