1 0.6703125 0.390625 0.053125 0.0796875
1 0.82109375 0.3921875 0.05546875 0.071875
1 0.5328125 0.41328125 0.0453125 0.071875
1 0.29921875 0.428125 0.05078125 0.071875
1 0.1765625 0.43515625 0.0453125 0.08671875
1 0.4109375 0.4390625 0.0484375 0.0796875
8 0.6765625 0.6625 0.1515625 0.6609375
8 0.8359375 0.66171875 0.15625 0.6765625
8 0.534375 0.675 0.134375 0.65
4 0.50390625 0.678125 0.0359375 0.0578125
8 0.2921875 0.68125 0.1421875 0.63671875
5 0.7359375 0.6828125 0.02421875 0.0671875
5 0.615625 0.6859375 0.02890625 0.06484375
4 0.53359375 0.6875 0.03359375 0.0578125
8 0.14609375 0.69296875 0.1609375 0.6140625
4 0.7828125 0.69921875 0.0265625 0.0625
4 0.2328125 0.7015625 0.02890625 0.0578125
4 0.89921875 0.70546875 0.02890625 0.06484375
4 0.328125 0.70703125 0.03125 0.053125
5 0.45703125 0.728125 0.02890625 0.0625
4 0.0921875 0.7359375 0.021875 0.0484375
4 0.22265625 0.74140625 0.021875 0.06953125
7 0.821875 0.3421875 0.06953125 0.040625
7 0.66953125 0.35703125 0.071875 0.05078125
7 0.5328125 0.3734375 0.06953125 0.040625
7 0.41484375 0.40234375 0.0625 0.040625
7 0.29921875 0.3796875 0.06484375 0.0453125
7 0.18125 0.4046875 0.06484375 0.0359375
3 0.17421875 0.4265625 0.06484375 0.03125
3 0.66953125 0.37109375 0.05078125 0.02421875