0 0.73046875 0.853125 0.0515625 0.08125
0 0.6609375 0.83671875 0.059375 0.0828125
9 0.375 0.86171875 0.053125 0.0515625
9 0.32421875 0.84453125 0.0328125 0.0546875
9 0.515625 0.89609375 0.05 0.0484375
9 0.61953125 0.87734375 0.0515625 0.0515625
5 0.7609375 0.64296875 0.034375 0.0328125
5 0.6765625 0.69609375 0.034375 0.0296875
5 0.4640625 0.70859375 0.034375 0.0359375
6 0.3734375 0.4765625 0.05 0.05
6 0.5140625 0.47734375 0.059375 0.0515625
6 0.58515625 0.46796875 0.0515625 0.0453125
6 0.6984375 0.46640625 0.065625 0.0484375
1 0.590625 0.5078125 0.0375 0.053125
1 0.70078125 0.50078125 0.0421875 0.0390625
1 0.521875 0.5109375 0.03125 0.040625
1 0.3734375 0.51328125 0.034375 0.0421875
10 0.36171875 0.5953125 0.1109375 0.1625
10 0.70546875 0.60546875 0.1109375 0.1828125
10 0.51015625 0.60625 0.1109375 0.18125