3 0.3140625 0.32421875 0.11328125 0.07421875
5 0.45078125 0.803125 0.1078125 0.12265625
5 0.571875 0.78125 0.0984375 0.13671875
5 0.7921875 0.9046875 0.12265625 0.134375
5 0.92578125 0.89765625 0.11328125 0.12265625
2 0.48671875 0.34609375 0.09609375 0.11796875
2 0.6984375 0.2765625 0.0984375 0.11796875
7 0.31640625 0.24609375 0.1109375 0.0765625
7 0.4953125 0.2390625 0.12265625 0.08671875
7 0.69453125 0.1734375 0.1421875 0.084375
8 0.19453125 0.59609375 0.3890625 0.8078125
8 0.50078125 0.596875 0.3015625 0.80625
8 0.79765625 0.56015625 0.4046875 0.8765625