6 0.2640625 0.40078125 0.04375 0.0484375
6 0.3671875 0.48671875 0.046875 0.0546875
2 0.26953125 0.43046875 0.0265625 0.0390625
2 0.3703125 0.51953125 0.03125 0.0390625
5 0.40703125 0.64921875 0.0390625 0.0390625
5 0.434375 0.6046875 0.025 0.03125
5 0.26875 0.51796875 0.025 0.0265625
5 0.30625 0.4921875 0.01875 0.021875
9 0.275 0.71171875 0.025 0.0421875
9 0.30390625 0.6890625 0.0390625 0.028125
9 0.3578125 0.86953125 0.04375 0.0453125
9 0.37734375 0.8265625 0.0421875 0.040625
8 0.37109375 0.678125 0.1078125 0.446875
8 0.27578125 0.55546875 0.0984375 0.3609375