9 0.10859375 0.87265625 0.0765625 0.0734375
9 0.16796875 0.8203125 0.0921875 0.053125
9 0.3484375 0.91015625 0.084375 0.0609375
9 0.321875 0.9828125 0.090625 0.034375
9 0.484375 0.86015625 0.053125 0.0765625
9 0.51796875 0.85390625 0.0515625 0.0703125
9 0.71875 0.86328125 0.078125 0.0515625
9 0.775 0.89921875 0.059375 0.0671875
2 0.7578125 0.29140625 0.05 0.0703125
2 0.36171875 0.2890625 0.0515625 0.071875
2 0.4984375 0.284375 0.053125 0.05625
2 0.12734375 0.25 0.0546875 0.059375
2 0.88515625 0.3140625 0.0265625 0.034375
2 0.86015625 0.33203125 0.0234375 0.0421875
7 0.11171875 0.1984375 0.0671875 0.0375
7 0.346875 0.228125 0.0625 0.04375
7 0.4890625 0.23359375 0.0625 0.0421875
7 0.75 0.240625 0.059375 0.04375
7 0.8828125 0.28671875 0.0375 0.0265625
7 0.84140625 0.29375 0.0546875 0.0375
9 0.87265625 0.61875 0.0453125 0.04375
9 0.56640625 0.6640625 0.0421875 0.053125
8 0.1203125 0.55390625 0.221875 0.7640625
8 0.334375 0.603125 0.1375 0.79375
8 0.5203125 0.55703125 0.159375 0.6953125
8 0.7671875 0.58828125 0.178125 0.7359375
8 0.8796875 0.46171875 0.0875 0.4015625