3 0.42890625 0.47890625 0.1421875 0.0484375
3 0.71953125 0.484375 0.1296875 0.034375
3 0.9390625 0.53046875 0.08125 0.0265625
6 0.92890625 0.4984375 0.1234375 0.059375
6 0.69296875 0.44453125 0.2015625 0.0734375
6 0.41171875 0.42265625 0.2234375 0.1109375
2 0.421875 0.50625 0.134375 0.0875
2 0.71875 0.4984375 0.1125 0.071875
2 0.94765625 0.5453125 0.0796875 0.046875
5 0.92890625 0.92890625 0.0921875 0.0953125
5 0.5984375 0.5234375 0.128125 0.121875
5 0.2390625 0.56015625 0.096875 0.0796875
8 0.32734375 0.69375 0.4796875 0.6125
8 0.72890625 0.69921875 0.3890625 0.6015625