3 0.625 0.13359375 0.071875 0.0359375
6 0.6109375 0.0875 0.146875 0.0984375
4 0.51328125 0.428125 0.084375 0.08203125
4 0.834375 0.46171875 0.07421875 0.08671875
8 0.60078125 0.52109375 0.2234375 0.9578125
2 0.7859375 0.165625 0.040625 0.053125
2 0.8703125 0.16484375 0.04296875 0.06015625
2 0.63671875 0.1546875 0.06015625 0.07421875
7 0.790625 0.11328125 0.06484375 0.0671875
7 0.88671875 0.11796875 0.06484375 0.0484375
5 0.9484375 0.2234375 0.05078125 0.0671875
5 0.8609375 0.28984375 0.0265625 0.0453125
5 0.859375 0.2359375 0.04296875 0.04296875
5 0.47578125 0.28125 0.03125 0.03828125
8 0.88203125 0.415625 0.084375 0.65859375
8 0.7796875 0.4015625 0.09609375 0.625
7 0.42890625 0.09765625 0.0484375 0.0453125
7 0.3890625 0.0578125 0.05078125 0.04296875
5 0.35078125 0.08984375 0.0453125 0.05546875
7 0.17421875 0.0625 0.0484375 0.040625
7 0.26796875 0.0578125 0.0484375 0.0359375
7 0.084375 0.0578125 0.040625 0.02890625
8 0.428125 0.35 0.09140625 0.5453125
8 0.25390625 0.2953125 0.09609375 0.54296875
8 0.1703125 0.30546875 0.06953125 0.52890625
8 0.10703125 0.328125 0.06953125 0.43515625