3 0.375 0.13359375 0.071875 0.0359375
6 0.3890625 0.0875 0.146875 0.0984375
4 0.48671875 0.428125 0.084375 0.08203125
4 0.165625 0.46171875 0.07421875 0.08671875
8 0.39921875 0.52109375 0.2234375 0.9578125
2 0.2140625 0.165625 0.040625 0.053125
2 0.1296875 0.16484375 0.04296875 0.06015625
2 0.36328125 0.1546875 0.06015625 0.07421875
7 0.209375 0.11328125 0.06484375 0.0671875
7 0.11328125 0.11796875 0.06484375 0.0484375
5 0.0515625 0.2234375 0.05078125 0.0671875
5 0.1390625 0.28984375 0.0265625 0.0453125
5 0.140625 0.2359375 0.04296875 0.04296875
5 0.52421875 0.28125 0.03125 0.03828125
8 0.11796875 0.415625 0.084375 0.65859375
8 0.2203125 0.4015625 0.09609375 0.625
7 0.57109375 0.09765625 0.0484375 0.0453125
7 0.6109375 0.0578125 0.05078125 0.04296875
5 0.64921875 0.08984375 0.0453125 0.05546875
7 0.82578125 0.0625 0.0484375 0.040625
7 0.73203125 0.0578125 0.0484375 0.0359375
7 0.915625 0.0578125 0.040625 0.02890625
8 0.571875 0.35 0.09140625 0.5453125
8 0.74609375 0.2953125 0.09609375 0.54296875
8 0.8296875 0.30546875 0.06953125 0.52890625
8 0.89296875 0.328125 0.06953125 0.43515625