9 0.125 0.8921875 0.034375 0.053125
9 0.16953125 0.875 0.053125 0.040625
9 0.90078125 0.78984375 0.03125 0.0375
9 0.20703125 0.821875 0.0328125 0.10625
9 0.23125 0.81796875 0.0328125 0.103125
9 0.27109375 0.82734375 0.0234375 0.0390625
9 0.29765625 0.83046875 0.0328125 0.040625
9 0.35 0.815625 0.0328125 0.040625
9 0.38671875 0.81328125 0.0375 0.0375
9 0.41875 0.81328125 0.034375 0.0390625
9 0.453125 0.809375 0.0375 0.0421875
9 0.49453125 0.8078125 0.0328125 0.0359375
9 0.528125 0.803125 0.0328125 0.0390625
9 0.559375 0.79375 0.0296875 0.0328125
9 0.590625 0.7921875 0.034375 0.0375
9 0.66640625 0.7625 0.0328125 0.0609375
9 0.70234375 0.76875 0.0234375 0.0421875
9 0.7140625 0.77109375 0.034375 0.040625
9 0.6359375 0.77578125 0.03125 0.040625
9 0.7609375 0.77578125 0.0390625 0.0390625
9 0.8234375 0.79375 0.034375 0.040625
2 0.1609375 0.49921875 0.0296875 0.0375
2 0.23984375 0.5140625 0.0265625 0.028125
2 0.2890625 0.50234375 0.025 0.0328125
2 0.365625 0.496875 0.028125 0.034375
2 0.44296875 0.48203125 0.021875 0.0328125
2 0.51015625 0.51953125 0.025 0.03125
2 0.5671875 0.50234375 0.025 0.0328125
2 0.6109375 0.4875 0.0265625 0.0328125
2 0.65390625 0.50390625 0.021875 0.025
2 0.70546875 0.5078125 0.025 0.025
2 0.75078125 0.51953125 0.0234375 0.0296875
2 0.78828125 0.4765625 0.028125 0.0296875
2 0.825 0.50859375 0.0296875 0.0265625
2 0.88359375 0.490625 0.03125 0.034375
7 0.16171875 0.47109375 0.04375 0.0265625
7 0.2375 0.4890625 0.0359375 0.025
7 0.28984375 0.47578125 0.0328125 0.0265625
7 0.36484375 0.475 0.0265625 0.0203125
7 0.440625 0.45703125 0.0296875 0.0203125
7 0.51015625 0.49765625 0.028125 0.025
7 0.56640625 0.4828125 0.028125 0.025
7 0.61015625 0.46640625 0.0296875 0.0234375
7 0.6546875 0.484375 0.0296875 0.0234375
7 0.70390625 0.4890625 0.0265625 0.021875
7 0.74921875 0.5 0.025 0.01875
7 0.78671875 0.45703125 0.034375 0.025
7 0.82578125 0.48984375 0.034375 0.0265625
7 0.8859375 0.46640625 0.0359375 0.01875
8 0.1515625 0.69140625 0.1 0.46875
8 0.2234375 0.67734375 0.0921875 0.4203125
8 0.2921875 0.6609375 0.084375 0.3984375
8 0.365625 0.6546875 0.0859375 0.378125
8 0.4390625 0.64375 0.08125 0.3921875
8 0.5078125 0.65546875 0.0796875 0.3546875
8 0.5734375 0.64375 0.0765625 0.3578125
8 0.6140625 0.6296875 0.0734375 0.353125
8 0.6625 0.63203125 0.0671875 0.3359375
8 0.71015625 0.6375 0.0578125 0.3234375
8 0.75703125 0.646875 0.0703125 0.31875
8 0.8265625 0.64921875 0.0765625 0.346875
8 0.90078125 0.63515625 0.0953125 0.365625
5 0.92578125 0.64140625 0.021875 0.028125