9 0.8765625 0.846875 0.06875 0.0375
9 0.8015625 0.7796875 0.05625 0.0375
9 0.72578125 0.7171875 0.0390625 0.034375
9 0.68828125 0.70234375 0.0421875 0.0296875
9 0.615625 0.69609375 0.03125 0.0296875
9 0.57265625 0.696875 0.0328125 0.028125
9 0.51484375 0.70546875 0.0421875 0.0296875
9 0.46953125 0.71484375 0.0359375 0.0359375
9 0.36171875 0.72734375 0.0484375 0.0296875
9 0.3265625 0.73984375 0.05 0.0359375
6 0.87578125 0.35859375 0.0734375 0.0703125
6 0.70703125 0.36796875 0.0484375 0.0484375
6 0.34140625 0.39375 0.0421875 0.0375
7 0.7953125 0.36484375 0.046875 0.0453125
7 0.5859375 0.37109375 0.034375 0.0265625
7 0.48125 0.37890625 0.034375 0.0359375
7 0.0984375 0.41875 0.03125 0.03125
8 0.09296875 0.5265625 0.0765625 0.25625
8 0.88828125 0.5953125 0.0953125 0.54375
8 0.79453125 0.5703125 0.0828125 0.471875
8 0.70234375 0.53984375 0.0796875 0.4265625
8 0.59375 0.534375 0.09375 0.384375
8 0.4765625 0.54921875 0.10625 0.3890625
8 0.3375 0.565625 0.0875 0.403125
5 0.5796875 0.49765625 0.034375 0.0359375