9 0.1234375 0.846875 0.06875 0.0375
9 0.1984375 0.7796875 0.05625 0.0375
9 0.27421875 0.7171875 0.0390625 0.034375
9 0.31171875 0.70234375 0.0421875 0.0296875
9 0.384375 0.69609375 0.03125 0.0296875
9 0.42734375 0.696875 0.0328125 0.028125
9 0.48515625 0.70546875 0.0421875 0.0296875
9 0.53046875 0.71484375 0.0359375 0.0359375
9 0.63828125 0.72734375 0.0484375 0.0296875
9 0.6734375 0.73984375 0.05 0.0359375
6 0.12421875 0.35859375 0.0734375 0.0703125
6 0.29296875 0.36796875 0.0484375 0.0484375
6 0.65859375 0.39375 0.0421875 0.0375
7 0.2046875 0.36484375 0.046875 0.0453125
7 0.4140625 0.37109375 0.034375 0.0265625
7 0.51875 0.37890625 0.034375 0.0359375
7 0.9015625 0.41875 0.03125 0.03125
8 0.90703125 0.5265625 0.0765625 0.25625
8 0.11171875 0.5953125 0.0953125 0.54375
8 0.20546875 0.5703125 0.0828125 0.471875
8 0.29765625 0.53984375 0.0796875 0.4265625
8 0.40625 0.534375 0.09375 0.384375
8 0.5234375 0.54921875 0.10625 0.3890625
8 0.6625 0.565625 0.0875 0.403125
5 0.4203125 0.49765625 0.034375 0.0359375