8 0.81328125 0.75234375 0.1171875 0.4453125
8 0.89375 0.740625 0.1125 0.44375
6 0.9 0.55 0.05 0.040625
6 0.7890625 0.56171875 0.065625 0.0640625
6 0.515625 0.74609375 0.040625 0.0453125
6 0.58984375 0.7890625 0.0421875 0.0625
6 0.72734375 0.721875 0.0453125 0.046875
6 0.0375 0.75546875 0.034375 0.0515625
6 0.4046875 0.77734375 0.028125 0.0359375
4 0.81328125 0.7515625 0.0359375 0.040625
5 0.55703125 0.9390625 0.0359375 0.04375
4 0.62890625 0.90859375 0.0265625 0.0359375
4 0.65703125 0.88671875 0.0296875 0.0359375
8 0.51484375 0.8625 0.0953125 0.275
8 0.62578125 0.84609375 0.1265625 0.1796875
8 0.721875 0.80625 0.121875 0.228125
2 0.7875 0.60234375 0.03125 0.0421875
2 0.525 0.775 0.025 0.0375
8 0.053125 0.8078125 0.08125 0.15625
8 0.4 0.803125 0.05 0.096875