8 0.82578125 0.53671875 0.3390625 0.8390625
0 0.71640625 0.84765625 0.1140625 0.1703125
0 0.86640625 0.85859375 0.0984375 0.2078125
9 0.346875 0.78125 0.078125 0.065625
9 0.4171875 0.79453125 0.05625 0.0890625
9 0.64765625 0.778125 0.0796875 0.0625
6 0.51484375 0.31640625 0.0421875 0.0421875
6 0.68359375 0.3203125 0.0359375 0.034375
6 0.38515625 0.23671875 0.0859375 0.1203125
6 0.8078125 0.1703125 0.103125 0.1125
2 0.80234375 0.2328125 0.0578125 0.071875
6 0.4875 0.4578125 0.071875 0.103125
8 0.64140625 0.6109375 0.1890625 0.428125
4 0.8 0.5296875 0.05625 0.071875
4 0.35625 0.525 0.04375 0.065625
4 0.325 0.3265625 0.059375 0.053125
8 0.37109375 0.503125 0.2015625 0.6625
8 0.5078125 0.4578125 0.084375 0.33125
8 0.4703125 0.57578125 0.1 0.3203125
8 0.67890625 0.3640625 0.0671875 0.15