6 0.5859375 0.5328125 0.140625 0.134375
6 0.315625 0.48671875 0.1125 0.1078125
6 0.63046875 0.36796875 0.1046875 0.0953125
6 0.6953125 0.278125 0.0625 0.06875
4 0.38984375 0.82421875 0.0796875 0.0921875
4 0.66171875 0.725 0.0640625 0.05625
4 0.82890625 0.33671875 0.0546875 0.0578125
9 0.62890625 0.80078125 0.0515625 0.065625
9 0.7375 0.721875 0.046875 0.053125
8 0.625 0.66171875 0.24375 0.3734375
8 0.36875 0.5984375 0.246875 0.340625
4 0.18515625 0.43125 0.0515625 0.0515625
8 0.65234375 0.46484375 0.1765625 0.2671875
8 0.70234375 0.41171875 0.0953125 0.3375