6 0.159375 0.24453125 0.071875 0.0734375
6 0.27265625 0.2265625 0.0640625 0.06875
6 0.33359375 0.25546875 0.0609375 0.0609375
6 0.39765625 0.2671875 0.0640625 0.05625
6 0.45625 0.2421875 0.0625 0.0625
6 0.49609375 0.1953125 0.0578125 0.05625
6 0.58828125 0.2625 0.0609375 0.059375
6 0.67109375 0.21484375 0.0546875 0.0515625
6 0.78828125 0.2828125 0.0578125 0.05
6 0.88203125 0.30078125 0.0578125 0.0515625
6 0.7359375 0.44921875 0.059375 0.0546875
6 0.575 0.41015625 0.059375 0.0609375
6 0.78671875 0.528125 0.0640625 0.0625
6 0.65546875 0.5 0.0671875 0.059375
3 0.4 0.29921875 0.0421875 0.0265625
3 0.5890625 0.29453125 0.0390625 0.021875
2 0.1578125 0.28671875 0.0421875 0.0515625
2 0.271875 0.27265625 0.0484375 0.053125
2 0.334375 0.30078125 0.0453125 0.05
2 0.39765625 0.30859375 0.0390625 0.0421875
2 0.45703125 0.28671875 0.0484375 0.0484375
2 0.4953125 0.2390625 0.0375 0.046875
2 0.590625 0.30390625 0.0375 0.0390625
2 0.66953125 0.25 0.0375 0.0390625
2 0.7859375 0.32578125 0.0375 0.0375
2 0.8765625 0.3421875 0.046875 0.0421875
2 0.7296875 0.49375 0.0375 0.0453125
2 0.65859375 0.54296875 0.0421875 0.0421875
2 0.7859375 0.5828125 0.04375 0.05
2 0.57265625 0.4515625 0.04375 0.0421875
5 0.92265625 0.55859375 0.0328125 0.04375
5 0.7375 0.62265625 0.0375 0.0484375
5 0.809375 0.89609375 0.0546875 0.0734375
5 0.6515625 0.796875 0.0296875 0.0390625
5 0.52265625 0.69921875 0.040625 0.053125
5 0.51484375 0.6296875 0.0421875 0.040625
5 0.4875 0.54453125 0.034375 0.0453125
5 0.40625 0.5640625 0.0390625 0.059375
5 0.359375 0.57890625 0.0296875 0.0515625
5 0.18203125 0.49453125 0.0359375 0.0484375
5 0.1578125 0.49296875 0.05 0.0390625
9 0.453125 0.78203125 0.059375 0.04375
9 0.4109375 0.7828125 0.0453125 0.046875
9 0.74453125 0.85859375 0.084375 0.05
9 0.84296875 0.875 0.0484375 0.1015625
9 0.33828125 0.82421875 0.05 0.046875
9 0.25546875 0.8296875 0.071875 0.046875
9 0.11796875 0.84375 0.053125 0.05625
9 0.18203125 0.846875 0.0796875 0.0578125
9 0.36796875 0.78828125 0.040625 0.053125
9 0.53671875 0.7609375 0.0453125 0.0546875
9 0.29453125 0.78671875 0.053125 0.05625
9 0.878125 0.77421875 0.040625 0.046875
9 0.675 0.8328125 0.0609375 0.0859375
9 0.603125 0.80625 0.0453125 0.084375
8 0.13984375 0.5453125 0.1546875 0.678125
8 0.2484375 0.52890625 0.1359375 0.671875
8 0.31875 0.5375 0.121875 0.628125
8 0.3875 0.525 0.1265625 0.584375
8 0.43671875 0.509375 0.1390625 0.609375
8 0.5609375 0.59296875 0.1453125 0.4109375
8 0.64140625 0.66796875 0.1453125 0.4
8 0.78828125 0.7109375 0.178125 0.4
8 0.87734375 0.5390625 0.140625 0.5296875
8 0.6609375 0.35234375 0.1234375 0.328125
8 0.78046875 0.39375 0.134375 0.2671875