9 0.3734375 0.95390625 0.125 0.0515625
9 0.1890625 0.96015625 0.090625 0.0453125
9 0.08828125 0.96015625 0.0609375 0.0421875
6 0.1296875 0.5765625 0.075 0.05
6 0.3375 0.5625 0.078125 0.046875
6 0.46953125 0.48984375 0.0546875 0.0265625
6 0.309375 0.50546875 0.05625 0.0390625
6 0.2359375 0.5015625 0.053125 0.040625
6 0.19140625 0.50625 0.0640625 0.040625
2 0.19765625 0.528125 0.03125 0.0234375
2 0.309375 0.52421875 0.0265625 0.01875
2 0.23359375 0.51953125 0.028125 0.021875
9 0.48828125 0.7296875 0.053125 0.03125
8 0.48125 0.6125 0.0953125 0.28125
8 0.365625 0.75859375 0.1359375 0.4375
8 0.2296875 0.59296875 0.0828125 0.2265625
8 0.15078125 0.76875 0.1578125 0.4328125
5 0.47109375 0.6125 0.0296875 0.025