6 0.4140625 0.5328125 0.140625 0.134375
6 0.684375 0.48671875 0.1125 0.1078125
6 0.36953125 0.36796875 0.1046875 0.0953125
6 0.3046875 0.278125 0.0625 0.06875
4 0.61015625 0.82421875 0.0796875 0.0921875
4 0.33828125 0.725 0.0640625 0.05625
4 0.17109375 0.33671875 0.0546875 0.0578125
9 0.37109375 0.80078125 0.0515625 0.065625
9 0.2625 0.721875 0.046875 0.053125
8 0.375 0.66171875 0.24375 0.3734375
8 0.63125 0.5984375 0.246875 0.340625
4 0.81484375 0.43125 0.0515625 0.0515625
8 0.34765625 0.46484375 0.1765625 0.2671875
8 0.29765625 0.41171875 0.0953125 0.3375