6 0.14453125 0.36953125 0.0890625 0.1390625
6 0.20234375 0.3546875 0.0796875 0.121875
6 0.4046875 0.39375 0.059375 0.096875
6 0.55234375 0.396875 0.0546875 0.078125
6 0.6921875 0.40078125 0.046875 0.0765625
6 0.865625 0.37578125 0.08125 0.0953125
5 0.8890625 0.615625 0.0375 0.053125
5 0.8609375 0.60546875 0.034375 0.0453125
5 0.73515625 0.60234375 0.0328125 0.0453125
5 0.56171875 0.53359375 0.0328125 0.0359375
5 0.47421875 0.528125 0.0359375 0.040625
5 0.4125 0.5734375 0.03125 0.04375
5 0.32265625 0.56875 0.0328125 0.040625
5 0.2140625 0.6125 0.034375 0.046875
5 0.13046875 0.49375 0.0609375 0.053125
9 0.11953125 0.675 0.0671875 0.078125
9 0.9484375 0.7265625 0.071875 0.13125
9 0.76015625 0.68046875 0.0453125 0.0734375
8 0.9125 0.5625 0.175 0.459375
8 0.76328125 0.54140625 0.1671875 0.3703125
8 0.51953125 0.51640625 0.1515625 0.3359375
8 0.365625 0.51640625 0.175 0.3828125
8 0.15859375 0.50625 0.1890625 0.440625