9 0.8875 0.86796875 0.0421875 0.046875
9 0.81484375 0.8453125 0.0640625 0.0375
9 0.75390625 0.83125 0.04375 0.0484375
9 0.68203125 0.81875 0.0484375 0.0375
9 0.60234375 0.79375 0.0421875 0.0359375
5 0.63828125 0.5796875 0.040625 0.0453125
5 0.69140625 0.615625 0.0296875 0.0375
5 0.71171875 0.60859375 0.0375 0.0375
5 0.821875 0.62109375 0.0375 0.0359375
2 0.84609375 0.44609375 0.0421875 0.04375
2 0.70703125 0.42578125 0.0328125 0.0375
2 0.78984375 0.42109375 0.0375 0.0359375
2 0.63515625 0.43046875 0.0359375 0.0328125
6 0.6375 0.39453125 0.0484375 0.0359375
6 0.70703125 0.38984375 0.04375 0.0421875
6 0.79296875 0.38515625 0.0453125 0.04375
6 0.84609375 0.40703125 0.053125 0.0375
8 0.63671875 0.59609375 0.1046875 0.4328125
8 0.715625 0.6109375 0.115625 0.4921875
8 0.853125 0.63671875 0.140625 0.5046875