1 0.37734375 0.28828125 0.0234375 0.040625
8 0.584375 0.35625 0.07890625 0.2734375
8 0.36875 0.3734375 0.0703125 0.253125
8 0.64453125 0.71328125 0.2171875 0.57109375
4 0.70390625 0.96328125 0.0359375 0.06796875
7 0.653125 0.5015625 0.096875 0.10546875
7 0.58828125 0.228125 0.0265625 0.0265625
7 0.375 0.2546875 0.02578125 0.0234375
5 0.3640625 0.36640625 0.01484375 0.021875
5 0.3828125 0.33125 0.01484375 0.02109375
5 0.5625 0.34609375 0.01484375 0.01953125
2 0.5859375 0.25546875 0.0234375 0.028125
9 0.384375 0.45078125 0.03125 0.0375