1 0.62265625 0.28828125 0.0234375 0.040625
8 0.415625 0.35625 0.07890625 0.2734375
8 0.63125 0.3734375 0.0703125 0.253125
8 0.35546875 0.71328125 0.2171875 0.57109375
4 0.29609375 0.96328125 0.0359375 0.06796875
7 0.346875 0.5015625 0.096875 0.10546875
7 0.41171875 0.228125 0.0265625 0.0265625
7 0.625 0.2546875 0.02578125 0.0234375
5 0.6359375 0.36640625 0.01484375 0.021875
5 0.6171875 0.33125 0.01484375 0.02109375
5 0.4375 0.34609375 0.01484375 0.01953125
2 0.4140625 0.25546875 0.0234375 0.028125
9 0.3953125 0.44296875 0.02421875 0.040625
9 0.42578125 0.44375 0.0234375 0.04140625
9 0.6125 0.45078125 0.0265625 0.03359375