3 0.22734375 0.146875 0.115625 0.1078125
3 0.5984375 0.25234375 0.1421875 0.0890625
3 0.63203125 0.59375 0.1515625 0.1078125
2 0.6265625 0.646875 0.14921875 0.19921875
2 0.22109375 0.19609375 0.1109375 0.1828125
2 0.5953125 0.2875 0.1296875 0.14453125
7 0.603125 0.1234375 0.1921875 0.1390625
7 0.13828125 0.04296875 0.2609375 0.0859375
7 0.6421875 0.45703125 0.209375 0.13203125
8 0.18515625 0.5 0.3703125 1
8 0.6046875 0.5265625 0.44453125 0.946875
8 0.6203125 0.690625 0.490625 0.61875
8 0.91796875 0.53125 0.16328125 0.9375
7 0.946875 0.13125 0.10546875 0.1390625