5 0.115625 0.6234375 0.12734375 0.1828125
5 0.93984375 0.5140625 0.1109375 0.15625
5 0.74296875 0.94296875 0.1171875 0.1140625
3 0.28125 0.33984375 0.134375 0.0578125
3 0.50859375 0.17421875 0.1390625 0.08671875
2 0.2859375 0.37890625 0.1078125 0.125
2 0.50703125 0.22265625 0.1421875 0.1390625
2 0.74375 0.30859375 0.12734375 0.1203125
7 0.271875 0.25234375 0.14453125 0.07421875
7 0.75 0.178125 0.1515625 0.1109375
7 0.50703125 0.1046875 0.178125 0.1296875
8 0.2234375 0.6046875 0.34140625 0.790625
8 0.50390625 0.51875 0.3515625 0.9625
8 0.8078125 0.56328125 0.38125 0.8734375