8 0.134375 0.2109375 0.10859375 0.3609375
1 0.80859375 0.41171875 0.0484375 0.0984375
8 0.76875 0.534375 0.20078125 0.4609375
4 0.6890625 0.59921875 0.05625 0.1015625
4 0.71875 0.678125 0.0609375 0.0875
1 0.11875 0.084375 0.03828125 0.0484375
7 0.11953125 0.04453125 0.034375 0.03046875
7 0.8296875 0.34921875 0.06796875 0.05703125
5 0.13359375 0.13515625 0.0203125 0.02890625
5 0.1421875 0.1890625 0.015625 0.0359375
9 0.16796875 0.31328125 0.03046875 0.05703125
9 0.13984375 0.33984375 0.0265625 0.0640625