8 0.13359375 0.209375 0.1015625 0.30390625
1 0.7546875 0.58359375 0.053125 0.146875
8 0.7453125 0.7203125 0.23203125 0.55703125
4 0.6375 0.72421875 0.05234375 0.1015625
1 0.1234375 0.08828125 0.02890625 0.0375
4 0.64765625 0.94296875 0.0625 0.1109375
7 0.78515625 0.49609375 0.096875 0.078125
7 0.11640625 0.04921875 0.034375 0.040625
5 0.14296875 0.15625 0.025 0.02890625
5 0.1421875 0.18828125 0.01640625 0.03203125
9 0.16875 0.3046875 0.0359375 0.06953125
9 0.1359375 0.3390625 0.0328125 0.0640625