8 0.13125 0.1984375 0.09921875 0.296875
1 0.7796875 0.259375 0.02890625 0.06953125
8 0.7484375 0.38828125 0.1078125 0.42890625
4 0.7015625 0.45234375 0.02265625 0.0875
4 0.80234375 0.4578125 0.028125 0.0625
1 0.1203125 0.08984375 0.02890625 0.05390625
7 0.7828125 0.20390625 0.03671875 0.0390625
7 0.1140625 0.0484375 0.03671875 0.03046875
5 0.096875 0.2 0.01640625 0.0390625
5 0.14375 0.18515625 0.01328125 0.03203125
9 0.1671875 0.3078125 0.034375 0.0640625
9 0.140625 0.34140625 0.03125 0.06640625