8 0.86875 0.1984375 0.09921875 0.296875
1 0.2203125 0.259375 0.02890625 0.06953125
8 0.2515625 0.38828125 0.1078125 0.42890625
4 0.2984375 0.45234375 0.02265625 0.0875
4 0.19765625 0.4578125 0.028125 0.0625
1 0.8796875 0.08984375 0.02890625 0.05390625
7 0.2171875 0.20390625 0.03671875 0.0390625
7 0.8859375 0.0484375 0.03671875 0.03046875
5 0.903125 0.2 0.01640625 0.0390625
5 0.85625 0.18515625 0.01328125 0.03203125
9 0.8328125 0.31015625 0.02890625 0.04609375
9 0.859375 0.3390625 0.021875 0.06640625