8 0.128125 0.2203125 0.12734375 0.390625
1 0.7796875 0.375 0.03046875 0.078125
4 0.715625 0.57421875 0.03515625 0.06796875
8 0.76875 0.5875 0.17890625 0.61640625
1 0.1078125 0.090625 0.03671875 0.05390625
7 0.8171875 0.321875 0.06953125 0.0515625
7 0.109375 0.0515625 0.0421875 0.03046875
5 0.103125 0.23671875 0.01640625 0.04296875
5 0.15078125 0.190625 0.015625 0.03203125
9 0.16640625 0.35859375 0.03359375 0.065625
9 0.128125 0.38046875 0.04765625 0.06953125
9 0.68359375 0.85 0.04921875 0.07109375