8 0.7375 0.21796875 0.1125 0.43359375
1 0.1796875 0.353125 0.0328125 0.08203125
4 0.259375 0.49140625 0.05703125 0.05546875
4 0.28125 0.51796875 0.05859375 0.053125
8 0.21484375 0.54609375 0.1921875 0.56953125
1 0.7421875 0.078125 0.02890625 0.0390625
7 0.15 0.30234375 0.06796875 0.0515625
7 0.746875 0.025 0.03203125 0.0359375
5 0.721875 0.1671875 0.02734375 0.0265625
9 0.76640625 0.39765625 0.04140625 0.05859375
9 0.70390625 0.36875 0.046875 0.05
9 0.3078125 0.8078125 0.06015625 0.06953125
9 0.26953125 0.790625 0.0359375 0.0859375