8 0.2625 0.21796875 0.1125 0.43359375
1 0.8203125 0.353125 0.0328125 0.08203125
4 0.740625 0.49140625 0.05703125 0.05546875
4 0.71875 0.51796875 0.05859375 0.053125
8 0.78515625 0.54609375 0.1921875 0.56953125
1 0.2578125 0.078125 0.02890625 0.0390625
7 0.85 0.30234375 0.06796875 0.0515625
7 0.253125 0.025 0.03203125 0.0359375
5 0.278125 0.1671875 0.02734375 0.0265625
9 0.23359375 0.39765625 0.04140625 0.05859375
9 0.29609375 0.36875 0.046875 0.05
9 0.6921875 0.8078125 0.06015625 0.06953125
9 0.73046875 0.790625 0.0359375 0.0859375