1 0.365625 0.29921875 0.01484375 0.03203125
8 0.584375 0.3375 0.07265625 0.228125
8 0.3671875 0.36015625 0.06640625 0.21796875
4 0.515625 0.68125 0.03828125 0.1015625
8 0.6265625 0.70234375 0.246875 0.59296875
7 0.671875 0.43828125 0.08984375 0.07890625
7 0.5875 0.22890625 0.02265625 0.01953125
7 0.36484375 0.2625 0.025 0.025
5 0.36875 0.3609375 0.01640625 0.01953125
5 0.38515625 0.346875 0.0171875 0.021875
2 0.5875 0.25625 0.0203125 0.03203125
9 0.57265625 0.44375 0.02265625 0.053125
9 0.38828125 0.44765625 0.02265625 0.0390625
9 0.60390625 0.44296875 0.02109375 0.05