8 0.584375 0.334375 0.07265625 0.21796875
8 0.365625 0.3640625 0.07109375 0.21640625
4 0.5890625 0.5828125 0.05390625 0.1515625
8 0.665625 0.69609375 0.23359375 0.60546875
7 0.69375 0.440625 0.0796875 0.084375
7 0.5875 0.2296875 0.02265625 0.02109375
7 0.36796875 0.2640625 0.025 0.025
5 0.36875 0.3578125 0.01484375 0.01796875
5 0.3859375 0.35234375 0.01640625 0.0234375
2 0.5875 0.25625 0.01796875 0.034375
9 0.5734375 0.44140625 0.02109375 0.04609375
9 0.60390625 0.44140625 0.0234375 0.053125
9 0.38984375 0.446875 0.02578125 0.046875