3 0.25625 0.32421875 0.103125 0.08671875
5 0.203125 0.6734375 0.1203125 0.178125
5 0.4828125 0.5484375 0.05078125 0.05078125
5 0.61875 0.51328125 0.04296875 0.05078125
8 0.46640625 0.55625 0.1703125 0.55546875
8 0.603125 0.56953125 0.1609375 0.490625
7 0.2234375 0.228125 0.1296875 0.1109375
2 0.2546875 0.359375 0.0890625 0.1609375
2 0.4515625 0.33984375 0.03125 0.05078125
2 0.57578125 0.375 0.040625 0.0484375
7 0.8578125 0.14921875 0.23828125 0.25
8 0.84375 0.53359375 0.2953125 0.9328125
8 0.18203125 0.58359375 0.3046875 0.8328125
5 0.5046875 0.946875 0.11328125 0.10546875
7 0.45078125 0.2921875 0.04296875 0.040625
7 0.5765625 0.3375 0.0453125 0.03125
8 0.709375 0.27265625 0.06015625 0.209375