3 0.53046875 0.37734375 0.12890625 0.05234375
4 0.45546875 0.61171875 0.1125 0.05234375
4 0.6015625 0.39375 0.096875 0.059375
1 0.52890625 0.39140625 0.10390625 0.059375
2 0.3078125 0.4484375 0.021875 0.01328125
2 0.15 0.44296875 0.021875 0.01328125
2 0.09609375 0.44375 0.025 0.01171875
7 0.0953125 0.434375 0.03125 0.01171875
7 0.146875 0.43359375 0.025 0.01015625
7 0.25703125 0.43671875 0.0421875 0.015625
7 0.3140625 0.43828125 0.03125 0.0109375
7 0.040625 0.43125 0.04140625 0.015625
8 0.4859375 0.58203125 0.35546875 0.53671875