3 0.46953125 0.37734375 0.12890625 0.05234375
4 0.54453125 0.61171875 0.1125 0.05234375
4 0.3984375 0.39375 0.096875 0.059375
1 0.47109375 0.39140625 0.10390625 0.059375
2 0.6921875 0.4484375 0.021875 0.01328125
2 0.85 0.44296875 0.021875 0.01328125
2 0.90390625 0.44375 0.025 0.01171875
7 0.9046875 0.434375 0.03125 0.01171875
7 0.853125 0.43359375 0.025 0.01015625
7 0.74296875 0.43671875 0.0421875 0.015625
7 0.6859375 0.43828125 0.03125 0.0109375
7 0.959375 0.43125 0.04140625 0.015625
8 0.5140625 0.58203125 0.35546875 0.53671875