8 0.41875 0.2765625 0.0640625 0.146875
1 0.6359375 0.28984375 0.02734375 0.04609375
8 0.6296875 0.35859375 0.07734375 0.253125
8 0.096875 0.675 0.19296875 0.646875
4 0.16875 0.6890625 0.04609375 0.06640625
7 0.0265625 0.403125 0.053125 0.075
7 0.4125 0.2296875 0.02265625 0.02109375
7 0.63828125 0.2546875 0.0234375 0.02109375
5 0.6171875 0.3484375 0.01640625 0.01953125
5 0.63046875 0.36015625 0.0171875 0.02109375
2 0.4109375 0.25703125 0.01953125 0.03359375
9 0.60859375 0.45078125 0.0296875 0.04296875
9 0.428125 0.4453125 0.02421875 0.04453125
9 0.3984375 0.44609375 0.02265625 0.04296875