1 0.6390625 0.278125 0.02578125 0.0375
8 0.4125 0.359375 0.08828125 0.29453125
8 0.6265625 0.365625 0.09453125 0.2390625
8 0.0578125 0.72109375 0.115625 0.5546875
4 0.06875 0.7265625 0.05078125 0.0640625
4 0.0921875 0.784375 0.05625 0.0859375
7 0.41328125 0.2296875 0.021875 0.02109375
7 0.63828125 0.253125 0.0234375 0.015625
5 0.61484375 0.346875 0.01875 0.0234375
5 0.63125 0.359375 0.0203125 0.021875
2 0.4125 0.25703125 0.02109375 0.03359375
9 0.4265625 0.44296875 0.021875 0.04609375
9 0.609375 0.45078125 0.02578125 0.04296875
9 0.396875 0.446875 0.02421875 0.04296875