1 0.3609375 0.278125 0.02578125 0.0375
8 0.5875 0.359375 0.08828125 0.29453125
8 0.3734375 0.365625 0.09453125 0.2390625
8 0.9421875 0.72109375 0.115625 0.5546875
4 0.93125 0.7265625 0.05078125 0.0640625
4 0.9078125 0.784375 0.05625 0.0859375
7 0.58671875 0.2296875 0.021875 0.02109375
7 0.36171875 0.253125 0.0234375 0.015625
5 0.38515625 0.346875 0.01875 0.0234375
5 0.36875 0.359375 0.0203125 0.021875
2 0.5875 0.25703125 0.02109375 0.03359375
9 0.6046875 0.4421875 0.02890625 0.04453125
9 0.575 0.44296875 0.02421875 0.04296875
9 0.3921875 0.45 0.03046875 0.046875