2 0.65390625 0.4859375 0.15625 0.16796875
3 0.33515625 0.4375 0.18984375 0.11328125
2 0.3375 0.48203125 0.146875 0.178125
7 0.328125 0.30078125 0.2140625 0.125
2 0.5203125 0.49296875 0.06015625 0.0671875
2 0.1609375 0.48828125 0.07421875 0.1203125
2 0.053125 0.55546875 0.0765625 0.08203125
3 0.86875 0.4578125 0.0671875 0.04296875
2 0.8734375 0.47109375 0.06015625 0.08203125
5 0.91328125 0.62109375 0.06953125 0.07421875
5 0.63359375 0.93046875 0.14921875 0.1390625
7 0.1609375 0.38828125 0.09140625 0.0765625
7 0.51953125 0.42890625 0.0890625 0.0625
8 0.6734375 0.6453125 0.40390625 0.709375
8 0.28828125 0.61640625 0.4109375 0.7671875
8 0.50859375 0.578125 0.15390625 0.3125
8 0.8859375 0.7078125 0.1421875 0.584375
8 0.0578125 0.73984375 0.115625 0.5203125
7 0.0578125 0.5015625 0.06953125 0.0453125
7 0.67890625 0.3375 0.19453125 0.11328125