1 0.37265625 0.290625 0.021875 0.028125
8 0.5828125 0.328125 0.07578125 0.20859375
8 0.36875 0.371875 0.06796875 0.246875
8 0.8140625 0.67578125 0.22578125 0.64609375
7 0.8359375 0.4125 0.078125 0.0640625
7 0.3671875 0.2578125 0.02421875 0.0234375
7 0.58671875 0.23046875 0.0234375 0.021875
5 0.384375 0.35078125 0.01484375 0.02109375
5 0.3703125 0.359375 0.01953125 0.0234375
2 0.5875 0.25625 0.021875 0.03203125
9 0.5734375 0.44453125 0.0265625 0.04609375
9 0.6046875 0.4453125 0.02578125 0.04453125
9 0.390625 0.446875 0.0265625 0.04609375