8 0.1390625 0.21953125 0.12109375 0.36640625
1 0.7859375 0.36484375 0.03359375 0.08203125
4 0.734375 0.4 0.03828125 0.1
8 0.76875 0.578125 0.1671875 0.61640625
4 0.73359375 0.690625 0.0359375 0.0890625
1 0.1546875 0.07890625 0.01953125 0.06953125
7 0.8140625 0.32109375 0.06171875 0.053125
7 0.1515625 0.0421875 0.02734375 0.0234375
5 0.11484375 0.19453125 0.0171875 0.03046875
5 0.140625 0.19921875 0.0171875 0.03203125
9 0.159375 0.31875 0.034375 0.059375
9 0.13671875 0.3484375 0.03046875 0.06796875