8 0.86953125 0.209375 0.103125 0.33046875
4 0.3265625 0.54765625 0.04609375 0.04296875
4 0.32109375 0.58125 0.059375 0.05703125
8 0.26953125 0.60078125 0.1421875 0.465625
1 0.8859375 0.09453125 0.02890625 0.046875
7 0.25 0.39609375 0.06875 0.071875
7 0.89140625 0.05625 0.0328125 0.03203125
5 0.8796875 0.1953125 0.01953125 0.02890625
5 0.8578125 0.184375 0.01484375 0.034375
9 0.83125 0.309375 0.0328125 0.05390625
9 0.8625 0.3359375 0.02578125 0.06796875
9 0.3171875 0.78671875 0.03984375 0.0609375