3 0.45546875 0.25 0.16328125 0.103125
3 0.7453125 0.19140625 0.146875 0.08671875
5 0.946875 0.48203125 0.103125 0.2140625
5 0.43359375 0.93515625 0.11328125 0.1296875
2 0.3296875 0.3234375 0.09375 0.1390625
2 0.45546875 0.29453125 0.12734375 0.1734375
2 0.75 0.234375 0.146875 0.14453125
7 0.46484375 0.1203125 0.146875 0.09375
7 0.30078125 0.18984375 0.12265625 0.0796875
7 0.7453125 0.09765625 0.13671875 0.08203125
8 0.54296875 0.53359375 0.509375 0.9328125
8 0.26328125 0.5734375 0.24296875 0.853125
8 0.7875 0.52890625 0.34375 0.9421875