3 0.3953125 0.13203125 0.1203125 0.09609375
2 0.39296875 0.16015625 0.11328125 0.134375
2 0.446875 0.29921875 0.07421875 0.103125
2 0.546875 0.240625 0.08671875 0.11796875
2 0.66484375 0.18359375 0.07421875 0.103125
2 0.71640625 0.27265625 0.06953125 0.10078125
5 0.7609375 0.3578125 0.11796875 0.1078125
5 0.66328125 0.46015625 0.08203125 0.0796875
5 0.51328125 0.3375 0.084375 0.1109375
5 0.37109375 0.584375 0.1421875 0.14453125
5 0.25625 0.89765625 0.0765625 0.15390625
5 0.615625 0.84765625 0.071875 0.10546875
7 0.39921875 0.0359375 0.12734375 0.071875
7 0.6703125 0.09140625 0.10078125 0.06484375
7 0.7390625 0.18515625 0.09140625 0.0578125
7 0.5140625 0.14921875 0.0984375 0.071875
7 0.4484375 0.196875 0.0796875 0.0671875
8 0.26953125 0.47734375 0.37265625 0.9375
8 0.36640625 0.5828125 0.240625 0.834375
8 0.53125 0.5578125 0.1875 0.884375
8 0.64609375 0.534375 0.1640625 0.93125
8 0.73828125 0.5734375 0.1609375 0.853125