3 0.6046875 0.13203125 0.1203125 0.09609375
2 0.60703125 0.16015625 0.11328125 0.134375
2 0.553125 0.29921875 0.07421875 0.103125
2 0.453125 0.240625 0.08671875 0.11796875
2 0.33515625 0.18359375 0.07421875 0.103125
2 0.28359375 0.27265625 0.06953125 0.10078125
5 0.2390625 0.3578125 0.11796875 0.1078125
5 0.33671875 0.46015625 0.08203125 0.0796875
5 0.48671875 0.3375 0.084375 0.1109375
5 0.62890625 0.584375 0.1421875 0.14453125
5 0.74375 0.89765625 0.0765625 0.15390625
5 0.384375 0.84765625 0.071875 0.10546875
7 0.60078125 0.0359375 0.12734375 0.071875
7 0.3296875 0.09140625 0.10078125 0.06484375
7 0.2609375 0.18515625 0.09140625 0.0578125
7 0.4859375 0.14921875 0.0984375 0.071875
7 0.5515625 0.196875 0.0796875 0.0671875
8 0.73046875 0.47734375 0.37265625 0.9375
8 0.63359375 0.5828125 0.240625 0.834375
8 0.46875 0.5578125 0.1875 0.884375
8 0.35390625 0.534375 0.1640625 0.93125
8 0.26171875 0.5734375 0.1609375 0.853125