2 0.78125 0.35703125 0.0671875 0.071875
5 0.2859375 0.83984375 0.13671875 0.1203125
3 0.5109375 0.3734375 0.1828125 0.053125
7 0.51796875 0.3109375 0.18046875 0.08671875
2 0.51171875 0.39765625 0.1515625 0.1203125
7 0.2390625 0.30859375 0.0796875 0.04296875
8 0.21875 0.40234375 0.14921875 0.21171875
8 0.4953125 0.5984375 0.62734375 0.63671875
7 0.76953125 0.30078125 0.13203125 0.06484375
2 0.978125 0.34609375 0.04296875 0.0484375
8 0.90859375 0.3796875 0.1828125 0.18046875
7 0.97265625 0.30078125 0.0546875 0.0453125