2 0.21875 0.35703125 0.0671875 0.071875
5 0.7140625 0.83984375 0.13671875 0.1203125
3 0.4890625 0.3734375 0.1828125 0.053125
7 0.48203125 0.3109375 0.18046875 0.08671875
2 0.48828125 0.39765625 0.1515625 0.1203125
7 0.7609375 0.30859375 0.0796875 0.04296875
8 0.78125 0.40234375 0.14921875 0.21171875
8 0.5046875 0.5984375 0.62734375 0.63671875
7 0.23046875 0.30078125 0.13203125 0.06484375
2 0.021875 0.34609375 0.04296875 0.0484375
8 0.09140625 0.3796875 0.1828125 0.18046875
7 0.02734375 0.30078125 0.0546875 0.0453125