3 0.79296875 0.31875 0.1875 0.1078125
3 0.2796875 0.53984375 0.18984375 0.13203125
2 0.79453125 0.3609375 0.16796875 0.2359375
2 0.5265625 0.678125 0.14921875 0.17578125
2 0.2640625 0.5734375 0.1703125 0.21171875
7 0.80078125 0.1515625 0.2046875 0.12734375
7 0.52265625 0.52421875 0.15625 0.11796875
7 0.271875 0.38125 0.19453125 0.115625
7 0.56875 0.34375 0.1390625 0.09375
7 0.07265625 0.334375 0.1453125 0.084375
8 0.80859375 0.53359375 0.3796875 0.9328125
8 0.490625 0.72578125 0.2984375 0.5484375
8 0.18203125 0.64921875 0.3640625 0.7015625