3 0.54296875 0.4203125 0.140625 0.03203125
4 0.27109375 0.76640625 0.103125 0.09921875
4 0.70703125 0.76484375 0.0875 0.090625
1 0.54921875 0.43671875 0.13046875 0.0703125
6 0.53828125 0.38046875 0.175 0.06015625
8 0.4765625 0.67109375 0.54921875 0.6578125
5 0.3203125 0.50859375 0.02890625 0.01796875
5 0.14921875 0.53125 0.0265625 0.0125
5 0.11875 0.4484375 0.03359375 0.015625
2 0.1265625 0.484375 0.0265625 0.015625
2 0.26796875 0.49921875 0.0234375 0.0203125
2 0.09453125 0.43203125 0.0265625 0.0171875
7 0.0859375 0.41328125 0.05078125 0.0234375
7 0.13125 0.47109375 0.0359375 0.0140625
7 0.2546875 0.48046875 0.05390625 0.02265625
5 0.28671875 0.51796875 0.03359375 0.0171875
5 0.0984375 0.51640625 0.03203125 0.015625
8 0.06640625 0.5109375 0.10625 0.221875
8 0.1375 0.53125 0.1265625 0.134375
8 0.2640625 0.5296875 0.13515625 0.11875