3 0.45703125 0.4203125 0.140625 0.03203125
4 0.72890625 0.76640625 0.103125 0.09921875
4 0.29296875 0.76484375 0.0875 0.090625
1 0.45078125 0.43671875 0.13046875 0.0703125
6 0.46171875 0.38046875 0.175 0.06015625
8 0.5234375 0.67109375 0.54921875 0.6578125
5 0.6796875 0.50859375 0.02890625 0.01796875
5 0.85078125 0.53125 0.0265625 0.0125
5 0.88125 0.4484375 0.03359375 0.015625
2 0.8734375 0.484375 0.0265625 0.015625
2 0.73203125 0.49921875 0.0234375 0.0203125
2 0.90546875 0.43203125 0.0265625 0.0171875
7 0.9140625 0.41328125 0.05078125 0.0234375
7 0.86875 0.47109375 0.0359375 0.0140625
7 0.7453125 0.48046875 0.05390625 0.02265625
5 0.71328125 0.51796875 0.03359375 0.0171875
5 0.9015625 0.51640625 0.03203125 0.015625
8 0.93359375 0.5109375 0.10625 0.221875
8 0.8625 0.53125 0.1265625 0.134375
8 0.7359375 0.5296875 0.13515625 0.11875