3 0.478125 0.4078125 0.071875 0.03828125
6 0.49296875 0.3453125 0.1078125 0.0765625
6 0.13359375 0.6234375 0.0578125 0.05078125
6 0.32109375 0.671875 0.0671875 0.0578125
6 0.16796875 0.5375 0.03125 0.02890625
6 0.33203125 0.4734375 0.0359375 0.03125
8 0.7359375 0.7140625 0.0890625 0.146875
8 0.83984375 0.83046875 0.16796875 0.21640625
8 0.16953125 0.57109375 0.10078125 0.09609375
8 0.32421875 0.5640625 0.06484375 0.21640625
8 0.06640625 0.4484375 0.0453125 0.10546875
2 0.48046875 0.42578125 0.0765625 0.0796875
4 0.3859375 0.9328125 0.0625 0.11328125
4 0.5640625 0.946875 0.06484375 0.10546875
8 0.4921875 0.64140625 0.225 0.7171875
8 0.16796875 0.68359375 0.17578125 0.15390625
8 0.3078125 0.75703125 0.13671875 0.228125