3 0.3734375 0.2859375 0.0984375 0.08671875
7 0.6234375 0.1734375 0.27890625 0.20703125
2 0.540625 0.4046875 0.084375 0.2234375
8 0.6515625 0.5421875 0.35546875 0.915625
8 0.89921875 0.52890625 0.05078125 0.375
8 0.8484375 0.5203125 0.0359375 0.37265625
7 0.33515625 0.1296875 0.16328125 0.125
2 0.3734375 0.35078125 0.11328125 0.2015625
8 0.2671875 0.540625 0.3796875 0.91796875
7 0.15625 0.2453125 0.0765625 0.0765625
7 0.859375 0.34140625 0.03359375 0.02890625
7 0.89765625 0.35234375 0.02890625 0.0171875