3 0.51796875 0.26796875 0.0890625 0.05078125
2 0.37890625 0.4109375 0.07421875 0.1078125
2 0.68046875 0.34609375 0.07421875 0.0890625
5 0.69921875 0.46015625 0.0796875 0.08671875
5 0.1546875 0.79453125 0.053125 0.09140625
5 0.2828125 0.83203125 0.05546875 0.0796875
7 0.34765625 0.3171875 0.115625 0.07421875
7 0.51796875 0.2046875 0.10078125 0.05546875
7 0.68125 0.26328125 0.12734375 0.08203125
8 0.24296875 0.63046875 0.3296875 0.7390625
8 0.50234375 0.3265625 0.209375 0.3296875
8 0.696875 0.5734375 0.2359375 0.73046875