3 0.48203125 0.26796875 0.0890625 0.05078125
2 0.62109375 0.4109375 0.07421875 0.1078125
2 0.31953125 0.34609375 0.07421875 0.0890625
5 0.30078125 0.46015625 0.0796875 0.08671875
5 0.8453125 0.79453125 0.053125 0.09140625
5 0.7171875 0.83203125 0.05546875 0.0796875
7 0.65234375 0.3171875 0.115625 0.07421875
7 0.48203125 0.2046875 0.10078125 0.05546875
7 0.31875 0.26328125 0.12734375 0.08203125
8 0.75703125 0.63046875 0.3296875 0.7390625
8 0.49765625 0.3265625 0.209375 0.3296875
8 0.303125 0.5734375 0.2359375 0.73046875