3 0.77421875 0.21640625 0.21640625 0.09609375
3 0.365625 0.28359375 0.1609375 0.08671875
2 0.7640625 0.25234375 0.1609375 0.1734375
2 0.603125 0.609375 0.10078125 0.1203125
2 0.36328125 0.3109375 0.15859375 0.16796875
2 0.19375 0.58515625 0.1703125 0.1515625
7 0.36796875 0.178125 0.2046875 0.09375
7 0.2015625 0.421875 0.20703125 0.1421875
6 0.77421875 0.11875 0.24296875 0.13671875
6 0.609375 0.52890625 0.196875 0.15859375
5 0.6078125 0.85 0.22109375 0.1703125
5 0.428125 0.771875 0.12265625 0.12265625