3 0.22578125 0.21640625 0.21640625 0.09609375
3 0.634375 0.28359375 0.1609375 0.08671875
2 0.2359375 0.25234375 0.1609375 0.1734375
2 0.396875 0.609375 0.10078125 0.1203125
2 0.63671875 0.3109375 0.15859375 0.16796875
2 0.80625 0.58515625 0.1703125 0.1515625
7 0.63203125 0.178125 0.2046875 0.09375
7 0.7984375 0.421875 0.20703125 0.1421875
6 0.22578125 0.11875 0.24296875 0.13671875
6 0.390625 0.52890625 0.196875 0.15859375
5 0.3921875 0.85 0.22109375 0.1703125
5 0.571875 0.771875 0.12265625 0.12265625