6 0.53125 0.5515625 0.13671875 0.115625
8 0.7875 0.0984375 0.06484375 0.084375
6 0.4046875 0.1453125 0.09140625 0.0765625
7 0.140625 0.20546875 0.0765625 0.0578125
3 0.16015625 0.2515625 0.053125 0.04296875
3 0.540625 0.63828125 0.09375 0.0625
2 0.79296875 0.17578125 0.05078125 0.06484375
2 0.1609375 0.2703125 0.05078125 0.0671875
2 0.53828125 0.6546875 0.07421875 0.09609375
2 0.39296875 0.2078125 0.053125 0.071875
6 0.17890625 0.03125 0.07421875 0.0625
6 0.28515625 0.04453125 0.06953125 0.0625
5 0.1703125 0.57421875 0.053125 0.06484375
5 0.390625 0.6078125 0.04296875 0.0796875
5 0.9375 0.521875 0.06015625 0.0890625
2 0.18125 0.0796875 0.05078125 0.06015625
8 0.475 0.74140625 0.28125 0.5171875
8 0.76484375 0.534375 0.1796875 0.93125
8 0.49296875 0.27890625 0.14921875 0.5578125
8 0.3953125 0.5015625 0.115625 0.77421875
8 0.1765625 0.596875 0.209375 0.80625
9 0.7125 0.9578125 0.06484375 0.084375
9 0.80078125 0.9578125 0.09375 0.084375
9 0.25625 0.94140625 0.0796875 0.084375
7 0.49765625 0.03828125 0.07421875 0.0765625