6 0.46875 0.5515625 0.13671875 0.115625
8 0.2125 0.0984375 0.06484375 0.084375
6 0.5953125 0.1453125 0.09140625 0.0765625
7 0.859375 0.20546875 0.0765625 0.0578125
3 0.83984375 0.2515625 0.053125 0.04296875
3 0.459375 0.63828125 0.09375 0.0625
2 0.20703125 0.17578125 0.05078125 0.06484375
2 0.8390625 0.2703125 0.05078125 0.0671875
2 0.46171875 0.6546875 0.07421875 0.09609375
2 0.60703125 0.2078125 0.053125 0.071875
6 0.82109375 0.03125 0.07421875 0.0625
6 0.71484375 0.04453125 0.06953125 0.0625
5 0.8296875 0.57421875 0.053125 0.06484375
5 0.609375 0.6078125 0.04296875 0.0796875
5 0.0625 0.521875 0.06015625 0.0890625
2 0.81875 0.0796875 0.05078125 0.06015625
8 0.525 0.74140625 0.28125 0.5171875
8 0.23515625 0.534375 0.1796875 0.93125
8 0.50703125 0.27890625 0.14921875 0.5578125
8 0.6046875 0.5015625 0.115625 0.77421875
8 0.8234375 0.596875 0.209375 0.80625
9 0.2875 0.9578125 0.06484375 0.084375
9 0.19921875 0.9578125 0.09375 0.084375
9 0.74375 0.94140625 0.0796875 0.084375
7 0.50234375 0.03828125 0.07421875 0.0765625