3 0.61796875 0.13203125 0.146875 0.0265625
5 0.6 0.2953125 0.09140625 0.0984375
5 0.3140625 0.2484375 0.09375 0.071875
5 0.1859375 0.2453125 0.10546875 0.06484375
7 0.21640625 0.1140625 0.1515625 0.071875
7 0.36875 0.1578125 0.12734375 0.08671875
7 0.6234375 0.1453125 0.1296875 0.08671875
2 0.63203125 0.2015625 0.084375 0.06015625
3 0.7125 0.5265625 0.30078125 0.87265625
3 0.46640625 0.4734375 0.3265625 0.74765625
3 0.25625 0.4078125 0.22578125 0.64921875
9 0.734375 0.91796875 0.21171875 0.08203125
9 0.50234375 0.83984375 0.21171875 0.08203125
9 0.390625 0.7609375 0.15859375 0.0578125
9 0.2953125 0.703125 0.146875 0.06015625