3 0.584375 0.64296875 0.18515625 0.09375
3 0.29921875 0.6546875 0.196875 0.09375
7 0.58515625 0.7671875 0.23046875 0.16796875
7 0.28125 0.75234375 0.2046875 0.1109375
2 0.58515625 0.58671875 0.1734375 0.1734375
2 0.2984375 0.6078125 0.1609375 0.17578125
8 0.70703125 0.44140625 0.50703125 0.88203125
8 0.2296875 0.4171875 0.459375 0.834375
2 0.05078125 0.728125 0.0625 0.08203125
7 0.21015625 0.890625 0.1296875 0.06015625
7 0.04296875 0.79921875 0.07421875 0.0453125
2 0.171875 0.78515625 0.06484375 0.11328125