3 0.415625 0.64296875 0.18515625 0.09375
3 0.70078125 0.6546875 0.196875 0.09375
7 0.41484375 0.7671875 0.23046875 0.16796875
7 0.71875 0.75234375 0.2046875 0.1109375
2 0.41484375 0.58671875 0.1734375 0.1734375
2 0.7015625 0.6078125 0.1609375 0.17578125
8 0.29296875 0.44140625 0.50703125 0.88203125
8 0.7703125 0.4171875 0.459375 0.834375
2 0.94921875 0.728125 0.0625 0.08203125
7 0.78984375 0.890625 0.1296875 0.06015625
7 0.95703125 0.79921875 0.07421875 0.0453125
2 0.828125 0.78515625 0.06484375 0.11328125