3 0.36328125 0.25390625 0.15625 0.10078125
5 0.2640625 0.75703125 0.13203125 0.18515625
5 0.08984375 0.7234375 0.16328125 0.165625
3 0.80546875 0.3890625 0.12734375 0.071875
3 0.5953125 0.39921875 0.09140625 0.0578125
3 0.04921875 0.509375 0.09140625 0.06953125
7 0.40859375 0.08984375 0.21640625 0.16796875
2 0.36328125 0.31640625 0.125 0.18984375
2 0.7984375 0.4203125 0.08203125 0.115625
2 0.59375 0.42578125 0.0796875 0.09609375
7 0.59765625 0.3234375 0.08203125 0.06015625
7 0.8234375 0.31953125 0.1109375 0.0625
3 0.453125 0.5109375 0.3703125 0.978125
7 0.1734375 0.43515625 0.115625 0.09609375
8 0.8234375 0.4953125 0.2765625 0.44453125