3 0.578125 0.265625 0.40390625 0.21875
3 0.58984375 0.7078125 0.31015625 0.14921875
5 0.02734375 0.21875 0.0453125 0.07421875
4 0.34609375 0.78828125 0.2234375 0.40625
4 0.834375 0.78828125 0.18984375 0.3703125
1 0.59765625 0.80078125 0.2765625 0.29296875
1 0.56875 0.3296875 0.3171875 0.28359375
7 0.0828125 0.12890625 0.0765625 0.0484375
6 0.04921875 0.34765625 0.0625 0.04296875
6 0.14296875 0.35234375 0.0578125 0.0484375
6 0.10703125 0.58671875 0.0765625 0.0578125
2 0.14921875 0.8546875 0.04296875 0.03828125
5 0.1234375 0.6625 0.05546875 0.05546875
3 0.07421875 0.16953125 0.071875 0.03125
2 0.07109375 0.18515625 0.0625 0.0625
2 0.19140625 0.13671875 0.03828125 0.0484375
2 0.05546875 0.38203125 0.03125 0.03359375
2 0.1359375 0.3890625 0.03359375 0.0359375
4 0.08203125 0.4890625 0.05546875 0.03125
4 0.146875 0.50390625 0.0484375 0.04296875
4 0.09609375 0.46171875 0.0359375 0.02890625
2 0.0984375 0.6296875 0.05078125 0.04296875
7 0.15 0.8171875 0.0484375 0.0359375
8 0.15625 0.4328125 0.1109375 0.1921875
8 0.0515625 0.42421875 0.103125 0.20703125
8 0.14296875 0.89921875 0.13203125 0.19453125