3 0.14296875 0.2453125 0.22109375 0.16328125
3 0.80859375 0.2171875 0.0765625 0.125
3 0.6921875 0.66484375 0.09609375 0.08671875
3 0.32578125 0.7125 0.1203125 0.17578125
4 0.39921875 0.16484375 0.22578125 0.290625
4 0.69609375 0.26328125 0.0484375 0.05546875
5 0.353125 0.83203125 0.146875 0.08203125
5 0.1984375 0.890625 0.12734375 0.10546875
5 0.64453125 0.921875 0.0671875 0.09609375
7 0.1296875 0.08984375 0.21875 0.1515625
7 0.68046875 0.05859375 0.0765625 0.06484375
7 0.7875 0.16015625 0.09140625 0.0890625
7 0.35234375 0.60546875 0.15625 0.13203125
6 0.68515625 0.6 0.12734375 0.12734375
2 0.696875 0.7046875 0.0671875 0.10546875
2 0.31484375 0.759375 0.10078125 0.1296875
2 0.14765625 0.30546875 0.14921875 0.21640625
2 0.678125 0.11796875 0.0484375 0.06484375
2 0.8125 0.24375 0.071875 0.1078125
8 0.859375 0.3171875 0.28125 0.4109375
8 0.67578125 0.7765625 0.2671875 0.446875
8 0.2515625 0.740625 0.50234375 0.3703125