3 0.7875 0.63671875 0.12265625 0.05546875
3 0.13828125 0.640625 0.12734375 0.071875
3 0.478125 0.73828125 0.09609375 0.0484375
3 0.1359375 0.33046875 0.10546875 0.0890625
3 0.25625 0.34765625 0.115625 0.04296875
3 0.44140625 0.24296875 0.09375 0.04296875
3 0.78515625 0.3234375 0.06484375 0.0625
5 0.5796875 0.35546875 0.0625 0.09140625
5 0.22109375 0.7140625 0.12734375 0.14453125
6 0.41796875 0.19921875 0.14453125 0.09375
4 0.21484375 0.47578125 0.09140625 0.11328125
4 0.14765625 0.44609375 0.0984375 0.11328125
5 0.77265625 0.46015625 0.0671875 0.08203125
2 0.47734375 0.759375 0.071875 0.071875
2 0.13203125 0.68359375 0.10078125 0.11796875
2 0.78515625 0.6546875 0.115625 0.06953125
2 0.43984375 0.2640625 0.0765625 0.06953125
2 0.25390625 0.3703125 0.084375 0.07421875
2 0.13671875 0.353125 0.08203125 0.07421875
7 0.80078125 0.271875 0.08203125 0.05078125
7 0.2546875 0.28515625 0.1296875 0.071875
7 0.77734375 0.578125 0.1828125 0.071875
7 0.16484375 0.5734375 0.165625 0.07421875
3 0.4640625 0.55859375 0.2953125 0.12734375