8 0.4125 0.5296875 0.2796875 0.93984375
8 0.16953125 0.54453125 0.2578125 0.9109375
8 0.725 0.565625 0.2703125 0.86875
7 0.3890625 0.12890625 0.0875 0.07109375
7 0.19140625 0.1515625 0.1078125 0.0859375
7 0.7515625 0.18359375 0.0875 0.08984375
1 0.3921875 0.225 0.0796875 0.1421875
1 0.1984375 0.24140625 0.0875 0.13828125
2 0.6390625 0.29375 0.05234375 0.07890625
2 0.88984375 0.29609375 0.05 0.08203125
1 0.7578125 0.29765625 0.08984375 0.14609375
5 0.6453125 0.86328125 0.0625 0.10859375
3 0.3890625 0.19296875 0.0796875 0.05625
3 0.2046875 0.209375 0.07265625 0.05234375
5 0.06640625 0.90078125 0.0578125 0.1046875