7 0.33828125 0.2578125 0.096875 0.0296875
7 0.78828125 0.2828125 0.08984375 0.03515625
1 0.328125 0.3125 0.096875 0.0703125
1 0.8015625 0.3390625 0.0765625 0.0625
7 0.44140625 0.3984375 0.08359375 0.0421875
1 0.43828125 0.4515625 0.08359375 0.0625
8 0.2703125 0.57265625 0.31328125 0.7453125
8 0.78203125 0.60625 0.3296875 0.7328125
8 0.45 0.6703125 0.253125 0.6
9 0.825 0.9265625 0.10703125 0.0828125
9 0.75703125 0.8875 0.08984375 0.1203125
9 0.553125 0.925 0.10703125 0.08515625
9 0.43515625 0.9296875 0.08671875 0.0703125
9 0.31640625 0.9328125 0.103125 0.08515625
9 0.25 0.8828125 0.08359375 0.1203125
3 0.33515625 0.2921875 0.09296875 0.03984375