7 0.675 0.4890625 0.16484375 0.23984375
1 0.6625 0.678125 0.175 0.2265625
7 0.24375 0.1421875 0.24765625 0.23984375
1 0.8546875 0.2109375 0.0203125 0.03125
1 0.63359375 0.2203125 0.02265625 0.03984375
1 0.9359375 0.2359375 0.02734375 0.04453125
7 0.4890625 0.2796875 0.1078125 0.12421875
1 0.41484375 0.31796875 0.0453125 0.10234375
1 0.88359375 0.33125 0.05234375 0.07578125
1 0.49765625 0.4109375 0.1203125 0.146875
1 0.3046875 0.41796875 0.13984375 0.3109375
3 0.3546875 0.4 0.07734375 0.09765625
4 0.46640625 0.61328125 0.16484375 0.20859375
7 0.8859375 0.29140625 0.0546875 0.0625
7 0.6328125 0.19140625 0.02734375 0.0265625
7 0.4015625 0.1796875 0.05 0.06640625
7 0.41015625 0.246875 0.06015625 0.084375