7 0.86484375 0.6375 0.0296875 0.021875
1 0.8640625 0.6734375 0.0328125 0.0578125
7 0.13359375 0.68671875 0.0328125 0.04921875
1 0.13125 0.7203125 0.02265625 0.04453125
7 0.51015625 0.76015625 0.025 0.0359375
7 0.4234375 0.78203125 0.0171875 0.0265625
8 0.87109375 0.8046875 0.12734375 0.38203125
8 0.1140625 0.82421875 0.1171875 0.3421875
8 0.42734375 0.8578125 0.06015625 0.1953125
8 0.52109375 0.86015625 0.0625 0.27109375
5 0.89140625 0.87578125 0.02734375 0.053125
9 0.5046875 0.9734375 0.0296875 0.0359375
9 0.54140625 0.953125 0.02265625 0.0578125