1 0.5171875 0.42734375 0.06484375 0.1046875
5 0.77265625 0.453125 0.0546875 0.06015625
8 0.7703125 0.59765625 0.2046875 0.79765625
8 0.2828125 0.6046875 0.2046875 0.7828125
8 0.0734375 0.61796875 0.1421875 0.75625
8 0.5015625 0.66328125 0.1921875 0.66640625
5 0.3484375 0.73046875 0.04765625 0.06015625
5 0.1953125 0.75859375 0.03515625 0.05625
5 0.6171875 0.8484375 0.03984375 0.07890625
7 0.25390625 0.228125 0.04765625 0.05234375
7 0.7625 0.23203125 0.0703125 0.09765625
1 0.2515625 0.265625 0.0421875 0.075
7 0.60625 0.26796875 0.0625 0.06328125
7 0.29609375 0.26796875 0.07265625 0.06328125
7 0.35859375 0.2734375 0.0328125 0.06015625
7 0.4484375 0.275 0.0625 0.07890625
7 0.54609375 0.28125 0.0625 0.05234375
1 0.0171875 0.30546875 0.0296875 0.07890625
1 0.7703125 0.303125 0.0546875 0.075
1 0.35859375 0.31640625 0.04765625 0.07109375
1 0.60859375 0.31796875 0.0375 0.06015625
1 0.4359375 0.33125 0.0375 0.05625
1 0.2921875 0.33359375 0.06484375 0.09765625
1 0.5453125 0.33515625 0.06015625 0.09375
7 0.5140625 0.3578125 0.0828125 0.07890625
9 0.69765625 0.90625 0.0578125 0.08984375
9 0.8140625 0.9640625 0.0453125 0.07109375
9 0.7828125 0.9640625 0.0546875 0.07109375