8 0.90625 0.5 0.1828125 0.98984375
8 0.0828125 0.53984375 0.15 0.91015625
7 0.4453125 0.6 0.225 0.3796875
7 0.89375 0.08515625 0.1328125 0.1296875
7 0.54375 0.10234375 0.0625 0.06484375
7 0.70859375 0.10234375 0.0578125 0.0546875
1 0.6890625 0.17265625 0.0421875 0.0953125
7 0.32109375 0.175 0.04765625 0.06015625
1 0.55 0.175 0.03515625 0.0703125
2 0.20234375 0.18984375 0.03515625 0.08984375
1 0.28984375 0.2125 0.0203125 0.06484375
2 0.38125 0.2171875 0.02265625 0.0546875
8 0.69765625 0.25234375 0.12734375 0.4296875
1 0.3234375 0.2546875 0.0375 0.0703125
1 0.62890625 0.2578125 0.0375 0.075
1 0.8921875 0.26015625 0.0796875 0.2
1 0.4171875 0.2828125 0.0296875 0.075
2 0.825 0.28515625 0.0546875 0.08984375
8 0.32265625 0.3421875 0.09765625 0.4
8 0.19765625 0.3453125 0.1546875 0.5203125
1 0.06640625 0.3875 0.09765625 0.16484375
1 0.7109375 0.4625 0.0421875 0.08515625
8 0.81640625 0.475 0.14765625 0.65