5 0.3890625 0.484375 0.0328125 0.0421875
8 0.86015625 0.53046875 0.1046875 0.5328125
8 0.1453125 0.55 0.1546875 0.89296875
8 0.44609375 0.5578125 0.19765625 0.73203125
5 0.10390625 0.5859375 0.0375 0.06875
7 0.1046875 0.13046875 0.06484375 0.084375
7 0.7546875 0.16875 0.05 0.05390625
7 0.46015625 0.1765625 0.0546875 0.03828125
1 0.0953125 0.2046875 0.0453125 0.09609375
1 0.74609375 0.20703125 0.0328125 0.0609375
7 0.39140625 0.2296875 0.04765625 0.1
1 0.45 0.25078125 0.0453125 0.08046875
7 0.85625 0.26640625 0.04765625 0.0578125
1 0.8546875 0.340625 0.0453125 0.06875
8 0.74140625 0.3640625 0.1171875 0.37578125
9 0.5984375 0.83515625 0.075 0.12265625
9 0.45234375 0.87578125 0.0953125 0.1
9 0.3 0.915625 0.0796875 0.16875
9 0.11875 0.9421875 0.1296875 0.11484375