5 0.6109375 0.484375 0.0328125 0.0421875
8 0.13984375 0.53046875 0.1046875 0.5328125
8 0.8546875 0.55 0.1546875 0.89296875
8 0.55390625 0.5578125 0.19765625 0.73203125
5 0.89609375 0.5859375 0.0375 0.06875
7 0.8953125 0.13046875 0.06484375 0.084375
7 0.2453125 0.16875 0.05 0.05390625
7 0.53984375 0.1765625 0.0546875 0.03828125
1 0.9046875 0.2046875 0.0453125 0.09609375
1 0.25390625 0.20703125 0.0328125 0.0609375
7 0.60859375 0.2296875 0.04765625 0.1
1 0.55 0.25078125 0.0453125 0.08046875
7 0.14375 0.26640625 0.04765625 0.0578125
1 0.1453125 0.340625 0.0453125 0.06875
8 0.25859375 0.3640625 0.1171875 0.37578125
9 0.4015625 0.83515625 0.075 0.12265625
9 0.54765625 0.87578125 0.0953125 0.1
9 0.7 0.915625 0.0796875 0.16875
9 0.88125 0.9421875 0.1296875 0.11484375