1 0.67890625 0.4421875 0.04765625 0.06015625
7 0.87265625 0.47734375 0.05 0.06328125
8 0.10625 0.5359375 0.2078125 0.92109375
8 0.3359375 0.54140625 0.1171875 0.6328125
8 0.56015625 0.546875 0.1546875 0.809375
1 0.8703125 0.55234375 0.06015625 0.09375
8 0.4484375 0.59765625 0.1375 0.72265625
8 0.69609375 0.62890625 0.12734375 0.56171875
7 0.1046875 0.06328125 0.11015625 0.0671875
8 0.8796875 0.73046875 0.2046875 0.53203125
5 0.8453125 0.8203125 0.0453125 0.075
1 0.12109375 0.16484375 0.0828125 0.15
7 0.5703125 0.17421875 0.0546875 0.0484375
1 0.575 0.228125 0.05 0.1046875
7 0.44375 0.2453125 0.0578125 0.09375
7 0.33125 0.26015625 0.05234375 0.06328125
5 0.17890625 0.28125 0.04765625 0.08984375
5 0.10625 0.28671875 0.07734375 0.10078125
1 0.44765625 0.30546875 0.0453125 0.06328125
7 0.6734375 0.3671875 0.05234375 0.08984375