2 0.17734375 0.49296875 0.0953125 0.21640625
8 0.60234375 0.50234375 0.23515625 0.9953125
8 0.82734375 0.63046875 0.275 0.7390625
8 0.16875 0.64765625 0.27265625 0.7046875
7 0.64609375 0.08125 0.0828125 0.103125
7 0.32109375 0.17265625 0.09765625 0.128125
1 0.64765625 0.22890625 0.0796875 0.1921875
1 0.31484375 0.3203125 0.08515625 0.1671875
7 0.1796875 0.325 0.11484375 0.10859375
7 0.78125 0.3296875 0.09765625 0.08828125
8 0.33359375 0.44609375 0.2125 0.65546875
1 0.7875 0.45546875 0.0796875 0.18203125
3 0.31484375 0.29296875 0.0828125 0.059375
5 0.7125 0.51953125 0.0546875 0.11796875
5 0.9265625 0.91875 0.06015625 0.0984375