8 0.37109375 0.37421875 0.27734375 0.73515625
2 0.1 0.38671875 0.11484375 0.17890625
7 0.77109375 0.04140625 0.1328125 0.0609375
2 0.90625 0.42265625 0.1078125 0.15078125
7 0.65625 0.440625 0.15234375 0.1078125
8 0.9078125 0.45546875 0.1796875 0.53046875
1 0.65625 0.575 0.1328125 0.17578125
8 0.1921875 0.5859375 0.35 0.82109375
7 0.0984375 0.6453125 0.15234375 0.121875
8 0.63515625 0.68125 0.28984375 0.63046875
8 0.14765625 0.7703125 0.2703125 0.4515625
2 0.10625 0.7953125 0.12734375 0.16484375
2 0.92109375 0.8421875 0.1171875 0.12890625
7 0.32734375 0.09140625 0.125 0.15390625
2 0.74765625 0.1453125 0.11015625 0.17578125
8 0.72890625 0.1953125 0.2671875 0.390625
2 0.3234375 0.209375 0.0921875 0.096875
7 0.09375 0.23671875 0.1328125 0.09296875
7 0.9046875 0.290625 0.125 0.11484375
3 0.11875 0.34765625 0.09765625 0.0828125
3 0.6578125 0.53203125 0.1125 0.06484375
3 0.7453125 0.10390625 0.1 0.07890625