7 0.6921875 0.3875 0.08984375 0.1234375
7 0.7046875 0.3953125 0.0953125 0.1234375
7 0.9390625 0.4140625 0.0578125 0.07890625
1 0.4671875 0.4234375 0.175 0.2625
1 0.15 0.4421875 0.08984375 0.1796875
2 0.93515625 0.471875 0.0546875 0.08984375
1 0.0953125 0.4828125 0.03515625 0.09765625
1 0.3609375 0.4890625 0.0375 0.07109375
1 0.67265625 0.49453125 0.0796875 0.13515625
1 0.75859375 0.5015625 0.05234375 0.08984375
7 0.9375 0.5078125 0.08984375 0.05625
8 0.46796875 0.578125 0.4796875 0.84375
1 0.9390625 0.5859375 0.0671875 0.1234375
8 0.19296875 0.60625 0.2203125 0.7875
8 0.70625 0.671875 0.1625 0.65625
8 0.9109375 0.728125 0.1625 0.54296875
7 0.475 0.2359375 0.2203125 0.2171875
7 0.2046875 0.32734375 0.15 0.1234375
3 0.475 0.359375 0.1671875 0.1125