1 0.4828125 0.42734375 0.06484375 0.1046875
8 0.2234375 0.59921875 0.20234375 0.8015625
8 0.71640625 0.60625 0.2015625 0.7875
8 0.92734375 0.61953125 0.1453125 0.76015625
8 0.49765625 0.66484375 0.18984375 0.6703125
7 0.74609375 0.228125 0.04765625 0.05234375
7 0.2375 0.23203125 0.0703125 0.09765625
1 0.7484375 0.265625 0.0421875 0.075
7 0.39375 0.26796875 0.0625 0.06328125
7 0.70390625 0.26796875 0.07265625 0.06328125
7 0.64140625 0.2734375 0.0328125 0.06015625
7 0.5515625 0.275 0.0625 0.07890625
7 0.45390625 0.28125 0.0625 0.05234375
1 0.98359375 0.303125 0.0328125 0.075
1 0.2296875 0.303125 0.0546875 0.075
1 0.64140625 0.31640625 0.04765625 0.07109375
1 0.39140625 0.31796875 0.0375 0.06015625
1 0.5640625 0.33125 0.0375 0.05625
1 0.7078125 0.33359375 0.06484375 0.09765625
1 0.4546875 0.33515625 0.06015625 0.09375
7 0.4859375 0.3578125 0.0828125 0.07890625
9 0.30234375 0.90625 0.06484375 0.09375
5 0.6515625 0.73046875 0.05 0.06015625
5 0.3828125 0.84609375 0.0421875 0.07109375
5 0.2296875 0.453125 0.05234375 0.06328125
7 0.9421875 0.359375 0.1078125 0.13515625
9 0.1890625 0.9625 0.05 0.075