1 0.6109375 0.44296875 0.0875 0.1640625
8 0.2203125 0.5265625 0.26484375 0.94609375
8 0.90625 0.57109375 0.1875 0.85703125
8 0.39609375 0.59609375 0.17734375 0.80703125
8 0.6640625 0.65 0.2875 0.7
7 0.2890625 0.11640625 0.1125 0.10390625
7 0.9125 0.19296875 0.1546875 0.05703125
7 0.37734375 0.2265625 0.08515625 0.06796875
2 0.29140625 0.24609375 0.0828125 0.15
7 0.61015625 0.26640625 0.125 0.0609375
1 0.8890625 0.2875 0.05234375 0.1390625
2 0.37109375 0.32890625 0.0828125 0.12890625
7 0.63984375 0.34140625 0.13984375 0.05390625
5 0.4234375 0.59453125 0.0875 0.1
5 0.51875 0.7609375 0.0703125 0.0859375
5 0.80859375 0.6625 0.0703125 0.1
5 0.4859375 0.8265625 0.0625 0.0859375
5 0.4296875 0.6875 0.0703125 0.08203125