1 0.3890625 0.44296875 0.0875 0.1640625
8 0.77890625 0.525 0.2671875 0.94296875
8 0.0953125 0.56953125 0.18515625 0.85390625
8 0.60234375 0.59453125 0.1796875 0.80390625
8 0.33515625 0.6484375 0.28984375 0.69609375
7 0.7109375 0.11640625 0.1125 0.10390625
7 0.0734375 0.175 0.12734375 0.09296875
7 0.62265625 0.2265625 0.08515625 0.06796875
2 0.70859375 0.24609375 0.0828125 0.15
1 0.1109375 0.2875 0.05234375 0.1390625
2 0.62890625 0.32890625 0.0828125 0.12890625
7 0.36015625 0.3234375 0.13984375 0.0890625
5 0.19765625 0.66640625 0.0828125 0.11796875
5 0.5703125 0.5890625 0.08515625 0.09609375
5 0.5140625 0.82109375 0.0703125 0.0890625
5 0.4796875 0.75546875 0.0828125 0.1