8 0.55625 0.5328125 0.09765625 0.365625
1 0.09765625 0.540625 0.08515625 0.2078125
8 0.8375 0.540625 0.2546875 0.675
7 0.0890625 0.06328125 0.1671875 0.11640625
8 0.66640625 0.64453125 0.1828125 0.5484375
7 0.75859375 0.215625 0.0625 0.05546875
1 0.1421875 0.21796875 0.08515625 0.203125
7 0.46484375 0.25625 0.075 0.07578125
1 0.7828125 0.2921875 0.0453125 0.10625
1 0.5 0.32265625 0.03984375 0.11640625
7 0.1390625 0.40859375 0.14765625 0.10625
7 0.6453125 0.41875 0.0703125 0.146875
1 0.57734375 0.4390625 0.0453125 0.0859375
1 0.68984375 0.44921875 0.0453125 0.11640625
8 0.47109375 0.48984375 0.2171875 0.56328125
5 0.55625 0.69296875 0.05 0.09609375