1 0.3296875 0.4625 0.08515625 0.15078125
8 0.66015625 0.515625 0.36484375 0.96875
8 0.83515625 0.60234375 0.16484375 0.7953125
8 0.41640625 0.61953125 0.2390625 0.7609375
8 0.20390625 0.65546875 0.3375 0.6890625
7 0.63359375 0.13984375 0.0875 0.06640625
7 0.9546875 0.23984375 0.075 0.07109375
7 0.79765625 0.2640625 0.0796875 0.084375
1 0.63125 0.284375 0.0921875 0.1953125
7 0.45 0.31328125 0.0703125 0.084375
1 0.9703125 0.34453125 0.05 0.15546875
7 0.3328125 0.35078125 0.0796875 0.10703125
1 0.79765625 0.3734375 0.0796875 0.15078125
1 0.4390625 0.43359375 0.0828125 0.1734375