8 0.37109375 0.37421875 0.27734375 0.73515625
2 0.1 0.38671875 0.11484375 0.17890625
7 0.77109375 0.04140625 0.1328125 0.0609375
2 0.90625 0.42265625 0.1078125 0.15078125
7 0.65625 0.440625 0.15234375 0.1078125
8 0.90859375 0.453125 0.1828125 0.5265625
1 0.65625 0.575 0.1328125 0.17578125
8 0.19140625 0.5875 0.34765625 0.82421875
7 0.0984375 0.6453125 0.15234375 0.121875
8 0.63359375 0.6828125 0.2875 0.634375
8 0.14609375 0.771875 0.2671875 0.45625
2 0.10625 0.7953125 0.12734375 0.16484375
2 0.92109375 0.8421875 0.1171875 0.12890625
7 0.32734375 0.09140625 0.125 0.15390625
2 0.74765625 0.1453125 0.11015625 0.17578125
8 0.72890625 0.1953125 0.2671875 0.390625
2 0.3234375 0.209375 0.0921875 0.096875
7 0.09375 0.23671875 0.1328125 0.09296875
7 0.9046875 0.290625 0.125 0.11484375
3 0.6546875 0.534375 0.12265625 0.0609375
3 0.1125 0.353125 0.11015625 0.05390625
3 0.7453125 0.11328125 0.1 0.071875