7 0.3078125 0.3875 0.08984375 0.1234375
7 0.2953125 0.3953125 0.0953125 0.1234375
7 0.0609375 0.4140625 0.0578125 0.07890625
1 0.5328125 0.4234375 0.175 0.2625
1 0.85 0.4421875 0.08984375 0.1796875
2 0.06484375 0.471875 0.0546875 0.08984375
1 0.9046875 0.4828125 0.03515625 0.09765625
1 0.6390625 0.4890625 0.0375 0.07109375
1 0.32734375 0.49453125 0.0796875 0.13515625
1 0.24140625 0.5015625 0.05234375 0.08984375
7 0.0625 0.5078125 0.08984375 0.05625
8 0.53359375 0.5765625 0.4828125 0.8390625
1 0.0609375 0.5859375 0.0671875 0.1234375
8 0.80859375 0.6046875 0.22265625 0.7828125
8 0.2953125 0.6703125 0.16484375 0.6515625
8 0.08984375 0.7265625 0.16484375 0.5390625
7 0.525 0.2359375 0.2203125 0.2171875
7 0.7953125 0.32734375 0.15 0.1234375
3 0.52265625 0.3671875 0.1578125 0.0859375