2 0.22734375 0.48671875 0.05 0.1375
1 0.4171875 0.521875 0.1046875 0.18203125
1 0.5890625 0.5359375 0.1171875 0.20859375
8 0.87734375 0.56875 0.23984375 0.853125
8 0.575 0.65546875 0.1546875 0.6796875
8 0.1921875 0.66640625 0.2046875 0.6578125
8 0.3953125 0.6734375 0.16484375 0.64453125
5 0.90625 0.73359375 0.09765625 0.18671875
7 0.875 0.1953125 0.075 0.16015625
7 0.58984375 0.3421875 0.08515625 0.09765625
1 0.86640625 0.3640625 0.09765625 0.18671875
7 0.4 0.36640625 0.0796875 0.10234375
7 0.2 0.36640625 0.11015625 0.084375
3 0.4375 0.50234375 0.0828125 0.0625
3 0.88984375 0.30859375 0.0703125 0.06640625