8 0.8671875 0.4703125 0.1796875 0.4828125
8 0.29140625 0.47734375 0.15234375 0.58828125
8 0.6984375 0.49453125 0.12265625 0.5015625
8 0.4609375 0.5265625 0.3578125 0.90234375
8 0.1171875 0.56015625 0.2296875 0.87265625
7 0.4859375 0.12890625 0.1875 0.14609375
7 0.3171875 0.23046875 0.03984375 0.06328125
7 0.8828125 0.24375 0.08984375 0.08203125
1 0.4625 0.246875 0.1 0.1796875
1 0.31484375 0.271875 0.06015625 0.0859375
1 0.8703125 0.3109375 0.06015625 0.08203125
1 0.1015625 0.34453125 0.0828125 0.09765625