8 0.4953125 0.5109375 0.28515625 0.9625
8 0.64765625 0.54140625 0.15 0.58046875
7 0.51640625 0.0578125 0.0875 0.07109375
8 0.29765625 0.60078125 0.16484375 0.72265625
1 0.52109375 0.15703125 0.07734375 0.1421875
7 0.30234375 0.2625 0.0703125 0.06015625
1 0.64609375 0.3125 0.0421875 0.07109375
1 0.3140625 0.31796875 0.04765625 0.09765625
5 0.5203125 0.58828125 0.0921875 0.1125
5 0.59140625 0.7 0.0421875 0.10859375
9 0.28984375 0.9328125 0.0546875 0.07109375
9 0.3328125 0.87421875 0.0421875 0.05625
9 0.60625 0.78671875 0.0328125 0.06328125
9 0.6421875 0.790625 0.0453125 0.0671875