7 0.909375 0.30078125 0.178125 0.23671875
1 0.29765625 0.32265625 0.115625 0.15
7 0.66875 0.4171875 0.196875 0.190625
8 0.46171875 0.425 0.2125 0.84453125
7 0.109375 0.43203125 0.17578125 0.21015625
8 0.325 0.53125 0.2828125 0.89375
1 0.9125 0.53515625 0.171875 0.2421875
8 0.88984375 0.565625 0.2171875 0.8640625
1 0.6765625 0.596875 0.1578125 0.21796875
1 0.103125 0.61875 0.1484375 0.2015625
8 0.6609375 0.6375 0.30625 0.71953125
8 0.13671875 0.640625 0.25390625 0.7140625
7 0.43046875 0.065625 0.11875 0.08203125
1 0.4328125 0.17734375 0.103125 0.146875
7 0.2890625 0.18671875 0.1328125 0.1609375
5 0.4375 0.7984375 0.0765625 0.14453125