7 0.33828125 0.2578125 0.096875 0.0296875
7 0.78828125 0.2828125 0.08984375 0.03515625
1 0.328125 0.3125 0.096875 0.0703125
1 0.8015625 0.3390625 0.0765625 0.0625
7 0.44140625 0.3984375 0.08359375 0.0421875
1 0.43828125 0.4515625 0.08359375 0.0625
8 0.2703125 0.57265625 0.31328125 0.7453125
8 0.78203125 0.60625 0.3296875 0.7328125
8 0.45 0.6703125 0.253125 0.6
9 0.81796875 0.9203125 0.096875 0.0875
9 0.7515625 0.8890625 0.096875 0.11015625
9 0.5484375 0.9265625 0.096875 0.0828125
9 0.43203125 0.9328125 0.0796875 0.07265625
9 0.31328125 0.9265625 0.08671875 0.0875
9 0.25 0.87890625 0.08359375 0.125
3 0.33359375 0.2921875 0.096875 0.0375