7 0.60234375 0.35546875 0.0703125 0.053125
7 0.36875 0.3984375 0.05234375 0.053125
1 0.5984375 0.41171875 0.05234375 0.06640625
2 0.225 0.43515625 0.0296875 0.046875
1 0.3734375 0.4484375 0.05234375 0.06640625
8 0.2265625 0.6046875 0.12734375 0.5046875
8 0.59609375 0.6640625 0.22265625 0.67109375
8 0.35703125 0.6921875 0.2328125 0.615625
3 0.5984375 0.3984375 0.05 0.03671875
3 0.375 0.43359375 0.05 0.03984375
5 0.4421875 0.74765625 0.0328125 0.05625
5 0.6140625 0.53828125 0.03984375 0.05625
5 0.57265625 0.53828125 0.04765625 0.05625