1 0.53125 0.39140625 0.10234375 0.14765625
2 0.8734375 0.39765625 0.0828125 0.121875
1 0.70234375 0.40703125 0.11484375 0.14765625
8 0.2546875 0.5734375 0.3296875 0.85234375
8 0.525 0.621875 0.31015625 0.75625
8 0.73515625 0.625 0.275 0.75
7 0.2875 0.1984375 0.11015625 0.0765625
7 0.52265625 0.28984375 0.1046875 0.08046875
7 0.70390625 0.3046875 0.1171875 0.0703125
7 0.90625 0.3140625 0.1125 0.03203125
1 0.2875 0.31875 0.1 0.16953125
5 0.325 0.63125 0.08984375 0.10546875
5 0.35859375 0.53203125 0.0671875 0.09296875
5 0.5640625 0.49375 0.0625 0.08984375
5 0.57890625 0.71953125 0.08984375 0.08984375
5 0.68984375 0.5015625 0.06015625 0.09296875
3 0.8671875 0.3765625 0.0703125 0.0546875