8 0.9296875 0.50390625 0.13984375 0.8859375
8 0.34453125 0.61171875 0.3109375 0.7765625
2 0.22734375 0.08125 0.025 0.04921875
2 0.1375 0.1 0.025 0.04453125
7 0.9359375 0.11015625 0.0625 0.13046875
2 0.5546875 0.134375 0.0296875 0.05703125
2 0.9734375 0.140625 0.02734375 0.0859375
8 0.22734375 0.24453125 0.1 0.42421875
8 0.14609375 0.25703125 0.1328125 0.41640625
7 0.3421875 0.2609375 0.11015625 0.09765625
8 0.55390625 0.37734375 0.1375 0.5671875
1 0.35 0.38125 0.0796875 0.15078125
9 0.57890625 0.6140625 0.0546875 0.0734375
9 0.9578125 0.9125 0.0828125 0.1140625
9 0.90625 0.8390625 0.06015625 0.09375