1 0.14765625 0.446875 0.16484375 0.25
8 0.93984375 0.49765625 0.1203125 0.77578125
7 0.55859375 0.05078125 0.1125 0.0890625
8 0.18125 0.5421875 0.3578125 0.90703125
5 0.875 0.5484375 0.0296875 0.08046875
1 0.6453125 0.58671875 0.1953125 0.30078125
8 0.6 0.59140625 0.41484375 0.809375
5 0.9578125 0.671875 0.06015625 0.0890625
2 0.31015625 0.09296875 0.05 0.0765625
7 0.74140625 0.12109375 0.0671875 0.071875
2 0.5578125 0.15234375 0.08515625 0.14375
7 0.875 0.15703125 0.0546875 0.084375
7 0.97890625 0.165625 0.0421875 0.02578125
1 0.74765625 0.2078125 0.06484375 0.1015625
7 0.13125 0.2078125 0.20234375 0.2203125
2 0.97890625 0.23515625 0.0421875 0.09765625
8 0.31015625 0.2625 0.16015625 0.5
7 0.64375 0.2921875 0.2078125 0.203125
7 0.3140625 0.03359375 0.05234375 0.03359375
8 0.5203125 0.3515625 0.21015625 0.703125
8 0.8390625 0.4109375 0.12734375 0.6609375