8 0.07109375 0.50625 0.1375 0.88984375
8 0.65390625 0.61015625 0.3125 0.77109375
2 0.77265625 0.08125 0.025 0.04921875
2 0.8625 0.1 0.025 0.04453125
7 0.0515625 0.0921875 0.07734375 0.0734375
2 0.4453125 0.134375 0.0296875 0.05703125
2 0.0265625 0.140625 0.02734375 0.0859375
8 0.77265625 0.24453125 0.1 0.42421875
8 0.85390625 0.25703125 0.1328125 0.41640625
7 0.6578125 0.2609375 0.11015625 0.09765625
8 0.44609375 0.37734375 0.1375 0.5671875
1 0.65 0.38125 0.0796875 0.15078125
9 0.46015625 0.61875 0.0328125 0.0609375
9 0.4234375 0.61015625 0.0453125 0.0734375
7 0.86640625 0.07734375 0.0328125 0.0328125
7 0.775 0.0609375 0.02734375 0.03671875
7 0.4484375 0.10390625 0.03515625 0.0328125
9 0.04609375 0.89609375 0.0796875 0.12265625
9 0.0953125 0.840625 0.06015625 0.10625