2 0.78984375 0.4578125 0.15 0.284375
8 0.4359375 0.484375 0.3921875 0.7375
1 0.66875 0.48671875 0.1078125 0.2265625
8 0.8265625 0.5203125 0.24765625 0.72890625
1 0.07109375 0.6046875 0.12734375 0.26640625
7 0.4828125 0.1734375 0.2 0.13359375
7 0.80625 0.2578125 0.17734375 0.15078125
7 0.64765625 0.30703125 0.13984375 0.115625
2 0.47265625 0.4 0.1546875 0.3109375
7 0.0625 0.4 0.125 0.15078125
3 0.4625 0.33359375 0.1328125 0.0890625
3 0.74609375 0.4 0.1046875 0.084375
5 0.2671875 0.4734375 0.1203125 0.15546875
5 0.0828125 0.2734375 0.16484375 0.16875