2 0.6640625 0.375 0.07734375 0.12890625
1 0.3 0.4109375 0.0953125 0.1359375
7 0.22734375 0.5125 0.13984375 0.10390625
7 0.79375 0.51953125 0.12734375 0.08203125
1 0.7859375 0.61796875 0.09765625 0.15
2 0.21484375 0.625 0.11484375 0.17890625
8 0.68125 0.63359375 0.2625 0.725
8 0.3234375 0.6390625 0.29765625 0.7140625
5 0.72265625 0.68203125 0.0703125 0.1
5 0.8203125 0.6984375 0.075 0.0890625
8 0.8203125 0.73359375 0.275 0.525
8 0.2046875 0.74140625 0.2796875 0.5109375
7 0.6625 0.2875 0.11015625 0.09609375
7 0.3015625 0.3109375 0.10234375 0.07890625
3 0.30625 0.3765625 0.075 0.04609375
3 0.225 0.59453125 0.1046875 0.06796875