8 0.5 0.48828125 0.2953125 0.84765625
8 0.15859375 0.51015625 0.2578125 0.971875
8 0.8375 0.565625 0.2546875 0.86015625
8 0.4375 0.6 0.275 0.7921875
7 0.15625 0.06796875 0.0671875 0.04765625
7 0.48515625 0.1421875 0.1203125 0.12421875
2 0.1515625 0.15 0.0578125 0.1078125
7 0.8984375 0.21171875 0.07734375 0.04765625
7 0.44609375 0.24765625 0.09765625 0.0796875
2 0.88125 0.2921875 0.0578125 0.11171875
1 0.47265625 0.35234375 0.08984375 0.14375
3 0.46875 0.321875 0.075 0.0640625
5 0.4546875 0.64609375 0.07265625 0.1359375
5 0.8375 0.578125 0.0625 0.10390625
5 0.06875 0.571875 0.0625 0.08828125
5 0.58984375 0.92421875 0.0796875 0.08828125