7 0.6484375 0.38984375 0.0375 0.0453125
7 0.2515625 0.41015625 0.0375 0.03359375
7 0.4796875 0.41796875 0.03515625 0.0484375
1 0.6515625 0.43046875 0.0375 0.06015625
7 0.40390625 0.434375 0.0578125 0.075
1 0.25 0.4546875 0.03515625 0.05625
1 0.48125 0.4609375 0.02734375 0.05234375
2 0.41640625 0.4703125 0.0328125 0.05625
8 0.63125 0.66484375 0.1375 0.61796875
8 0.39765625 0.68203125 0.11484375 0.60703125
8 0.25625 0.68515625 0.1421875 0.59140625
8 0.49765625 0.6875 0.1046875 0.57265625
9 0.6640625 0.93984375 0.06484375 0.07109375
9 0.59375 0.90234375 0.0375 0.1046875
9 0.4546875 0.95703125 0.06484375 0.06015625
9 0.3765625 0.9546875 0.075 0.06015625