7 0.13515625 0.6375 0.0296875 0.021875
1 0.1359375 0.6734375 0.0328125 0.0578125
7 0.86640625 0.68671875 0.0328125 0.04921875
1 0.86875 0.7203125 0.02265625 0.04453125
7 0.48984375 0.76015625 0.025 0.0359375
7 0.5765625 0.78203125 0.0171875 0.0265625
8 0.12890625 0.8046875 0.12734375 0.38203125
8 0.8859375 0.82421875 0.1171875 0.3421875
8 0.57265625 0.8578125 0.06015625 0.1953125
8 0.47890625 0.86015625 0.0625 0.27109375
5 0.10859375 0.87578125 0.02734375 0.053125
9 0.4953125 0.97578125 0.0328125 0.0359375
9 0.45859375 0.95078125 0.0203125 0.0578125