7 0.39765625 0.35546875 0.0703125 0.053125
7 0.63125 0.3984375 0.05234375 0.053125
1 0.4015625 0.41171875 0.05234375 0.06640625
2 0.775 0.43515625 0.0296875 0.046875
1 0.6265625 0.4484375 0.05234375 0.06640625
8 0.7734375 0.6046875 0.12734375 0.5046875
8 0.40390625 0.6640625 0.22265625 0.67109375
8 0.64296875 0.6921875 0.2328125 0.615625
3 0.4015625 0.3984375 0.05 0.03671875
3 0.625 0.43359375 0.05 0.03984375
5 0.5578125 0.74765625 0.0328125 0.05625
5 0.3859375 0.53828125 0.03984375 0.05625
5 0.42734375 0.53828125 0.04765625 0.05625