1 0.46875 0.39140625 0.10234375 0.14765625
2 0.1265625 0.39765625 0.0828125 0.121875
1 0.29765625 0.40703125 0.11484375 0.14765625
5 0.42890625 0.5109375 0.07734375 0.125
5 0.30859375 0.52265625 0.07265625 0.128125
5 0.63515625 0.52890625 0.08515625 0.09609375
8 0.74375 0.571875 0.3328125 0.84921875
8 0.4734375 0.6203125 0.3125 0.753125
8 0.2640625 0.6234375 0.27734375 0.746875
5 0.6890625 0.634375 0.12265625 0.134375
5 0.41640625 0.72890625 0.0921875 0.125
7 0.7125 0.1984375 0.11015625 0.0765625
7 0.47734375 0.28984375 0.1046875 0.08046875
7 0.29609375 0.3046875 0.1171875 0.0703125
7 0.09375 0.3140625 0.1125 0.03203125
1 0.7125 0.31875 0.1 0.16953125