7 0.4328125 0.5125 0.0296875 0.03515625
1 0.2953125 0.52734375 0.025 0.06484375
1 0.42734375 0.55 0.025 0.06015625
1 0.7890625 0.64765625 0.0171875 0.03515625
1 0.6796875 0.6671875 0.01484375 0.03515625
2 0.8484375 0.6671875 0.0125 0.03515625
1 0.71875 0.6703125 0.0125 0.0296875
1 0.6375 0.67734375 0.01484375 0.025
1 0.6609375 0.6796875 0.0125 0.0296875
7 0.56484375 0.68984375 0.03515625 0.05
1 0.7453125 0.71484375 0.01015625 0.0203125
1 0.56484375 0.7296875 0.025 0.05
8 0.44375 0.73984375 0.0875 0.48984375
8 0.3109375 0.73984375 0.0921875 0.51015625
8 0.71640625 0.7828125 0.02734375 0.31484375
8 0.65 0.78515625 0.03515625 0.28984375
8 0.68359375 0.78984375 0.0375 0.2796875
8 0.7859375 0.7921875 0.0625 0.325
8 0.5578125 0.8375 0.1046875 0.31484375
7 0.30625 0.48984375 0.0328125 0.03984375