1 0.1546875 0.446875 0.1 0.22109375
8 0.0515625 0.4515625 0.07265625 0.3359375
1 0.6 0.4671875 0.0703125 0.1375
8 0.3765625 0.51328125 0.4828125 0.96484375
8 0.60234375 0.52421875 0.11015625 0.42890625
8 0.81640625 0.5484375 0.1921875 0.84921875
8 0.13984375 0.55546875 0.1625 0.67734375
1 0.3484375 0.5796875 0.15234375 0.32734375
8 0.93984375 0.57734375 0.11484375 0.8359375
5 0.19765625 0.65234375 0.08984375 0.128125
8 0.3921875 0.65234375 0.2796875 0.6859375
5 0.8296875 0.9203125 0.075 0.12421875
7 0.275 0.09765625 0.175 0.159375
7 0.81640625 0.234375 0.07734375 0.053125
7 0.96640625 0.26328125 0.0625 0.06640625
7 0.15625 0.3078125 0.10234375 0.075
1 0.8 0.3296875 0.0796875 0.1546875
7 0.35625 0.34921875 0.15234375 0.15078125
1 0.96484375 0.35859375 0.06484375 0.14140625
2 0.69375 0.371875 0.0578125 0.09765625
7 0.6078125 0.37578125 0.0546875 0.053125
8 0.6859375 0.3828125 0.10234375 0.32265625