8 0.5 0.48828125 0.2953125 0.84765625
8 0.84140625 0.51015625 0.2578125 0.971875
8 0.1625 0.565625 0.2546875 0.86015625
8 0.5625 0.6 0.275 0.7921875
7 0.84375 0.06796875 0.0671875 0.04765625
7 0.51484375 0.1421875 0.1203125 0.12421875
2 0.8484375 0.15 0.0578125 0.1078125
7 0.1015625 0.21171875 0.07734375 0.04765625
7 0.55390625 0.24765625 0.09765625 0.0796875
2 0.11875 0.2921875 0.0578125 0.11171875
1 0.52734375 0.35234375 0.08984375 0.14375
5 0.1625 0.5703125 0.0625 0.08828125
5 0.5453125 0.63984375 0.075 0.12421875