2 0.6640625 0.375 0.07734375 0.12890625
1 0.3 0.4109375 0.0953125 0.1359375
7 0.22734375 0.5125 0.13984375 0.10390625
7 0.79375 0.51953125 0.12734375 0.08203125
1 0.7859375 0.61796875 0.09765625 0.15
2 0.21484375 0.625 0.11484375 0.17890625
8 0.67890625 0.63515625 0.2609375 0.7296875
8 0.32109375 0.640625 0.2953125 0.71875
8 0.81796875 0.73515625 0.2734375 0.5296875
8 0.20390625 0.74296875 0.27734375 0.5140625
7 0.6625 0.2875 0.11015625 0.09609375
7 0.3015625 0.3109375 0.10234375 0.07890625
3 0.31015625 0.38046875 0.0828125 0.04296875
3 0.3375 0.93046875 0.06484375 0.08203125