8 0.62890625 0.37421875 0.27734375 0.73515625
2 0.9 0.38671875 0.11484375 0.17890625
7 0.22890625 0.04140625 0.1328125 0.0609375
2 0.09375 0.42265625 0.1078125 0.15078125
7 0.34375 0.440625 0.15234375 0.1078125
8 0.0921875 0.45546875 0.1796875 0.53046875
1 0.34375 0.575 0.1328125 0.17578125
8 0.8078125 0.5859375 0.35 0.82109375
7 0.9015625 0.6453125 0.15234375 0.121875
8 0.36484375 0.68125 0.28984375 0.63046875
8 0.85234375 0.7703125 0.2703125 0.4515625
2 0.89375 0.7953125 0.12734375 0.16484375
2 0.07890625 0.8421875 0.1171875 0.12890625
7 0.67265625 0.09140625 0.125 0.15390625
2 0.25234375 0.1453125 0.11015625 0.17578125
8 0.27109375 0.1953125 0.2671875 0.390625
2 0.6765625 0.209375 0.0921875 0.096875
7 0.90625 0.23671875 0.1328125 0.09296875
7 0.0953125 0.290625 0.125 0.11484375
3 0.88125 0.34765625 0.09765625 0.0828125
3 0.3421875 0.53203125 0.1125 0.06484375
3 0.2546875 0.10390625 0.1 0.07890625