7 0.825 0.32421875 0.025 0.053125
7 0.76484375 0.33125 0.0703125 0.0578125
1 0.6625 0.3375 0.01484375 0.0359375
7 0.49140625 0.33984375 0.0171875 0.04921875
7 0.5890625 0.37109375 0.0328125 0.0578125
1 0.75859375 0.4265625 0.07265625 0.1421875
10 0.7625 0.70703125 0.2 0.43984375
8 0.58359375 0.5 0.06015625 0.32421875
8 0.7453125 0.65546875 0.2578125 0.6890625
8 0.48515625 0.4796875 0.07734375 0.33359375
8 0.3828125 0.4625 0.07734375 0.29296875
8 0.0765625 0.42421875 0.0546875 0.27578125
5 0.71484375 0.7640625 0.0546875 0.084375
7 0.39375 0.3359375 0.025 0.03984375
7 0.08359375 0.3046875 0.0171875 0.03125
9 0.58984375 0.63984375 0.0171875 0.03984375
9 0.5703125 0.621875 0.02734375 0.0359375
9 0.6546875 0.61796875 0.03515625 0.04453125
9 0.4921875 0.59765625 0.025 0.04453125
9 0.475 0.6203125 0.0203125 0.04453125
9 0.39609375 0.56875 0.02265625 0.04453125
9 0.2984375 0.59765625 0.02265625 0.04921875