8 0.51484375 0.55234375 0.16484375 0.85703125
7 0.41875 0.10234375 0.04765625 0.04296875
7 0.1390625 0.13359375 0.0375 0.04765625
7 0.5171875 0.15 0.0453125 0.07109375
2 0.4109375 0.15 0.0328125 0.08125
2 0.3421875 0.17109375 0.025 0.04765625
2 0.14375 0.17890625 0.0328125 0.07109375
2 0.50390625 0.19765625 0.02734375 0.08125
2 0.875 0.20703125 0.025 0.05234375
2 0.2515625 0.209375 0.02734375 0.04765625
2 0.2859375 0.21875 0.02265625 0.04765625
2 0.32109375 0.2265625 0.02734375 0.06171875
2 0.7359375 0.2640625 0.02734375 0.06171875
8 0.425 0.26640625 0.1046875 0.37109375
2 0.35 0.28125 0.0453125 0.0859375
8 0.13359375 0.31640625 0.0921875 0.43359375
8 0.2375 0.3453125 0.08515625 0.35703125
8 0.74609375 0.38359375 0.12734375 0.35703125
8 0.35390625 0.40703125 0.1125 0.3765625
8 0.8703125 0.46875 0.11484375 0.6234375
9 0.55625 0.93359375 0.075 0.0859375