1 0.29140625 0.3859375 0.07734375 0.15703125
7 0.55859375 0.4234375 0.1078125 0.09765625
8 0.871875 0.51640625 0.209375 0.9671875
8 0.63984375 0.5296875 0.225 0.86484375
8 0.2078125 0.5484375 0.3078125 0.90234375
1 0.5453125 0.5578125 0.1 0.1796875
8 0.57265625 0.69609375 0.2765625 0.6078125
7 0.81640625 0.075 0.1203125 0.08984375
1 0.6453125 0.11796875 0.0703125 0.10078125
7 0.46640625 0.13515625 0.1328125 0.1046875
7 0.14609375 0.15 0.1328125 0.11953125
1 0.70234375 0.1609375 0.05 0.08203125
1 0.81015625 0.2 0.0703125 0.13125
7 0.27109375 0.215625 0.1421875 0.13828125
1 0.48359375 0.25859375 0.0671875 0.11953125
1 0.5796875 0.271875 0.0953125 0.16875
7 0.6421875 0.03203125 0.1 0.05625
1 0.1578125 0.303125 0.08515625 0.15703125
5 0.5390625 0.9453125 0.0921875 0.09765625
4 0.4171875 0.6328125 0.09765625 0.12734375
4 0.18984375 0.76796875 0.1125 0.13125
4 0.1109375 0.81640625 0.09765625 0.11640625
4 0.4625 0.3859375 0.0828125 0.12734375
7 0.58125 0.1328125 0.1046875 0.10078125