1 0.53984375 0.48046875 0.08515625 0.1640625
5 0.20859375 0.49140625 0.0421875 0.08828125
5 0.2453125 0.5109375 0.0453125 0.084375
7 0.8625 0.54609375 0.2703125 0.7921875
8 0.2078125 0.5953125 0.2453125 0.80078125
8 0.53359375 0.64609375 0.2828125 0.69921875
5 0.95234375 0.72578125 0.0453125 0.14140625
7 0.5046875 0.090625 0.06484375 0.084375
7 0.73125 0.1375 0.12265625 0.22109375
1 0.51015625 0.1859375 0.0546875 0.11484375
7 0.23125 0.2390625 0.0671875 0.0796875
7 0.8671875 0.271875 0.0703125 0.075
8 0.50625 0.31640625 0.1875 0.5265625
1 0.22890625 0.32734375 0.05234375 0.10625
7 0.53359375 0.340625 0.0875 0.11484375
1 0.8703125 0.35859375 0.06484375 0.16796875
3 0.54375 0.43125 0.0828125 0.075
3 0.875 0.325 0.06484375 0.0578125