7 0.5671875 0.5125 0.0296875 0.03515625
1 0.7046875 0.52734375 0.025 0.06484375
1 0.57265625 0.55 0.025 0.06015625
1 0.2109375 0.64765625 0.0171875 0.03515625
1 0.3203125 0.6671875 0.01484375 0.03515625
2 0.1515625 0.6671875 0.0125 0.03515625
1 0.28125 0.6703125 0.0125 0.0296875
1 0.3625 0.67734375 0.01484375 0.025
1 0.3390625 0.6796875 0.0125 0.0296875
7 0.43515625 0.68984375 0.03515625 0.05
1 0.2546875 0.71484375 0.01015625 0.0203125
1 0.43515625 0.7296875 0.025 0.05
8 0.55625 0.73984375 0.0875 0.48984375
8 0.6875 0.7421875 0.08984375 0.51484375
8 0.28359375 0.7828125 0.02734375 0.31484375
8 0.35 0.78515625 0.03515625 0.28984375
8 0.31640625 0.78984375 0.0375 0.2796875
8 0.2140625 0.7921875 0.0625 0.325
8 0.44140625 0.83984375 0.10234375 0.3203125
7 0.69375 0.48984375 0.0328125 0.03984375