8 0.09375 0.5 0.1828125 0.98984375
8 0.9171875 0.53984375 0.15 0.91015625
7 0.5546875 0.6 0.225 0.3796875
7 0.10625 0.08515625 0.1328125 0.1296875
7 0.45625 0.10234375 0.0625 0.06484375
7 0.29140625 0.10234375 0.0578125 0.0546875
1 0.3109375 0.17265625 0.0421875 0.0953125
7 0.67890625 0.175 0.04765625 0.06015625
1 0.45 0.175 0.03515625 0.0703125
2 0.79765625 0.18984375 0.03515625 0.08984375
1 0.71015625 0.2125 0.0203125 0.06484375
2 0.61875 0.2171875 0.02265625 0.0546875
8 0.30234375 0.25234375 0.12734375 0.4296875
1 0.6765625 0.2546875 0.0375 0.0703125
1 0.37109375 0.2578125 0.0375 0.075
1 0.1078125 0.26015625 0.0796875 0.2
1 0.5828125 0.2828125 0.0296875 0.075
2 0.175 0.28515625 0.0546875 0.08984375
8 0.67734375 0.3421875 0.09765625 0.4
8 0.80234375 0.3453125 0.1546875 0.5203125
1 0.93359375 0.3875 0.09765625 0.16484375
1 0.2890625 0.4625 0.0421875 0.08515625
8 0.18359375 0.475 0.14765625 0.65