8 0.44375 0.5328125 0.09765625 0.365625
1 0.90234375 0.540625 0.08515625 0.2078125
8 0.1625 0.540625 0.2546875 0.675
7 0.9109375 0.06328125 0.1671875 0.11640625
8 0.33359375 0.64453125 0.1828125 0.5484375
7 0.24140625 0.215625 0.0625 0.05546875
1 0.8578125 0.21796875 0.08515625 0.203125
7 0.53515625 0.25625 0.075 0.07578125
1 0.2171875 0.2921875 0.0453125 0.10625
1 0.5 0.32265625 0.03984375 0.11640625
7 0.8609375 0.40859375 0.14765625 0.10625
7 0.3546875 0.41875 0.0703125 0.146875
1 0.42265625 0.4390625 0.0453125 0.0859375
1 0.31015625 0.44921875 0.0453125 0.11640625
8 0.52890625 0.48984375 0.2171875 0.56328125
5 0.4421875 0.70078125 0.04765625 0.09140625