8 0.16640625 0.5 0.2078125 1
8 0.87265625 0.5296875 0.12734375 0.75390625
8 0.45859375 0.5296875 0.2171875 0.93203125
7 0.7484375 0.065625 0.0375 0.06328125
7 0.45234375 0.08046875 0.0453125 0.09296875
1 0.74765625 0.1140625 0.03515625 0.06796875
1 0.09140625 0.1140625 0.05234375 0.11015625
7 0.3828125 0.1359375 0.05 0.1015625
1 0.44765625 0.16328125 0.0453125 0.0890625
7 0.8625 0.18203125 0.0546875 0.09296875
1 0.85859375 0.25390625 0.04765625 0.0765625
7 0.1046875 0.03203125 0.06484375 0.06328125
8 0.7390625 0.34296875 0.1171875 0.59296875
9 0.6 0.81796875 0.06484375 0.12734375
9 0.45234375 0.8578125 0.0921875 0.0890625
9 0.3015625 0.8984375 0.06015625 0.178125
9 0.11484375 0.94921875 0.10234375 0.1015625