1 0.6453125 0.33203125 0.08984375 0.10859375
8 0.5171875 0.4234375 0.16015625 0.60390625
7 0.29375 0.48046875 0.0921875 0.0796875
8 0.33125 0.4828125 0.2171875 0.54296875
1 0.27890625 0.54453125 0.0625 0.0859375
7 0.4140625 0.5625 0.07734375 0.0640625
8 0.6796875 0.5828125 0.26015625 0.75703125
8 0.1578125 0.5828125 0.11015625 0.82734375
8 0.0640625 0.59453125 0.12734375 0.80546875
1 0.40859375 0.6421875 0.07265625 0.10234375
8 0.2734375 0.7 0.1828125 0.47890625
8 0.42109375 0.7765625 0.12265625 0.440625
5 0.77734375 0.82109375 0.03515625 0.0765625
5 0.55234375 0.83515625 0.0703125 0.09296875
5 0.25 0.9171875 0.03984375 0.04453125
7 0.5359375 0.18046875 0.09765625 0.0609375
7 0.325 0.2203125 0.08515625 0.0765625
7 0.65234375 0.221875 0.0796875 0.0796875
1 0.5375 0.26875 0.075 0.10859375
1 0.31875 0.303125 0.07265625 0.10859375