8 0.5890625 0.528125 0.2828125 0.93671875
8 0.8328125 0.54296875 0.26015625 0.90625
8 0.2765625 0.56328125 0.27265625 0.86484375
7 0.6109375 0.12890625 0.0875 0.07109375
7 0.80859375 0.1515625 0.1078125 0.0859375
7 0.2484375 0.18359375 0.0875 0.08984375
1 0.6078125 0.225 0.0796875 0.1421875
1 0.8015625 0.24140625 0.0875 0.13828125
2 0.3609375 0.29375 0.05234375 0.07890625
2 0.11015625 0.29609375 0.05 0.08203125
1 0.2421875 0.29765625 0.08984375 0.14609375
3 0.60859375 0.190625 0.08515625 0.0671875
5 0.34765625 0.85546875 0.0671875 0.11640625
3 0.8 0.2078125 0.07734375 0.06015625