7 0.3078125 0.3875 0.08984375 0.1234375
7 0.2953125 0.3953125 0.0953125 0.1234375
7 0.0609375 0.4140625 0.0578125 0.07890625
1 0.5328125 0.4234375 0.175 0.2625
1 0.85 0.4421875 0.08984375 0.1796875
2 0.06484375 0.471875 0.0546875 0.08984375
1 0.9046875 0.4828125 0.03515625 0.09765625
1 0.6390625 0.4890625 0.0375 0.07109375
1 0.32734375 0.49453125 0.0796875 0.13515625
1 0.24140625 0.5015625 0.05234375 0.08984375
7 0.0625 0.5078125 0.08984375 0.05625
8 0.53203125 0.578125 0.4796875 0.84375
1 0.0609375 0.5859375 0.0671875 0.1234375
8 0.80703125 0.60625 0.2203125 0.7875
8 0.29375 0.671875 0.1625 0.65625
8 0.0890625 0.728125 0.1625 0.54296875
7 0.525 0.2359375 0.2203125 0.2171875
7 0.7953125 0.32734375 0.15 0.1234375
3 0.525 0.359375 0.1671875 0.1125