1 0.53125 0.39140625 0.10234375 0.14765625
2 0.8734375 0.39765625 0.0828125 0.121875
1 0.70234375 0.40703125 0.11484375 0.14765625
5 0.57109375 0.5109375 0.07734375 0.125
5 0.69140625 0.52265625 0.07265625 0.128125
5 0.36484375 0.52890625 0.08515625 0.09609375
8 0.25625 0.571875 0.3328125 0.84921875
8 0.5265625 0.6203125 0.3125 0.753125
8 0.7359375 0.6234375 0.27734375 0.746875
5 0.3109375 0.634375 0.12265625 0.134375
5 0.58359375 0.72890625 0.0921875 0.125
7 0.2875 0.1984375 0.11015625 0.0765625
7 0.52265625 0.28984375 0.1046875 0.08046875
7 0.70390625 0.3046875 0.1171875 0.0703125
7 0.90625 0.3140625 0.1125 0.03203125
1 0.2875 0.31875 0.1 0.16953125