7 0.840625 0.58359375 0.10859375 0.0328125
7 0.575 0.5875 0.07890625 0.025
7 0.15703125 0.59140625 0.05234375 0.02734375
1 0.85546875 0.6109375 0.06328125 0.0421875
1 0.57109375 0.6140625 0.05625 0.0421875
1 0.159375 0.625 0.0484375 0.03515625
2 0.7078125 0.675 0.0296875 0.0296875
8 0.87421875 0.7703125 0.1984375 0.43984375
8 0.17265625 0.7703125 0.23203125 0.4203125
8 0.57890625 0.77265625 0.20625 0.41484375
9 0.80703125 0.975 0.07890625 0.04765625
9 0.896875 0.9703125 0.06015625 0.05234375
9 0.584375 0.9734375 0.06015625 0.0453125
9 0.10859375 0.9484375 0.05234375 0.05234375
9 0.15703125 0.9546875 0.05234375 0.0375