2 0.21015625 0.4578125 0.15 0.284375
8 0.5640625 0.484375 0.3921875 0.7375
1 0.33125 0.48671875 0.1078125 0.2265625
8 0.1734375 0.5203125 0.24765625 0.72890625
1 0.92890625 0.6046875 0.12734375 0.26640625
7 0.5171875 0.1734375 0.2 0.13359375
7 0.19375 0.2578125 0.17734375 0.15078125
7 0.35234375 0.30703125 0.13984375 0.115625
2 0.52734375 0.4 0.1546875 0.3109375
7 0.9375 0.4 0.125 0.15078125
3 0.5375 0.33359375 0.1328125 0.0890625
3 0.25390625 0.4 0.1046875 0.084375
5 0.7328125 0.4734375 0.1203125 0.15546875
5 0.9171875 0.2734375 0.16484375 0.16875