8 0.0734375 0.4734375 0.07734375 0.3953125
8 0.7578125 0.48671875 0.11015625 0.6
8 0.62109375 0.5046875 0.19765625 0.9109375
8 0.8765625 0.51328125 0.12734375 0.70703125
8 0.31875 0.52890625 0.0828125 0.49765625
8 0.4421875 0.52890625 0.2046875 0.93359375
8 0.1609375 0.57109375 0.09765625 0.59140625
7 0.58125 0.09296875 0.0671875 0.09765625
7 0.4671875 0.1203125 0.0796875 0.09765625
1 0.58359375 0.1734375 0.0625 0.09765625
1 0.46015625 0.20234375 0.0546875 0.10234375
7 0.85234375 0.21796875 0.03984375 0.07109375
7 0.7546875 0.24453125 0.0546875 0.09765625
7 0.15234375 0.284375 0.0453125 0.04453125
7 0.07890625 0.28671875 0.0375 0.03125
7 0.3171875 0.3046875 0.0296875 0.03984375
1 0.1546875 0.32421875 0.03515625 0.0625
1 0.0796875 0.32890625 0.03515625 0.0625
2 0.32109375 0.33984375 0.02734375 0.04921875
9 0.8796875 0.79296875 0.0453125 0.0796875
9 0.8296875 0.79140625 0.0375 0.0796875
9 0.18125 0.8 0.0296875 0.084375
9 0.1515625 0.8203125 0.03984375 0.09765625