8 0.92890625 0.50625 0.1375 0.88984375
8 0.34609375 0.61015625 0.3125 0.77109375
2 0.22734375 0.08125 0.025 0.04921875
2 0.1375 0.1 0.025 0.04453125
7 0.9359375 0.11015625 0.0625 0.13046875
2 0.5546875 0.134375 0.0296875 0.05703125
2 0.9734375 0.140625 0.02734375 0.0859375
8 0.22734375 0.24453125 0.1 0.42421875
8 0.14609375 0.25703125 0.1328125 0.41640625
7 0.3421875 0.2609375 0.11015625 0.09765625
8 0.55390625 0.37734375 0.1375 0.5671875
1 0.35 0.38125 0.0796875 0.15078125
9 0.9546875 0.8921875 0.0796875 0.1265625
9 0.9109375 0.84453125 0.07734375 0.11875
9 0.5765625 0.6078125 0.05 0.07734375
9 0.54375 0.61640625 0.0453125 0.0734375