8 0.39296875 0.54453125 0.2828125 0.9109375
8 0.86875 0.5796875 0.2625 0.83984375
8 0.1234375 0.5875 0.19765625 0.825
7 0.3875 0.11015625 0.0796875 0.1
7 0.8328125 0.1921875 0.0546875 0.0953125
7 0.1171875 0.2125 0.08515625 0.1046875
1 0.4 0.2203125 0.075 0.15
1 0.83984375 0.3078125 0.0703125 0.1546875
1 0.13515625 0.32734375 0.0453125 0.1453125
5 0.58984375 0.63515625 0.05234375 0.08984375
5 0.13359375 0.875 0.0546875 0.11015625
5 0.95390625 0.36015625 0.0671875 0.11015625
3 0.4140625 0.1875 0.0546875 0.05