8 0.90859375 0.41484375 0.1671875 0.7953125
7 0.89765625 0.04453125 0.0703125 0.04609375
8 0.72890625 0.4859375 0.17265625 0.9078125
8 0.4453125 0.4890625 0.16015625 0.7953125
8 0.23984375 0.50859375 0.18515625 0.80546875
8 0.53125 0.56328125 0.15234375 0.675
7 0.74765625 0.07421875 0.06484375 0.06328125
7 0.1859375 0.08125 0.05234375 0.03515625
1 0.8953125 0.0953125 0.0453125 0.078125
7 0.4625 0.109375 0.06484375 0.04921875
1 0.1796875 0.1328125 0.03984375 0.08125
7 0.28515625 0.134375 0.0796875 0.0421875
1 0.7484375 0.1359375 0.0578125 0.10234375
1 0.4546875 0.1625 0.05 0.0921875
1 0.27890625 0.1890625 0.0578125 0.0953125
1 0.39609375 0.2 0.0375 0.053125
7 0.5328125 0.25234375 0.0703125 0.06015625
1 0.53359375 0.30390625 0.05234375 0.08515625
5 0.15859375 0.50546875 0.0625 0.08828125
5 0.1 0.34296875 0.0453125 0.06015625
5 0.35859375 0.49453125 0.0421875 0.0703125
5 0.47265625 0.596875 0.05234375 0.08515625
5 0.85234375 0.525 0.06015625 0.10625
5 0.62265625 0.5109375 0.05234375 0.10234375
9 0.40859375 0.85859375 0.0625 0.08125
9 0.46484375 0.853125 0.03984375 0.05625
9 0.52109375 0.8890625 0.05 0.0921875
9 0.5671875 0.865625 0.0546875 0.10625
9 0.26640625 0.8921875 0.0625 0.08515625