8 0.5046875 0.5109375 0.28515625 0.9625
8 0.35234375 0.54140625 0.15 0.58046875
7 0.48359375 0.0578125 0.0875 0.07109375
8 0.70234375 0.60078125 0.16484375 0.72265625
1 0.47890625 0.15703125 0.07734375 0.1421875
7 0.69765625 0.2625 0.0703125 0.06015625
1 0.35390625 0.3125 0.0421875 0.07109375
1 0.6859375 0.31796875 0.04765625 0.09765625
5 0.4796875 0.58828125 0.0921875 0.1125
5 0.40859375 0.7 0.0421875 0.10859375
9 0.71015625 0.9328125 0.0546875 0.07109375
9 0.6671875 0.87421875 0.0421875 0.05625
9 0.39375 0.78671875 0.0328125 0.06328125
9 0.3578125 0.790625 0.0453125 0.0671875