7 0.1203125 0.3546875 0.1046875 0.13671875
1 0.6484375 0.36328125 0.14765625 0.2265625
7 0.9234375 0.3734375 0.1375 0.16640625
2 0.23359375 0.4203125 0.0828125 0.146875
8 0.25625 0.5 0.30234375 0.6
1 0.12109375 0.5 0.1375 0.2
2 0.91015625 0.5515625 0.15 0.21015625
8 0.6328125 0.58984375 0.3296875 0.81328125
8 0.87890625 0.6484375 0.2375 0.696875
8 0.1828125 0.65 0.3 0.69296875
5 0.7671875 0.94140625 0.1046875 0.11015625
7 0.6390625 0.1984375 0.1578125 0.1296875
3 0.6515625 0.321875 0.1375 0.0796875