7 0.325 0.4890625 0.16484375 0.23984375
1 0.3375 0.678125 0.175 0.2265625
7 0.75625 0.1421875 0.24765625 0.23984375
1 0.1453125 0.2109375 0.0203125 0.03125
1 0.36640625 0.2203125 0.02265625 0.03984375
1 0.0640625 0.2359375 0.02734375 0.04453125
7 0.5109375 0.2796875 0.1078125 0.12421875
1 0.58515625 0.31796875 0.0453125 0.10234375
1 0.11640625 0.33125 0.05234375 0.07578125
1 0.50234375 0.4109375 0.1203125 0.146875
1 0.6953125 0.41796875 0.13984375 0.3109375
3 0.6453125 0.4 0.07734375 0.09765625
4 0.53359375 0.61328125 0.16484375 0.20859375
7 0.1140625 0.29140625 0.0546875 0.0625
7 0.3671875 0.19140625 0.02734375 0.0265625
7 0.5984375 0.1796875 0.05 0.06640625
7 0.58984375 0.246875 0.06015625 0.084375