7 0.090625 0.30078125 0.178125 0.23671875
1 0.70234375 0.32265625 0.115625 0.15
7 0.33125 0.4171875 0.196875 0.190625
8 0.53828125 0.425 0.2125 0.84453125
7 0.890625 0.43203125 0.17578125 0.21015625
8 0.675 0.53125 0.2828125 0.89375
1 0.0875 0.53515625 0.171875 0.2421875
8 0.11015625 0.565625 0.2171875 0.8640625
1 0.3234375 0.596875 0.1578125 0.21796875
1 0.896875 0.61875 0.1484375 0.2015625
8 0.3390625 0.6375 0.30625 0.71953125
8 0.86328125 0.640625 0.25390625 0.7140625
7 0.56953125 0.065625 0.11875 0.08203125
1 0.5671875 0.17734375 0.103125 0.146875
7 0.7109375 0.18671875 0.1328125 0.1609375
5 0.56640625 0.80625 0.0625 0.14453125