7 0.66171875 0.2578125 0.096875 0.0296875
7 0.21171875 0.2828125 0.08984375 0.03515625
1 0.671875 0.3125 0.096875 0.0703125
1 0.1984375 0.3390625 0.0765625 0.0625
7 0.55859375 0.3984375 0.08359375 0.0421875
1 0.56171875 0.4515625 0.08359375 0.0625
8 0.7296875 0.57265625 0.31328125 0.7453125
8 0.21796875 0.60625 0.3296875 0.7328125
8 0.55 0.6703125 0.253125 0.6
9 0.18203125 0.9203125 0.096875 0.0875
9 0.2484375 0.8890625 0.096875 0.11015625
9 0.4515625 0.9265625 0.096875 0.0828125
9 0.56796875 0.9328125 0.0796875 0.07265625
9 0.68671875 0.9265625 0.08671875 0.0875
9 0.75 0.87890625 0.08359375 0.125
3 0.66640625 0.2921875 0.096875 0.0375