2 0.77265625 0.48671875 0.05 0.1375
1 0.5828125 0.521875 0.1046875 0.18203125
1 0.4109375 0.5359375 0.1171875 0.20859375
8 0.12265625 0.56875 0.23984375 0.853125
8 0.425 0.65546875 0.1546875 0.6796875
8 0.8078125 0.66640625 0.2046875 0.6578125
8 0.6046875 0.6734375 0.16484375 0.64453125
5 0.09375 0.73359375 0.09765625 0.18671875
7 0.125 0.1953125 0.075 0.16015625
7 0.41015625 0.3421875 0.08515625 0.09765625
1 0.13359375 0.3640625 0.09765625 0.18671875
7 0.6 0.36640625 0.0796875 0.10234375
7 0.8 0.36640625 0.11015625 0.084375
3 0.5625 0.50234375 0.0828125 0.0625
3 0.11015625 0.30859375 0.0703125 0.06640625