8 0.38984375 0.4625 0.0796875 0.284375
8 0.6671875 0.47578125 0.0546875 0.35546875
8 0.5859375 0.478125 0.07265625 0.315625
8 0.4828125 0.48203125 0.06015625 0.3421875
8 0.7484375 0.653125 0.22265625 0.684375
10 0.75234375 0.6953125 0.1953125 0.44921875
7 0.825 0.32421875 0.025 0.053125
7 0.76484375 0.33125 0.0703125 0.0578125
1 0.6625 0.3375 0.01484375 0.0359375
7 0.49140625 0.33984375 0.0171875 0.04921875
7 0.5890625 0.37109375 0.0328125 0.0578125
8 0.84140625 0.40859375 0.07734375 0.1953125
1 0.75859375 0.4265625 0.07265625 0.1421875
8 0.07265625 0.4375 0.0546875 0.2796875
9 0.58984375 0.6359375 0.02265625 0.04453125
9 0.5703125 0.6203125 0.025 0.04453125
9 0.4921875 0.60859375 0.02265625 0.03984375
9 0.4765625 0.6265625 0.02265625 0.04921875
9 0.3984375 0.56875 0.02734375 0.0625
9 0.29765625 0.59296875 0.0296875 0.053125