8 0.87109375 0.434375 0.24765625 0.86171875
8 0.65234375 0.46796875 0.1703125 0.82421875
5 0.49140625 0.52421875 0.02734375 0.06015625
8 0.52734375 0.5359375 0.1796875 0.66640625
8 0.15234375 0.61015625 0.2328125 0.74140625
5 0.2015625 0.63515625 0.0578125 0.10078125
1 0.8828125 0.0671875 0.06015625 0.075
7 0.63515625 0.10078125 0.0953125 0.05234375
1 0.6453125 0.16640625 0.05 0.07890625
7 0.5265625 0.2359375 0.07265625 0.0671875
7 0.18359375 0.25078125 0.0625 0.0671875
5 0.875 0.27890625 0.0296875 0.06328125
5 0.8359375 0.2828125 0.02265625 0.06328125
5 0.6640625 0.28671875 0.0625 0.07109375
1 0.525 0.30546875 0.0546875 0.0859375
1 0.1828125 0.34296875 0.0796875 0.1234375
9 0.89609375 0.840625 0.06484375 0.10078125
9 0.78359375 0.82578125 0.09765625 0.10078125
9 0.6578125 0.809375 0.06484375 0.08203125
9 0.50390625 0.83125 0.08515625 0.1125
9 0.1328125 0.89921875 0.0953125 0.13515625