8 0.09140625 0.41484375 0.1671875 0.7953125
7 0.10234375 0.04453125 0.0703125 0.04609375
8 0.27109375 0.4859375 0.17265625 0.9078125
8 0.5546875 0.4890625 0.16015625 0.7953125
8 0.76015625 0.50859375 0.18515625 0.80546875
8 0.46875 0.56328125 0.15234375 0.675
7 0.25234375 0.07421875 0.06484375 0.06328125
7 0.8140625 0.08125 0.05234375 0.03515625
1 0.1046875 0.0953125 0.0453125 0.078125
7 0.5375 0.109375 0.06484375 0.04921875
1 0.8203125 0.1328125 0.03984375 0.08125
7 0.71484375 0.134375 0.0796875 0.0421875
1 0.2515625 0.1359375 0.0578125 0.10234375
1 0.5453125 0.1625 0.05 0.0921875
1 0.72109375 0.1890625 0.0578125 0.0953125
1 0.60390625 0.2 0.0375 0.053125
7 0.4671875 0.25234375 0.0703125 0.06015625
1 0.46640625 0.30390625 0.05234375 0.08515625
9 0.7375 0.890625 0.0546875 0.08515625
9 0.75859375 0.8234375 0.0453125 0.14140625
9 0.59765625 0.85859375 0.0703125 0.08828125
9 0.53515625 0.84609375 0.05234375 0.09921875
9 0.4796875 0.88515625 0.04765625 0.10625
9 0.43359375 0.853125 0.0546875 0.11640625
9 0.28359375 0.9203125 0.0703125 0.0921875
9 0.22734375 0.8796875 0.0546875 0.10234375
5 0.1453125 0.53515625 0.04765625 0.08125
5 0.3765625 0.50703125 0.0375 0.07421875
5 0.53125 0.60078125 0.0375 0.0671875
5 0.63984375 0.5015625 0.0421875 0.06328125
5 0.84140625 0.50703125 0.0375 0.0703125
5 0.90390625 0.3484375 0.0375 0.04921875