8 0.12890625 0.434375 0.24765625 0.86171875
8 0.34765625 0.46796875 0.1703125 0.82421875
5 0.50859375 0.52421875 0.02734375 0.06015625
8 0.47265625 0.5359375 0.1796875 0.66640625
8 0.84765625 0.61015625 0.2328125 0.74140625
5 0.7984375 0.63515625 0.0578125 0.10078125
1 0.1171875 0.0671875 0.06015625 0.075
7 0.36484375 0.10078125 0.0953125 0.05234375
1 0.3546875 0.16640625 0.05 0.07890625
7 0.4734375 0.2359375 0.07265625 0.0671875
7 0.81640625 0.25078125 0.0625 0.0671875
5 0.125 0.27890625 0.0296875 0.06328125
5 0.1640625 0.2828125 0.02265625 0.06328125
5 0.3359375 0.28671875 0.0625 0.07109375
1 0.475 0.30546875 0.0546875 0.0859375
1 0.8171875 0.34296875 0.0796875 0.1234375
9 0.0984375 0.83125 0.0671875 0.10859375
9 0.2140625 0.81796875 0.1046875 0.10078125
9 0.33984375 0.81484375 0.0703125 0.08203125
9 0.49375 0.83671875 0.075 0.1046875
9 0.86640625 0.9046875 0.07734375 0.12734375