2 0.0921875 0.47578125 0.05 0.09296875
1 0.63984375 0.484375 0.0546875 0.1015625
1 0.2625 0.49765625 0.05 0.1109375
8 0.4984375 0.51328125 0.14765625 0.3625
7 0.8203125 0.05546875 0.0453125 0.084375
7 0.93515625 0.57734375 0.0703125 0.1109375
8 0.13125 0.584375 0.17265625 0.3890625
1 0.4859375 0.0640625 0.0578125 0.075
8 0.6734375 0.6375 0.19765625 0.6015625
1 0.9328125 0.67890625 0.06484375 0.1015625
7 0.1625 0.68125 0.0453125 0.053125
8 0.30625 0.696875 0.1875 0.57109375
7 0.525 0.696875 0.0796875 0.084375
7 0.1171875 0.7546875 0.0703125 0.075
1 0.16484375 0.76328125 0.0546875 0.11953125
8 0.89375 0.78125 0.2125 0.41171875
1 0.5171875 0.80546875 0.06484375 0.09765625
7 0.04609375 0.84296875 0.07265625 0.1109375
1 0.1203125 0.84921875 0.0703125 0.1328125
1 0.5609375 0.90078125 0.07265625 0.128125
1 0.04140625 0.946875 0.07265625 0.08828125
7 0.7484375 0.12421875 0.0625 0.0796875
1 0.82265625 0.12578125 0.0578125 0.08828125
7 0.26015625 0.13046875 0.06015625 0.09296875
7 0.6625 0.13046875 0.06484375 0.06640625
7 0.4859375 0.15234375 0.0921875 0.075
7 0.89375 0.21484375 0.07265625 0.1015625
1 0.74765625 0.2171875 0.06015625 0.11484375
1 0.25859375 0.21875 0.0578125 0.09296875
1 0.48125 0.21875 0.0625 0.09296875
1 0.66015625 0.21875 0.0546875 0.1109375
7 0.0828125 0.24140625 0.0453125 0.0578125
8 0.25859375 0.2453125 0.15 0.3453125
8 0.6484375 0.25234375 0.0921875 0.425
1 0.02109375 0.27890625 0.0328125 0.08828125
1 0.89375 0.31640625 0.0671875 0.1015625
1 0.08359375 0.325 0.0453125 0.10625
7 0.4953125 0.3296875 0.0796875 0.0578125
8 0.4828125 0.33828125 0.21015625 0.43828125
8 0.9078125 0.3515625 0.1703125 0.41171875
8 0.75 0.35390625 0.1203125 0.521875
7 0.1125 0.40234375 0.0796875 0.09765625
7 0.64609375 0.409375 0.0578125 0.11953125
1 0.49765625 0.41171875 0.06015625 0.10625
7 0.28515625 0.4140625 0.075 0.09296875
5 0.925 0.86484375 0.0625 0.084375
5 0.86640625 0.51796875 0.05234375 0.06640625
5 0.62734375 0.62578125 0.04765625 0.075
5 0.7375 0.78984375 0.03984375 0.07109375