1 0.3890625 0.44296875 0.0875 0.1640625
8 0.77890625 0.525 0.2671875 0.94296875
8 0.0953125 0.56953125 0.18515625 0.85390625
8 0.60234375 0.59453125 0.1796875 0.80390625
8 0.33515625 0.6484375 0.28984375 0.69609375
7 0.7109375 0.11640625 0.1125 0.10390625
7 0.0875 0.19296875 0.1546875 0.05703125
7 0.62265625 0.2265625 0.08515625 0.06796875
2 0.70859375 0.24609375 0.0828125 0.15
7 0.38984375 0.26640625 0.125 0.0609375
1 0.1109375 0.2875 0.05234375 0.1390625
2 0.62890625 0.32890625 0.0828125 0.12890625
7 0.36015625 0.34140625 0.13984375 0.05390625
5 0.19609375 0.65703125 0.07265625 0.1109375
5 0.48125 0.75546875 0.0671875 0.0859375
5 0.5125 0.825 0.0578125 0.07109375
5 0.5765625 0.5984375 0.0875 0.125
5 0.5890625 0.6984375 0.0921875 0.07890625