5 0.35234375 0.40703125 0.03984375 0.0671875
8 0.91015625 0.4984375 0.175 0.99609375
8 0.3234375 0.56171875 0.1625 0.80234375
8 0.52734375 0.5859375 0.18515625 0.82109375
5 0.8484375 0.6546875 0.07265625 0.16015625
1 0.90390625 0.11171875 0.07265625 0.171875
7 0.38515625 0.18125 0.06015625 0.10078125
7 0.47890625 0.23515625 0.0671875 0.075
1 0.37265625 0.25 0.0453125 0.075
1 0.89375 0.29453125 0.0125 0.0296875
1 0.48125 0.296875 0.0375 0.05625
9 0.3578125 0.91640625 0.07265625 0.0859375
9 0.51640625 0.95859375 0.0953125 0.08203125