8 0.6046875 0.5421875 0.28515625 0.9046875
8 0.1328125 0.57734375 0.26015625 0.83515625
8 0.875 0.58515625 0.2 0.8203125
5 0.40390625 0.6375 0.0671875 0.0953125
5 0.8734375 0.8828125 0.0671875 0.0953125
7 0.6125 0.11015625 0.0796875 0.1
7 0.1671875 0.1921875 0.0546875 0.0953125
7 0.8828125 0.2125 0.08515625 0.1046875
1 0.6 0.2203125 0.075 0.15
1 0.16015625 0.3078125 0.0703125 0.1546875
1 0.86484375 0.32734375 0.0453125 0.1453125
5 0.04140625 0.37265625 0.0671875 0.125
3 0.5875 0.18515625 0.05234375 0.05