7 0.66171875 0.2578125 0.096875 0.0296875
7 0.21171875 0.2828125 0.08984375 0.03515625
1 0.671875 0.3125 0.096875 0.0703125
1 0.1984375 0.3390625 0.0765625 0.0625
7 0.55859375 0.3984375 0.08359375 0.0421875
1 0.56171875 0.4515625 0.08359375 0.0625
8 0.7296875 0.57265625 0.31328125 0.7453125
8 0.21796875 0.60625 0.3296875 0.7328125
8 0.55 0.6703125 0.253125 0.6
3 0.66640625 0.2921875 0.1 0.0328125
9 0.171875 0.925 0.103125 0.0796875
9 0.24296875 0.88984375 0.08671875 0.1125
9 0.4484375 0.92890625 0.11328125 0.07734375
9 0.56796875 0.92734375 0.06640625 0.0625
9 0.675 0.93125 0.09296875 0.075
9 0.75 0.88359375 0.08359375 0.1203125