2 0.71875 0.29140625 0.02265625 0.02734375
2 0.159375 0.39765625 0.0484375 0.0453125
2 0.28671875 0.40390625 0.03359375 0.0375
2 0.2359375 0.41015625 0.0375 0.03984375
2 0.0453125 0.4140625 0.0453125 0.05234375
2 0.2 0.4140625 0.03359375 0.0421875
2 0.1046875 0.4296875 0.0671875 0.05
8 0.5375 0.5046875 0.43046875 0.8703125
7 0.509375 0.0921875 0.08984375 0.05
1 0.51875 0.1515625 0.0859375 0.07734375
5 0.3671875 0.525 0.075 0.06484375
5 0.67265625 0.5265625 0.0671875 0.0703125
5 0.14609375 0.4859375 0.07890625 0.05
5 0.01875 0.4578125 0.0375 0.04765625
7 0.0390625 0.36640625 0.078125 0.0546875
7 0.14765625 0.3625 0.08984375 0.03984375
7 0.11640625 0.39609375 0.07890625 0.0421875