1 0.6109375 0.44296875 0.0875 0.1640625
8 0.22109375 0.525 0.2671875 0.94296875
8 0.9046875 0.56953125 0.18515625 0.85390625
8 0.39765625 0.59453125 0.1796875 0.80390625
8 0.66484375 0.6484375 0.28984375 0.69609375
7 0.2890625 0.11640625 0.1125 0.10390625
7 0.9234375 0.1765625 0.1328125 0.0890625
7 0.37734375 0.2265625 0.08515625 0.06796875
2 0.29140625 0.24609375 0.0828125 0.15
1 0.8890625 0.2875 0.05234375 0.1390625
2 0.37109375 0.32890625 0.0828125 0.12890625
7 0.63984375 0.325 0.13984375 0.0859375
5 0.4265625 0.59609375 0.0828125 0.1109375
5 0.4875 0.8265625 0.06484375 0.0859375
5 0.51484375 0.75390625 0.0703125 0.0890625