1 0.3890625 0.44296875 0.0875 0.1640625
8 0.7796875 0.5265625 0.26484375 0.94609375
8 0.09375 0.57109375 0.1875 0.85703125
8 0.60390625 0.59609375 0.17734375 0.80703125
8 0.3359375 0.65 0.2875 0.7
7 0.7109375 0.11640625 0.1125 0.10390625
7 0.0875 0.19296875 0.1546875 0.05703125
7 0.62265625 0.2265625 0.08515625 0.06796875
2 0.70859375 0.24609375 0.0828125 0.15
7 0.38984375 0.26640625 0.125 0.0609375
1 0.1109375 0.2875 0.05234375 0.1390625
2 0.62890625 0.32890625 0.0828125 0.12890625
7 0.36015625 0.34140625 0.13984375 0.05390625
5 0.5765625 0.59453125 0.0875 0.1
5 0.48125 0.7609375 0.0703125 0.0859375
5 0.19140625 0.6625 0.0703125 0.1
5 0.5140625 0.8265625 0.0625 0.0859375
5 0.5703125 0.6875 0.0703125 0.08203125