1 0.85234375 0.446875 0.16484375 0.25
8 0.06015625 0.49765625 0.1203125 0.77578125
7 0.44140625 0.05078125 0.1125 0.0890625
8 0.81953125 0.54453125 0.3609375 0.9109375
5 0.125 0.5484375 0.0296875 0.08046875
1 0.3546875 0.58671875 0.1953125 0.30078125
8 0.3984375 0.59296875 0.4125 0.81328125
5 0.0421875 0.671875 0.06015625 0.0890625
2 0.68984375 0.09296875 0.05 0.0765625
7 0.25859375 0.12109375 0.0671875 0.071875
2 0.4421875 0.15234375 0.08515625 0.14375
7 0.125 0.15703125 0.0546875 0.084375
7 0.02109375 0.165625 0.0421875 0.02578125
1 0.25234375 0.2078125 0.06484375 0.1015625
7 0.86875 0.2078125 0.20234375 0.2203125
2 0.02109375 0.23515625 0.0421875 0.09765625
8 0.68984375 0.2625 0.16015625 0.5
7 0.35625 0.2921875 0.2078125 0.203125
7 0.6859375 0.03359375 0.05234375 0.03359375
8 0.4796875 0.3515625 0.21015625 0.703125
8 0.1609375 0.4109375 0.12734375 0.6609375
3 0.4390625 0.12890625 0.0875 0.06328125