1 0.5046875 0.46328125 0.0203125 0.06015625
1 0.55859375 0.47265625 0.02734375 0.04140625
7 0.25 0.47265625 0.13984375 0.1796875
1 0.9546875 0.48359375 0.0203125 0.04609375
8 0.06640625 0.4859375 0.09765625 0.3734375
1 0.4640625 0.49765625 0.0328125 0.06484375
1 0.77109375 0.5 0.0328125 0.06875
1 0.35859375 0.50234375 0.0421875 0.06484375
1 0.66640625 0.509375 0.02734375 0.04140625
1 0.81875 0.525 0.0578125 0.11953125
7 0.4984375 0.5390625 0.0875 0.0734375
1 0.8671875 0.54609375 0.03515625 0.06875
1 0.9265625 0.59453125 0.0171875 0.03671875
7 0.6765625 0.596875 0.07734375 0.0875
1 0.4765625 0.61953125 0.0421875 0.13359375
1 0.5796875 0.64296875 0.0296875 0.05078125
1 0.6796875 0.675 0.06015625 0.10625
1 0.22265625 0.69140625 0.1296875 0.24921875
8 0.25546875 0.70234375 0.2453125 0.5953125
8 0.82734375 0.7234375 0.1953125 0.553125
8 0.49609375 0.74609375 0.1703125 0.5078125
8 0.66484375 0.7875 0.1515625 0.425
1 0.33515625 0.32734375 0.01484375 0.02734375
1 0.32265625 0.36640625 0.01484375 0.03203125
1 0.5359375 0.3734375 0.0171875 0.03671875
1 0.57890625 0.378125 0.02265625 0.03671875
1 0.6421875 0.4078125 0.01484375 0.03203125
1 0.9375 0.41015625 0.01484375 0.02734375
1 0.9078125 0.41484375 0.01484375 0.02734375
1 0.03984375 0.41484375 0.03984375 0.0921875
1 0.95390625 0.4171875 0.0125 0.02265625
1 0.8609375 0.421875 0.0171875 0.03203125
1 0.88359375 0.42421875 0.02265625 0.03671875
1 0.7046875 0.43125 0.025 0.05078125
1 0.4234375 0.4328125 0.02265625 0.03671875
7 0.76640625 0.43515625 0.04765625 0.05078125
1 0.68125 0.44921875 0.0171875 0.03203125
1 0.12734375 0.44921875 0.025 0.05078125
7 0.81875 0.44921875 0.05234375 0.06875
8 0.6390625 0.4515625 0.0625 0.184375
3 0.18359375 0.64296875 0.0875 0.12890625