8 0.86015625 0.53046875 0.1046875 0.5328125
8 0.14609375 0.5515625 0.15234375 0.896875
8 0.44609375 0.5578125 0.19765625 0.73203125
7 0.1046875 0.13046875 0.06484375 0.084375
7 0.7546875 0.16875 0.05 0.05390625
7 0.46015625 0.1765625 0.0546875 0.03828125
1 0.0953125 0.2046875 0.0453125 0.09609375
1 0.74609375 0.20703125 0.0328125 0.0609375
7 0.39140625 0.2296875 0.04765625 0.1
1 0.45 0.25078125 0.0453125 0.08046875
7 0.85625 0.26640625 0.04765625 0.0578125
1 0.8546875 0.340625 0.0453125 0.06875
8 0.74140625 0.3640625 0.1171875 0.37578125
9 0.5984375 0.83125 0.06015625 0.11875
9 0.45390625 0.88125 0.08984375 0.08828125
9 0.30390625 0.915625 0.0625 0.14921875
9 0.11484375 0.95 0.11015625 0.09609375
5 0.3921875 0.48828125 0.03515625 0.0578125
5 0.10390625 0.58046875 0.03515625 0.0609375