1 0.70859375 0.3859375 0.07734375 0.15703125
4 0.54765625 0.39140625 0.075 0.13828125
7 0.44140625 0.4234375 0.1078125 0.09765625
8 0.1265625 0.51484375 0.2125 0.9625
8 0.36015625 0.5296875 0.225 0.86484375
8 0.78984375 0.546875 0.31015625 0.89921875
1 0.4546875 0.5578125 0.1 0.1796875
4 0.58984375 0.6328125 0.1046875 0.15
8 0.425 0.69453125 0.2796875 0.603125
7 0.19765625 0.07109375 0.1203125 0.08984375
4 0.8109375 0.76953125 0.12265625 0.11640625
4 0.88984375 0.82734375 0.0796875 0.15
4 0.62109375 0.89921875 0.1171875 0.1125
5 0.4578125 0.94921875 0.08984375 0.09375
5 0.5 0.95703125 0.06015625 0.07890625
1 0.3546875 0.11796875 0.0703125 0.10078125
7 0.5171875 0.13671875 0.0796875 0.10859375
7 0.84375 0.140625 0.1125 0.10078125
1 0.29765625 0.1609375 0.05 0.08203125
1 0.18984375 0.2 0.0703125 0.13125
7 0.7125 0.2078125 0.11015625 0.1234375
1 0.51640625 0.25859375 0.0671875 0.11953125
1 0.4203125 0.271875 0.0953125 0.16875
7 0.3578125 0.03203125 0.1 0.05625
1 0.8421875 0.303125 0.08515625 0.15703125