1 0.6703125 0.4625 0.08515625 0.15078125
8 0.33984375 0.515625 0.36484375 0.96875
8 0.16484375 0.60234375 0.16484375 0.7953125
8 0.58359375 0.61953125 0.2390625 0.7609375
8 0.79609375 0.65546875 0.3375 0.6890625
7 0.36640625 0.13984375 0.0875 0.06640625
7 0.0453125 0.23984375 0.075 0.07109375
7 0.20234375 0.2640625 0.0796875 0.084375
1 0.36875 0.284375 0.0921875 0.1953125
7 0.55 0.31328125 0.0703125 0.084375
1 0.0296875 0.34453125 0.05 0.15546875
7 0.6671875 0.35078125 0.0796875 0.10703125
1 0.20234375 0.3734375 0.0796875 0.15078125
1 0.5609375 0.43359375 0.0828125 0.1734375