7 0.159375 0.58359375 0.10859375 0.0328125
7 0.425 0.5875 0.07890625 0.025
7 0.84296875 0.59140625 0.05234375 0.02734375
1 0.14453125 0.6109375 0.06328125 0.0421875
1 0.42890625 0.6140625 0.05625 0.0421875
1 0.840625 0.625 0.0484375 0.03515625
2 0.2921875 0.675 0.0296875 0.0296875
8 0.12578125 0.7703125 0.1984375 0.43984375
8 0.82734375 0.7703125 0.23203125 0.4203125
8 0.42109375 0.77265625 0.20625 0.41484375
9 0.88359375 0.94765625 0.05625 0.0546875
9 0.83515625 0.9515625 0.06015625 0.04765625
9 0.41171875 0.9671875 0.07109375 0.06484375
9 0.19296875 0.9734375 0.075 0.0453125
9 0.09921875 0.96875 0.06015625 0.05