2 0.2859375 0.2921875 0.0296875 0.0484375
2 0.728125 0.3078125 0.046875 0.0515625
1 0.21796875 0.38671875 0.046875 0.05
7 0.21171875 0.32734375 0.046875 0.0765625
7 0.29296875 0.24296875 0.04375 0.040625
7 0.725 0.22578125 0.0578125 0.0546875
7 0.84296875 0.528125 0.1015625 0.13125
5 0.184375 0.6265625 0.0390625 0.05
5 0.309375 0.65703125 0.0359375 0.0671875
5 0.6984375 0.53828125 0.0390625 0.0484375
5 0.7703125 0.54609375 0.0484375 0.046875
8 0.2671875 0.57421875 0.196875 0.5578125
8 0.33125 0.43671875 0.1453125 0.4234375
5 0.3765625 0.37265625 0.0484375 0.0421875
8 0.7515625 0.38828125 0.14375 0.378125
8 0.8234375 0.7265625 0.2765625 0.546875