2 0.7140625 0.2921875 0.0296875 0.0484375
2 0.271875 0.3078125 0.046875 0.0515625
1 0.78203125 0.38671875 0.046875 0.05
7 0.78828125 0.32734375 0.046875 0.0765625
7 0.70703125 0.24296875 0.04375 0.040625
7 0.275 0.22578125 0.0578125 0.0546875
7 0.15703125 0.528125 0.1015625 0.13125
5 0.815625 0.6265625 0.0390625 0.05
5 0.690625 0.65703125 0.0359375 0.0671875
5 0.3015625 0.53828125 0.0390625 0.0484375
5 0.2296875 0.54609375 0.0484375 0.046875
8 0.7328125 0.57421875 0.196875 0.5578125
8 0.66875 0.43671875 0.1453125 0.4234375
5 0.6234375 0.37265625 0.0484375 0.0421875
8 0.2484375 0.38828125 0.14375 0.378125
8 0.1765625 0.7265625 0.2765625 0.546875