2 0.6953125 0.475 0.096875 0.2203125
2 0.4921875 0.51484375 0.06328125 0.234375
2 0.23359375 0.52578125 0.09296875 0.15078125
8 0.2375 0.596875 0.2796875 0.7953125
8 0.77734375 0.59765625 0.29921875 0.8046875
8 0.5125 0.63671875 0.25 0.7265625
5 0.25625 0.6453125 0.078125 0.2015625
10 0.7625 0.76875 0.2609375 0.4625
10 0.21953125 0.7890625 0.2 0.421875
10 0.51015625 0.7890625 0.2 0.421875
6 0.715625 0.29453125 0.17109375 0.23984375
6 0.20078125 0.33515625 0.178125 0.20859375
6 0.52109375 0.37890625 0.14140625 0.25
3 0.234375 0.48828125 0.07109375 0.1