6 0.28359375 0.3140625 0.0234375 0.0234375
6 0.42421875 0.19453125 0.01796875 0.021875
6 0.64921875 0.3421875 0.01953125 0.01875
6 0.928125 0.60078125 0.025 0.03671875
6 0.509375 0.34765625 0.01796875 0.0203125
6 0.54296875 0.37421875 0.0140625 0.01484375
6 0.5765625 0.36328125 0.01796875 0.0265625
6 0.528125 0.365625 0.01640625 0.025
8 0.284375 0.375 0.05625 0.16015625
8 0.42890625 0.26796875 0.04453125 0.1703125
8 0.50078125 0.39453125 0.02890625 0.12578125
8 0.57421875 0.41875 0.03515625 0.13359375
8 0.52421875 0.42265625 0.02421875 0.13359375
8 0.546875 0.4328125 0.01875 0.140625
8 0.65625 0.41328125 0.04453125 0.1671875
8 0.92578125 0.67265625 0.0515625 0.19921875