7 0.76875 0.465625 0.05859375 0.06640625
7 0.62578125 0.4953125 0.053125 0.0515625
7 0.41640625 0.50859375 0.0265625 0.025
7 0.55625 0.51640625 0.02578125 0.028125
6 0.4859375 0.52265625 0.03125 0.0515625
2 0.7734375 0.53046875 0.05703125 0.0859375
2 0.415625 0.5328125 0.01953125 0.040625
6 0.9109375 0.534375 0.06875 0.06796875
2 0.55625 0.54375 0.02265625 0.034375
2 0.61875 0.55703125 0.05390625 0.1
2 0.4859375 0.559375 0.0203125 0.040625
8 0.5484375 0.58203125 0.0453125 0.1390625
5 0.47421875 0.5921875 0.0203125 0.0375
2 0.91328125 0.5984375 0.046875 0.071875
8 0.48359375 0.665625 0.053125 0.321875
5 0.4078125 0.665625 0.01875 0.0375
8 0.41640625 0.66875 0.065625 0.3515625
8 0.8796875 0.6859375 0.09609375 0.453125
8 0.75703125 0.7203125 0.1171875 0.559375
8 0.60703125 0.73984375 0.0953125 0.5203125
8 0.9078125 0.74609375 0.08984375 0.49140625
5 0.8125 0.91171875 0.03125 0.07109375
5 0.89375 0.9171875 0.03125 0.0765625
5 0.72109375 0.959375 0.0390625 0.08046875
5 0.5640625 0.9765625 0.0578125 0.046875
9 0.3921875 0.815625 0.0234375 0.05390625
9 0.428125 0.828125 0.03203125 0.05390625
9 0.45078125 0.8 0.021875 0.05703125
9 0.49296875 0.834375 0.03828125 0.0515625
3 0.625 0.540625 0.05234375 0.04140625