6 0.5671875 0.396875 0.01484375 0.0203125
6 0.62421875 0.40390625 0.0171875 0.01796875
6 0.5109375 0.421875 0.0171875 0.02109375
8 0.565625 0.43046875 0.02734375 0.08984375
6 0.55859375 0.44296875 0.01640625 0.0203125
6 0.6171875 0.45625 0.01484375 0.0203125
8 0.63125 0.46484375 0.02421875 0.15546875
8 0.503125 0.49140625 0.04765625 0.16875
8 0.55703125 0.51875 0.03125 0.16875
8 0.6125 0.52265625 0.03671875 0.153125
5 0.559375 0.5265625 0.0109375 0.01796875
9 0.54453125 0.590625 0.01875 0.025
9 0.5109375 0.56015625 0.01328125 0.02109375
9 0.490625 0.55625 0.01640625 0.02421875
9 0.5703125 0.58203125 0.01328125 0.02421875
9 0.60546875 0.5859375 0.01171875 0.01953125
9 0.615625 0.59375 0.01171875 0.028125
9 0.634375 0.53671875 0.01484375 0.02109375