8 0.45078125 0.70234375 0.1609375 0.59453125
8 0.58515625 0.70390625 0.1140625 0.5921875
8 0.7078125 0.70234375 0.14375 0.59453125
6 0.58203125 0.44765625 0.084375 0.07890625
6 0.67890625 0.4484375 0.1 0.084375
6 0.48515625 0.45 0.0890625 0.084375
2 0.58125 0.50390625 0.05234375 0.075
2 0.6703125 0.515625 0.059375 0.071875
10 0.45703125 0.671875 0.13984375 0.271875
10 0.59453125 0.6890625 0.13671875 0.271875
10 0.70390625 0.69453125 0.13203125 0.309375
5 0.38125 0.8125 0.05625 0.0890625
5 0.7390625 0.88828125 0.05390625 0.10390625
3 0.6703125 0.50234375 0.0609375 0.034375
3 0.58203125 0.4890625 0.06171875 0.0375
3 0.48671875 0.49296875 0.05625 0.034375
2 0.4859375 0.50234375 0.04375 0.065625