8 0.303125 0.7484375 0.0515625 0.0515625
6 0.78046875 0.07734375 0.0109375 0.0125
8 0.78515625 0.1078125 0.04296875 0.0796875
6 0.71484375 0.190625 0.009375 0.009375
8 0.71796875 0.22734375 0.0203125 0.084375
6 0.57421875 0.19921875 0.01015625 0.01171875
8 0.575 0.21796875 0.02109375 0.04921875
6 0.5265625 0.23515625 0.0109375 0.0109375
6 0.525 0.22578125 0.01171875 0.009375
8 0.5234375 0.2359375 0.02109375 0.028125
6 0.34453125 0.16015625 0.00546875 0.0078125
6 0.3078125 0.1609375 0.00625 0.00859375
8 0.3453125 0.17890625 0.01328125 0.04609375
8 0.3078125 0.178125 0.01328125 0.04609375