2 0.85 0.190625 0.06640625 0.09453125
2 0.7125 0.22421875 0.065625 0.10390625
2 0.20703125 0.23125 0.05078125 0.10546875
7 0.3640625 0.2328125 0.0765625 0.0546875
2 0.3671875 0.30703125 0.065625 0.0984375
6 0.60703125 0.43828125 0.0921875 0.13828125
10 0.18359375 0.47109375 0.15234375 0.378125
10 0.7125 0.47890625 0.17578125 0.3984375
8 0.54296875 0.52109375 0.21640625 0.9578125
8 0.7265625 0.5390625 0.16640625 0.921875
8 0.88046875 0.540625 0.15859375 0.91796875
5 0.58984375 0.5421875 0.06015625 0.090625
8 0.17578125 0.56171875 0.1703125 0.87265625
7 0.52734375 0.0609375 0.07421875 0.06328125
8 0.35 0.6109375 0.17109375 0.77109375
5 0.84609375 0.61796875 0.0453125 0.0796875
5 0.334375 0.6515625 0.04921875 0.06328125
5 0.4359375 0.6546875 0.05078125 0.11640625
5 0.73828125 0.68515625 0.0390625 0.0875
5 0.41640625 0.721875 0.0359375 0.06875
7 0.8625 0.1015625 0.06796875 0.065625
6 0.71640625 0.121875 0.08671875 0.1015625
7 0.2078125 0.1421875 0.06875 0.08359375
2 0.5296875 0.1484375 0.078125 0.10390625