6 0.3109375 0.58671875 0.01796875 0.02578125
6 0.40078125 0.7234375 0.02578125 0.0171875
6 0.23203125 0.67890625 0.015625 0.0203125
6 0.34375 0.78203125 0.03125 0.02578125
6 0.1703125 0.41953125 0.01796875 0.0140625
6 0.2484375 0.32890625 0.01796875 0.0171875
6 0.2890625 0.32578125 0.015625 0.0171875
8 0.16171875 0.43359375 0.05703125 0.078125
8 0.25 0.3671875 0.03671875 0.10625
8 0.2890625 0.36171875 0.03671875 0.10078125
8 0.22109375 0.72890625 0.0625 0.12109375
8 0.34609375 0.83125 0.06796875 0.11796875