6 0.6515625 0.41328125 0.034375 0.0484375
6 0.74609375 0.43984375 0.03203125 0.05390625
2 0.65234375 0.4515625 0.02578125 0.040625
2 0.7453125 0.4796875 0.02421875 0.04453125
10 0.65390625 0.540625 0.07265625 0.15546875
10 0.74609375 0.56640625 0.06171875 0.140625
5 0.66875 0.59609375 0.025 0.0515625
8 0.65234375 0.625 0.06875 0.471875
8 0.75078125 0.63671875 0.07265625 0.4484375
5 0.61953125 0.6390625 0.0125 0.03671875
5 0.70859375 0.65546875 0.0125 0.03671875
5 0.77578125 0.6765625 0.02265625 0.04609375