6 0.90546875 0.2828125 0.090625 0.084375
6 0.37265625 0.3453125 0.07109375 0.07734375
2 0.896875 0.35234375 0.05546875 0.0828125
6 0.63203125 0.3640625 0.07890625 0.109375
2 0.37421875 0.415625 0.0640625 0.075
6 0.125 0.453125 0.09375 0.084375
2 0.146875 0.515625 0.06015625 0.08125
8 0.865625 0.5484375 0.225 0.61171875
8 0.38671875 0.55390625 0.16640625 0.453125
8 0.61796875 0.575 0.17734375 0.54140625
5 0.7578125 0.64453125 0.0390625 0.1234375
8 0.15234375 0.646875 0.15234375 0.47578125
5 0.81015625 0.72421875 0.06640625 0.0984375
5 0.584375 0.73125 0.05234375 0.134375
4 0.43984375 0.7375 0.06796875 0.096875
3 0.89609375 0.3390625 0.05625 0.0375
3 0.37265625 0.39921875 0.06171875 0.0421875
2 0.64453125 0.42578125 0.03828125 0.0546875