6 0.3828125 0.47421875 0.040625 0.04609375
6 0.5484375 0.5 0.040625 0.03984375
6 0.290625 0.5015625 0.04609375 0.0375
6 0.64921875 0.50546875 0.03671875 0.03984375
2 0.384375 0.51796875 0.03125 0.046875
6 0.471875 0.53203125 0.04296875 0.03828125
2 0.54375 0.534375 0.040625 0.04609375
2 0.29296875 0.5375 0.03125 0.05859375
2 0.65078125 0.540625 0.03828125 0.04140625
2 0.46953125 0.56875 0.03203125 0.034375
10 0.3828125 0.6015625 0.0890625 0.1484375
10 0.65078125 0.61953125 0.08125 0.13828125
10 0.28203125 0.64609375 0.0859375 0.17265625
10 0.465625 0.65625 0.065625 0.15
5 0.6078125 0.67890625 0.03671875 0.04453125
5 0.5203125 0.6828125 0.02265625 0.0484375
5 0.6828125 0.690625 0.02109375 0.046875
8 0.37578125 0.6921875 0.09765625 0.47578125
8 0.65546875 0.69453125 0.12734375 0.4171875
8 0.559375 0.69609375 0.115625 0.4359375
8 0.28046875 0.7140625 0.0875 0.4703125
8 0.4671875 0.7171875 0.07734375 0.41171875
5 0.57734375 0.72109375 0.0203125 0.0375
5 0.50078125 0.728125 0.0234375 0.03828125
5 0.3265625 0.73125 0.025 0.03984375
5 0.44140625 0.73125 0.0234375 0.04296875
5 0.24453125 0.73984375 0.0234375 0.04296875
9 0.253125 0.92578125 0.03828125 0.0625
9 0.303125 0.92890625 0.03828125 0.065625
9 0.340625 0.909375 0.03671875 0.0640625
9 0.3921875 0.89375 0.04296875 0.05
9 0.45625 0.90234375 0.04375 0.046875
9 0.471875 0.89375 0.0375 0.04453125
9 0.53671875 0.88828125 0.02890625 0.0484375
9 0.59140625 0.8953125 0.04921875 0.046875
9 0.67421875 0.8859375 0.03671875 0.065625
9 0.63046875 0.878125 0.034375 0.04453125
3 0.5484375 0.51953125 0.03359375 0.0296875
3 0.290625 0.52265625 0.03515625 0.02578125
3 0.38359375 0.49921875 0.034375 0.02109375