6 0.09375 0.14375 0.0609375 0.07109375
6 0.9328125 0.1859375 0.04375 0.103125
2 0.09140625 0.2046875 0.04765625 0.0765625
6 0.69921875 0.23515625 0.05 0.0953125
10 0.88203125 0.29765625 0.11875 0.23203125
10 0.6125 0.3046875 0.1203125 0.159375
8 0.63671875 0.3078125 0.1765625 0.24921875
8 0.88671875 0.353125 0.1359375 0.43828125
10 0.0875 0.3640625 0.109375 0.27890625
4 0.22109375 0.38203125 0.05703125 0.10390625
5 0.840625 0.40078125 0.034375 0.06953125
5 0.91015625 0.4015625 0.0359375 0.06171875
8 0.08515625 0.41640625 0.1515625 0.6359375
6 0.33515625 0.45078125 0.040625 0.096875
8 0.2921875 0.62734375 0.15 0.44453125
10 0.29921875 0.725 0.1421875 0.36171875