6 0.0109375 0.1453125 0.01875 0.03203125
6 0.365625 0.25546875 0.028125 0.03828125
6 0.40390625 0.21171875 0.02421875 0.03203125
6 0.60625 0.278125 0.04375 0.04296875
6 0.59609375 0.3578125 0.03203125 0.04765625
6 0.678125 0.3703125 0.04375 0.0546875
6 0.5921875 0.40234375 0.0375 0.0546875
6 0.81484375 0.66484375 0.03203125 0.0703125
6 0.76640625 0.64921875 0.0375 0.05234375
6 0.4890625 0.72734375 0.03984375 0.07734375
6 0.33359375 0.384375 0.03203125 0.05
6 0.08515625 0.5203125 0.0375 0.06328125
8 0.0203125 0.23671875 0.03828125 0.17734375
8 0.41953125 0.37734375 0.0625 0.359375
8 0.32578125 0.55234375 0.06015625 0.37265625
8 0.22265625 0.61484375 0.06953125 0.34765625
8 0.11796875 0.69921875 0.084375 0.23828125
8 0.49375 0.37421875 0.07578125 0.19765625
8 0.46328125 0.78671875 0.13203125 0.2
8 0.7515625 0.73671875 0.1 0.2453125
8 0.86640625 0.73046875 0.128125 0.21171875
8 0.58984375 0.5953125 0.084375 0.440625
8 0.6765625 0.4453125 0.08125 0.2046875
8 0.62265625 0.35234375 0.0640625 0.18203125
8 0.07421875 0.57734375 0.06015625 0.1453125
6 0.52421875 0.28671875 0.02109375 0.02265625
5 0.5171875 0.85078125 0.0265625 0.040625
9 0.61171875 0.77578125 0.04375 0.03828125
9 0.565625 0.78671875 0.03359375 0.0453125
9 0.43828125 0.5328125 0.0203125 0.05234375
9 0.40703125 0.53515625 0.0359375 0.04296875
9 0.34140625 0.71015625 0.028125 0.04296875
9 0.31640625 0.70703125 0.03046875 0.040625
9 0.184375 0.775 0.03359375 0.03203125