6 0.54140625 0.36484375 0.03046875 0.02578125
6 0.78359375 0.3796875 0.06171875 0.04296875
2 0.534375 0.38515625 0.02109375 0.02734375
6 0.6078125 0.4015625 0.05703125 0.05390625
6 0.3625 0.403125 0.0328125 0.03203125
7 0.50546875 0.41171875 0.04453125 0.03203125
2 0.7703125 0.4234375 0.03203125 0.0484375
2 0.36953125 0.4328125 0.03359375 0.04140625
2 0.5921875 0.43828125 0.0296875 0.04609375
2 0.5015625 0.44453125 0.02890625 0.03984375
8 0.5453125 0.49140625 0.05 0.30078125
8 0.36953125 0.55546875 0.0671875 0.33984375
5 0.33046875 0.56953125 0.025 0.03359375
5 0.4015625 0.57265625 0.0234375 0.03046875
8 0.51328125 0.57421875 0.05859375 0.340625
8 0.78671875 0.57421875 0.08671875 0.4390625
8 0.6125 0.58984375 0.0734375 0.42421875
5 0.534375 0.6015625 0.01875 0.04296875
5 0.62578125 0.621875 0.0296875 0.0484375
5 0.796875 0.621875 0.025 0.03828125
9 0.6265625 0.78359375 0.0453125 0.0578125
9 0.59609375 0.76484375 0.0484375 0.04296875
9 0.75703125 0.78125 0.04296875 0.03046875
9 0.7875 0.79453125 0.04453125 0.03515625