6 0.41171875 0.153125 0.0703125 0.07109375
6 0.2625 0.1796875 0.06484375 0.08125
2 0.41171875 0.20546875 0.0546875 0.07109375
2 0.2609375 0.23125 0.04453125 0.06484375
10 0.24921875 0.3375 0.1265625 0.17734375
10 0.42109375 0.33984375 0.1390625 0.2078125
8 0.41328125 0.403125 0.1671875 0.57109375
8 0.22578125 0.41015625 0.2 0.54765625
5 0.38359375 0.434375 0.05234375 0.05859375
5 0.2359375 0.4359375 0.0421875 0.05
9 0.13359375 0.67109375 0.08984375 0.07109375
9 0.26640625 0.6734375 0.09765625 0.09765625
9 0.38046875 0.68671875 0.0484375 0.0984375
9 0.23046875 0.6765625 0.0515625 0.10234375