7 0.478125 0.26171875 0.0765625 0.04921875
7 0.828125 0.28125 0.08828125 0.0671875
7 0.62890625 0.2921875 0.0625 0.06796875
2 0.49765625 0.334375 0.05859375 0.10234375
2 0.825 0.34921875 0.065625 0.078125
2 0.61875 0.3640625 0.0578125 0.0875
7 0.84140625 0.40078125 0.06796875 0.0578125
8 0.46875 0.45625 0.1609375 0.4203125
8 0.8265625 0.4984375 0.1921875 0.47578125
8 0.628125 0.52421875 0.1546875 0.49453125
10 0.81875 0.52734375 0.17109375 0.29609375
5 0.634375 0.5296875 0.046875 0.0703125
10 0.465625 0.53046875 0.1234375 0.27265625
5 0.809375 0.53984375 0.04140625 0.0734375
10 0.621875 0.54609375 0.14140625 0.309375
8 0.88046875 0.61953125 0.140625 0.48515625
5 0.5515625 0.66875 0.04765625 0.053125
10 0.884375 0.690625 0.14609375 0.3015625
5 0.73984375 0.7 0.04453125 0.06796875