6 0.68046875 0.19453125 0.13203125 0.053125
2 0.67734375 0.24453125 0.0984375 0.06328125
6 0.38125 0.29609375 0.16875 0.07265625
2 0.41796875 0.34296875 0.075 0.053125
5 0.6828125 0.47109375 0.071875 0.05703125
8 0.69296875 0.496875 0.2265625 0.625
5 0.83828125 0.4984375 0.06328125 0.05859375
8 0.28515625 0.534375 0.4640625 0.5578125
5 0.1578125 0.55078125 0.1109375 0.05
5 0.33046875 0.60234375 0.08359375 0.06640625
9 0.096875 0.7875 0.1125 0.07265625
9 0.45078125 0.7828125 0.16953125 0.065625
9 0.77109375 0.75703125 0.15703125 0.05859375
9 0.6703125 0.7703125 0.09375 0.0578125