6 0.35625 0.40078125 0.0390625 0.04140625
6 0.30390625 0.471875 0.03125 0.03671875
6 0.4921875 0.4109375 0.040625 0.05
6 0.3828125 0.46484375 0.0234375 0.021875
6 0.4640625 0.42890625 0.0203125 0.0296875
6 0.559375 0.5046875 0.02421875 0.028125
6 0.60234375 0.471875 0.03515625 0.03671875
6 0.6421875 0.45625 0.0328125 0.03984375
6 0.70078125 0.403125 0.03984375 0.0484375
8 0.35859375 0.62578125 0.08984375 0.490625
8 0.4953125 0.64140625 0.0875 0.49921875
8 0.55546875 0.65 0.04609375 0.31875
8 0.70625 0.61953125 0.1015625 0.46953125
8 0.6265625 0.640625 0.06953125 0.40859375
8 0.2953125 0.646875 0.0625 0.38359375
8 0.425 0.6546875 0.03515625 0.3140625
10 0.2875 0.5984375 0.065625 0.15390625
10 0.34921875 0.55625 0.09453125 0.18515625
10 0.4921875 0.56875 0.0953125 0.2015625
10 0.58671875 0.58984375 0.03828125 0.1453125
10 0.6296875 0.57890625 0.05859375 0.1703125
10 0.6953125 0.54921875 0.09765625 0.190625
9 0.34140625 0.85390625 0.0359375 0.04296875
9 0.36875 0.83671875 0.02421875 0.04375
9 0.50703125 0.85234375 0.0296875 0.06875
9 0.559375 0.78984375 0.01953125 0.028125