2 0.1546875 0.2140625 0.0734375 0.0875
6 0.8359375 0.2359375 0.10859375 0.11953125
6 0.5578125 0.26796875 0.0984375 0.1
2 0.8328125 0.32734375 0.08515625 0.0890625
2 0.5578125 0.33203125 0.06484375 0.06875
10 0.14921875 0.3984375 0.2984375 0.26171875
10 0.859375 0.4453125 0.2453125 0.2453125
4 0.11640625 0.45859375 0.0734375 0.078125
10 0.56171875 0.46484375 0.26015625 0.2359375
4 0.23359375 0.4765625 0.06640625 0.07421875
8 0.16171875 0.4984375 0.296875 0.81875
8 0.85546875 0.575 0.28828125 0.80234375
8 0.5640625 0.596875 0.275 0.7515625
4 0.6578125 0.63828125 0.0515625 0.08515625
6 0.165625 0.13828125 0.121875 0.1015625
3 0.159375 0.1953125 0.08203125 0.0453125
3 0.8328125 0.30546875 0.0765625 0.04921875
3 0.553125 0.3203125 0.0765625 0.03046875
9 0.56015625 0.96015625 0.06328125 0.06015625
9 0.86171875 0.95546875 0.0703125 0.06875
9 0.79453125 0.96953125 0.06328125 0.0453125