6 0.87734375 0.3359375 0.065625 0.05703125
2 0.87734375 0.37734375 0.034375 0.05703125
6 0.6578125 0.38046875 0.03984375 0.05703125
6 0.29921875 0.40625 0.0859375 0.14296875
2 0.6609375 0.41796875 0.034375 0.04140625
6 0.0828125 0.42265625 0.0296875 0.0328125
6 0.59609375 0.425 0.0359375 0.04453125
2 0.29296875 0.44453125 0.05 0.07734375
8 0.06015625 0.496875 0.084375 0.2
8 0.6046875 0.5296875 0.078125 0.259375
5 0.87109375 0.54609375 0.034375 0.059375
8 0.6796875 0.54765625 0.1 0.42109375
8 0.89296875 0.5609375 0.084375 0.5078125
8 0.1796875 0.65390625 0.28828125 0.66875
4 0.31796875 0.81015625 0.06015625 0.08046875
9 0.91015625 0.77890625 0.05 0.0921875
9 0.87265625 0.75234375 0.0578125 0.0921875
9 0.73515625 0.71328125 0.0359375 0.08671875