6 0.2765625 0.4046875 0.04296875 0.0515625
6 0.4578125 0.44609375 0.06328125 0.0640625
2 0.278125 0.446875 0.03359375 0.0390625
6 0.1609375 0.459375 0.03046875 0.040625
6 0.1890625 0.51015625 0.0578125 0.0625
10 0.26171875 0.54140625 0.0734375 0.1390625
8 0.1484375 0.56328125 0.06796875 0.2484375
2 0.196875 0.5640625 0.03984375 0.0640625
5 0.3203125 0.65078125 0.02734375 0.04296875
8 0.27890625 0.653125 0.078125 0.5265625
8 0.4640625 0.68359375 0.12421875 0.54140625
10 0.45625 0.709375 0.12265625 0.30390625
10 0.184375 0.7234375 0.07265625 0.253125
8 0.18671875 0.73359375 0.0796875 0.5140625
5 0.2109375 0.8609375 0.0375 0.0640625
9 0.27265625 0.87890625 0.05234375 0.059375