6 0.34453125 0.3 0.01640625 0.01171875
6 0.43671875 0.303125 0.01640625 0.01796875
2 0.91015625 0.30625 0.03984375 0.0484375
8 0.3375 0.34375 0.0296875 0.10546875
5 0.5828125 0.40859375 0.05234375 0.0484375
5 0.61015625 0.41171875 0.0484375 0.0453125
8 0.9359375 0.43828125 0.07578125 0.45078125
8 0.5359375 0.48671875 0.10234375 0.5765625
8 0.690625 0.52890625 0.08203125 0.66640625
5 0.965625 0.55546875 0.028125 0.06640625
8 0.86640625 0.55859375 0.0984375 0.75078125
6 0.86875 0.21953125 0.06640625 0.06015625
6 0.17109375 0.221875 0.021875 0.01796875
6 0.68828125 0.2265625 0.07421875 0.05703125
6 0.55078125 0.228125 0.06015625 0.05390625
6 0.925 0.24921875 0.05 0.06015625
2 0.85234375 0.28515625 0.04609375 0.071875
6 0.19765625 0.28671875 0.021875 0.01484375
2 0.54375 0.29609375 0.04609375 0.075
2 0.6734375 0.29765625 0.028125 0.071875
9 0.5578125 0.74140625 0.06015625 0.05703125
9 0.496875 0.75390625 0.0421875 0.06640625
9 0.678125 0.83515625 0.07578125 0.05703125
9 0.67421875 0.78671875 0.05390625 0.05078125
9 0.815625 0.8390625 0.04609375 0.08671875
9 0.89140625 0.91015625 0.05625 0.12890625