7 0.61015625 0.28828125 0.0296875 0.078125
2 0.43046875 0.28828125 0.03828125 0.07265625
2 0.6390625 0.3234375 0.04140625 0.0859375
10 0.71328125 0.39375 0.103125 0.2671875
10 0.3796875 0.425 0.09296875 0.25703125
4 0.6734375 0.5 0.03984375 0.075
8 0.3953125 0.546875 0.1296875 0.67265625
8 0.68984375 0.55078125 0.1703125 0.5921875
5 0.340625 0.58984375 0.04140625 0.09375
7 0.4375 0.21796875 0.06796875 0.046875
9 0.3875 0.859375 0.08203125 0.0828125
9 0.6953125 0.83359375 0.0765625 0.075
9 0.4234375 0.8015625 0.06328125 0.05703125