6 0.5515625 0.1953125 0.03828125 0.05546875
6 0.15 0.2546875 0.05625 0.04296875
6 0.2546875 0.2671875 0.05078125 0.0390625
6 0.84609375 0.26796875 0.05390625 0.0578125
6 0.1984375 0.27265625 0.0484375 0.02890625
6 0.4 0.27578125 0.05625 0.04296875
10 0.60859375 0.2890625 0.090625 0.1171875
4 0.9109375 0.3578125 0.034375 0.06484375
10 0.84921875 0.3625 0.07890625 0.12265625
8 0.59765625 0.36640625 0.1015625 0.4078125
10 0.2734375 0.37265625 0.06640625 0.10390625
10 0.1078125 0.39765625 0.06640625 0.15546875
4 0.503125 0.4296875 0.02578125 0.0671875
8 0.86796875 0.4390625 0.10546875 0.39765625
4 0.84609375 0.4421875 0.02734375 0.0625
10 0.1703125 0.44375 0.08671875 0.171875
10 0.4125 0.4484375 0.0921875 0.18828125
8 0.11953125 0.49453125 0.090625 0.51328125
4 0.3046875 0.52265625 0.02890625 0.06484375
8 0.2640625 0.52265625 0.084375 0.55234375
8 0.42265625 0.53671875 0.10234375 0.5546875
4 0.10546875 0.5546875 0.04375 0.06875
8 0.19765625 0.5578125 0.1125 0.5546875
4 0.3375 0.565625 0.03203125 0.06875
9 0.9046875 0.60234375 0.05625 0.053125
9 0.83359375 0.62421875 0.046875 0.05625
9 0.59765625 0.55078125 0.0625 0.04609375
9 0.45546875 0.78984375 0.0515625 0.06171875
9 0.3921875 0.80234375 0.059375 0.065625
9 0.1859375 0.83515625 0.06953125 0.0625
9 0.27578125 0.73671875 0.05078125 0.0625
9 0.23359375 0.77890625 0.046875 0.09296875
9 0.1359375 0.72265625 0.059375 0.05234375