2 0.38359375 0.3484375 0.06796875 0.1234375
8 0.6328125 0.5015625 0.3078125 0.996875
8 0.21796875 0.5046875 0.21640625 0.95703125
8 0.865625 0.5046875 0.23359375 0.9859375
8 0.3890625 0.584375 0.2078125 0.8109375
5 0.34921875 0.73671875 0.06328125 0.14921875
6 0.5953125 0.0859375 0.1390625 0.16640625
6 0.840625 0.1046875 0.1609375 0.18046875
6 0.29453125 0.125 0.16640625 0.21484375
2 0.80859375 0.21171875 0.06328125 0.17734375
2 0.31875 0.2265625 0.053125 0.12578125
6 0.34921875 0.271875 0.12109375 0.171875