6 0.696875 0.47265625 0.0359375 0.04296875
7 0.5171875 0.47265625 0.02890625 0.03828125
6 0.19140625 0.475 0.03671875 0.04453125
7 0.61171875 0.49296875 0.02734375 0.04375
7 0.8015625 0.49375 0.0265625 0.0296875
2 0.515625 0.49375 0.02734375 0.04375
2 0.70078125 0.50703125 0.02421875 0.0390625
6 0.5015625 0.509375 0.03359375 0.04140625
2 0.19296875 0.515625 0.03046875 0.05
7 0.4046875 0.51640625 0.03046875 0.03828125
2 0.80234375 0.52265625 0.02265625 0.03515625
6 0.29140625 0.5234375 0.03671875 0.04609375
2 0.61171875 0.5234375 0.0265625 0.04140625
6 0.72890625 0.5296875 0.03671875 0.04453125
8 0.60859375 0.53984375 0.06953125 0.125
8 0.7953125 0.54140625 0.0765625 0.13046875
7 0.09140625 0.54609375 0.03671875 0.0625
8 0.6859375 0.54609375 0.06328125 0.18984375
2 0.39765625 0.54921875 0.028125 0.04453125
2 0.5046875 0.55390625 0.01796875 0.03828125
10 0.8 0.5578125 0.05234375 0.04140625
10 0.60625 0.5578125 0.06328125 0.04921875
2 0.29375 0.5640625 0.02578125 0.0484375
2 0.725 0.56484375 0.02265625 0.03828125
8 0.53359375 0.56640625 0.06796875 0.20625
5 0.20703125 0.5671875 0.03046875 0.0328125
10 0.68203125 0.575 0.04609375 0.09453125
8 0.19140625 0.578125 0.09375 0.25078125
10 0.1921875 0.58046875 0.05859375 0.103125
6 0.80859375 0.58125 0.0421875 0.04453125
7 0.58828125 0.5953125 0.040625 0.04453125
8 0.71953125 0.59609375 0.0953125 0.18203125
8 0.5109375 0.61640625 0.09375 0.24609375
10 0.10625 0.6171875 0.059375 0.1125
10 0.3890625 0.6203125 0.06953125 0.1125
10 0.5015625 0.62265625 0.0546875 0.10625
10 0.2921875 0.6234375 0.05078125 0.109375
2 0.80390625 0.6265625 0.0265625 0.04609375
8 0.28515625 0.6390625 0.0984375 0.275
10 0.7265625 0.63984375 0.053125 0.10546875
5 0.2640625 0.64453125 0.02421875 0.03359375
5 0.28671875 0.64765625 0.01796875 0.0375
8 0.4046875 0.65234375 0.1046875 0.29453125
5 0.6953125 0.65546875 0.02734375 0.05390625
5 0.41328125 0.66796875 0.0140625 0.04609375
5 0.39296875 0.6734375 0.0203125 0.04453125
8 0.103125 0.6765625 0.0796875 0.3015625
8 0.61875 0.69453125 0.12421875 0.234375
8 0.76015625 0.7 0.16484375 0.271875
5 0.5046875 0.71328125 0.01640625 0.04921875
5 0.73125 0.71484375 0.03671875 0.06796875
6 0.41640625 0.715625 0.03203125 0.05625
5 0.52109375 0.7171875 0.015625 0.06015625
6 0.18046875 0.73203125 0.0421875 0.0671875
10 0.80703125 0.75078125 0.07265625 0.19609375
9 0.58203125 0.7921875 0.05625 0.05625
9 0.4671875 0.76875 0.0609375 0.0703125
9 0.40625 0.78671875 0.053125 0.0515625
9 0.3015625 0.7390625 0.0296875 0.065625
9 0.26953125 0.7484375 0.04609375 0.07265625
9 0.2203125 0.70078125 0.02734375 0.0703125
9 0.0703125 0.79921875 0.05234375 0.0515625
9 0.08828125 0.76328125 0.04609375 0.0625
9 0.65 0.79921875 0.04765625 0.07265625
9 0.715625 0.79921875 0.05 0.08125
9 0.91484375 0.728125 0.0484375 0.05390625