6 0.503125 0.59609375 0.0421875 0.04453125
5 0.52421875 0.6328125 0.025 0.03515625
10 0.484375 0.6984375 0.06796875 0.1359375
6 0.29921875 0.7 0.03671875 0.05546875
6 0.6875 0.7203125 0.0390625 0.03828125
6 0.34140625 0.73125 0.01953125 0.02109375
10 0.2546875 0.7375 0.04609375 0.08828125
8 0.48828125 0.74609375 0.08359375 0.36015625
5 0.4359375 0.7640625 0.02890625 0.0390625
10 0.7015625 0.7796875 0.07109375 0.05859375
10 0.33671875 0.79765625 0.0421875 0.06328125
8 0.24296875 0.8015625 0.071875 0.2734375
8 0.7078125 0.80546875 0.1109375 0.228125
8 0.33046875 0.81796875 0.0484375 0.18359375
4 0.71015625 0.8421875 0.021875 0.03359375
5 0.26796875 0.84921875 0.0203125 0.0390625
4 0.67265625 0.853125 0.02890625 0.03359375
9 0.51796875 0.9390625 0.05703125 0.0921875
9 0.440625 0.9078125 0.046875 0.084375