6 0.3515625 0.2875 0.0375 0.0625
6 0.5859375 0.29765625 0.028125 0.0453125
6 0.42890625 0.3015625 0.02890625 0.05390625
6 0.24296875 0.31171875 0.03984375 0.05078125
8 0.4296875 0.321875 0.040625 0.12734375
2 0.34765625 0.34140625 0.028125 0.08203125
6 0.47421875 0.34296875 0.02890625 0.0625
6 0.17421875 0.34296875 0.03671875 0.059375
8 0.34609375 0.34453125 0.04296875 0.1953125
6 0.5625 0.35234375 0.034375 0.06796875
2 0.58671875 0.35390625 0.028125 0.0734375
2 0.43046875 0.35859375 0.028125 0.0765625
8 0.24140625 0.3609375 0.040625 0.14453125
6 0.38203125 0.3671875 0.02421875 0.05390625
2 0.24140625 0.36953125 0.025 0.06484375
8 0.58828125 0.37109375 0.04609375 0.20390625
6 0.06953125 0.3796875 0.04296875 0.08515625
6 0.28359375 0.38125 0.03359375 0.059375
6 0.63515625 0.39375 0.04140625 0.06796875
8 0.56015625 0.39921875 0.03984375 0.17578125
2 0.17734375 0.41328125 0.03125 0.08515625
8 0.47578125 0.41640625 0.03671875 0.23828125
2 0.5609375 0.41953125 0.028125 0.06796875
2 0.47578125 0.4203125 0.03046875 0.0875
6 0.32578125 0.42890625 0.03203125 0.05390625
6 0.1234375 0.43359375 0.040625 0.06796875
8 0.17421875 0.4390625 0.05546875 0.27734375
2 0.384375 0.4421875 0.025 0.08515625
6 0.43515625 0.4421875 0.03359375 0.05703125
8 0.27890625 0.44296875 0.03828125 0.18984375
6 0.52578125 0.44609375 0.03671875 0.06484375
2 0.28203125 0.44765625 0.03046875 0.0796875
6 0.21953125 0.45625 0.0375 0.0734375
2 0.06953125 0.46484375 0.03046875 0.10234375
8 0.38203125 0.471875 0.03359375 0.26875
2 0.6359375 0.47421875 0.03828125 0.1046875
2 0.33046875 0.503125 0.03671875 0.09375
2 0.125 0.5140625 0.0375 0.09375
2 0.43828125 0.51953125 0.03359375 0.0765625
2 0.52578125 0.52265625 0.03125 0.0765625
10 0.37265625 0.52578125 0.03515625 0.08203125
2 0.22109375 0.5328125 0.028125 0.0796875
8 0.05625 0.56640625 0.0625 0.4703125
10 0.27890625 0.63203125 0.04609375 0.271875
8 0.1234375 0.64296875 0.06328125 0.4875
5 0.30703125 0.6515625 0.025 0.0625
10 0.04921875 0.653125 0.03515625 0.26328125
10 0.6328125 0.653125 0.071875 0.2859375
10 0.4359375 0.69296875 0.06484375 0.26875
8 0.63828125 0.69375 0.08046875 0.61171875
10 0.32734375 0.70234375 0.06484375 0.27734375
8 0.33125 0.709375 0.0625 0.5640625
10 0.52578125 0.7125 0.06640625 0.29140625
8 0.52890625 0.7125 0.06875 0.575
8 0.21953125 0.71796875 0.05703125 0.5609375
8 0.43359375 0.71796875 0.06796875 0.5640625
10 0.11640625 0.725 0.06015625 0.32890625
10 0.2203125 0.725 0.065625 0.28359375
4 0.43359375 0.81171875 0.040625 0.09921875
4 0.53515625 0.83828125 0.02734375 0.090625
4 0.5125 0.8484375 0.025 0.09921875
3 0.32734375 0.48046875 0.034375 0.034375
3 0.38515625 0.409375 0.02890625 0.03984375
3 0.4328125 0.34140625 0.02734375 0.034375
3 0.47421875 0.390625 0.03125 0.03984375
3 0.63359375 0.44296875 0.034375 0.03125
3 0.56015625 0.3921875 0.028125 0.028125
3 0.5890625 0.34140625 0.02890625 0.034375
3 0.52421875 0.50703125 0.03046875 0.034375
3 0.17578125 0.3953125 0.03359375 0.0421875
3 0.12734375 0.48984375 0.03203125 0.03984375