8 0.6234375 0.2765625 0.05 0.2875
4 0.59921875 0.31640625 0.0203125 0.03515625
6 0.40625 0.465625 0.034375 0.0328125
6 0.81328125 0.55078125 0.0421875 0.03125
10 0.415625 0.57421875 0.05625 0.10859375
8 0.41796875 0.62421875 0.0609375 0.340625
8 0.81171875 0.71796875 0.0921875 0.36953125
4 0.80390625 0.73671875 0.0359375 0.04453125
6 0.65703125 0.74375 0.0359375 0.021875
10 0.93671875 0.75 0.0765625 0.075
6 0.86484375 0.75234375 0.0359375 0.0578125
8 0.91171875 0.8109375 0.1203125 0.26796875
10 0.67109375 0.81171875 0.0515625 0.09765625
8 0.6484375 0.81875 0.115625 0.17734375
6 0.6109375 0.1640625 0.028125 0.04453125