6 0.475 0.20546875 0.03359375 0.0296875
6 0.3953125 0.21953125 0.06015625 0.05234375
6 0.446875 0.21953125 0.053125 0.04765625
6 0.53984375 0.2421875 0.03828125 0.03515625
6 0.5046875 0.24453125 0.03359375 0.0296875
6 0.7109375 0.2640625 0.0328125 0.02890625
6 0.67421875 0.26484375 0.03671875 0.03125
6 0.74453125 0.26875 0.0421875 0.03671875
2 0.53984375 0.2734375 0.03515625 0.03515625
2 0.44765625 0.2734375 0.03671875 0.06171875
6 0.8140625 0.2765625 0.04765625 0.04296875
2 0.50390625 0.2796875 0.03515625 0.04375
8 0.5 0.28046875 0.05 0.14765625
2 0.3984375 0.2859375 0.046875 0.07265625
6 0.6578125 0.28984375 0.046875 0.03515625
6 0.55234375 0.29921875 0.0546875 0.0390625
8 0.4515625 0.30234375 0.04453125 0.20703125
2 0.71171875 0.30546875 0.03046875 0.04921875
2 0.81171875 0.3125 0.046875 0.06640625
2 0.746875 0.3140625 0.0375 0.05859375
6 0.89921875 0.31640625 0.06015625 0.05625
2 0.65390625 0.33359375 0.03828125 0.06640625
2 0.5515625 0.34609375 0.03515625 0.06796875
2 0.89453125 0.3578125 0.04140625 0.07109375
8 0.55546875 0.3921875 0.1 0.2203125
8 0.6578125 0.3984375 0.08984375 0.265625
10 0.7953125 0.42421875 0.08359375 0.13125
8 0.79921875 0.4265625 0.07890625 0.34453125
10 0.4859375 0.4328125 0.0578125 0.12421875
10 0.65546875 0.4375 0.0703125 0.115625
10 0.38828125 0.44609375 0.1171875 0.253125
10 0.5453125 0.4546875 0.0828125 0.1328125
10 0.89765625 0.51171875 0.1 0.209375
6 0.7640625 0.5125 0.053125 0.04765625
6 0.65234375 0.5203125 0.0546875 0.05625
6 0.59375 0.5296875 0.040625 0.04921875
6 0.56171875 0.53984375 0.06328125 0.0625
8 0.384375 0.56015625 0.09453125 0.71640625
6 0.49921875 0.56328125 0.0765625 0.08359375
2 0.6421875 0.56796875 0.03828125 0.06796875
2 0.76328125 0.5703125 0.04609375 0.075
2 0.5578125 0.6 0.046875 0.08125
8 0.89609375 0.6015625 0.1 0.64140625
8 0.57421875 0.621875 0.0828125 0.25078125
2 0.4953125 0.6390625 0.05078125 0.07734375
10 0.77109375 0.68046875 0.0953125 0.17265625
10 0.653125 0.6890625 0.09453125 0.17265625
8 0.653125 0.69375 0.08359375 0.39453125
8 0.77265625 0.71328125 0.12109375 0.40625
5 0.6234375 0.740625 0.02265625 0.05234375
8 0.49453125 0.7578125 0.20234375 0.475
5 0.740625 0.775 0.0328125 0.08359375
10 0.46796875 0.81796875 0.15234375 0.259375
5 0.7828125 0.83125 0.028125 0.0640625
5 0.57109375 0.8390625 0.04140625 0.0765625
5 0.584375 0.96328125 0.0484375 0.07265625
9 0.790625 0.921875 0.04921875 0.103125
9 0.659375 0.896875 0.04765625 0.0890625
9 0.91171875 0.90703125 0.05 0.0828125
9 0.840625 0.8671875 0.059375 0.0640625
3 0.76171875 0.553125 0.04453125 0.03515625