6 0.7453125 0.2234375 0.1171875 0.11953125
6 0.51015625 0.22578125 0.10390625 0.08984375
2 0.515625 0.27890625 0.0703125 0.06953125
2 0.74375 0.30625 0.071875 0.103125
6 0.20546875 0.3109375 0.10234375 0.0796875
2 0.22421875 0.36875 0.07109375 0.09296875
10 0.53828125 0.44296875 0.1953125 0.209375
10 0.23984375 0.4640625 0.2 0.21796875
8 0.4828125 0.5078125 0.22578125 0.67421875
8 0.7453125 0.540625 0.21171875 0.678125
5 0.64296875 0.54140625 0.0484375 0.06484375
8 0.22421875 0.54296875 0.2359375 0.59609375
5 0.53828125 0.56796875 0.04765625 0.06484375
5 0.440625 0.58359375 0.04296875 0.06484375
5 0.69296875 0.5875 0.046875 0.09765625
5 0.190625 0.615625 0.0515625 0.09453125
5 0.23359375 0.621875 0.05390625 0.08203125
3 0.5109375 0.265625 0.04296875 0.02265625
3 0.2109375 0.359375 0.04765625 0.03984375
3 0.7390625 0.278125 0.06875 0.03359375
9 0.76171875 0.7890625 0.078125 0.19609375
9 0.66640625 0.77421875 0.10625 0.15546875