6 0.3578125 0.2859375 0.0796875 0.109375
6 0.18671875 0.30625 0.07421875 0.05703125
2 0.35078125 0.35703125 0.05078125 0.07109375
2 0.19296875 0.36640625 0.03671875 0.0515625
6 0.4609375 0.38125 0.07109375 0.09296875
2 0.45703125 0.45078125 0.0453125 0.06796875
10 0.2828125 0.47578125 0.1109375 0.2640625
10 0.17734375 0.48359375 0.09296875 0.22578125
10 0.38359375 0.5296875 0.14765625 0.21015625
8 0.17890625 0.53515625 0.08203125 0.54765625
8 0.42734375 0.53671875 0.20390625 0.3953125
8 0.31640625 0.60078125 0.1890625 0.73046875
4 0.4765625 0.64296875 0.0546875 0.0765625
4 0.30078125 0.6609375 0.04921875 0.13359375
4 0.46328125 0.68515625 0.04765625 0.06796875
9 0.23984375 0.91953125 0.090625 0.06796875
9 0.371875 0.92890625 0.090625 0.0734375