6 0.86640625 0.20078125 0.0640625 0.06015625
6 0.6984375 0.21953125 0.05390625 0.05390625
6 0.271875 0.2390625 0.05390625 0.05390625
6 0.621875 0.24140625 0.05390625 0.05390625
6 0.17734375 0.24609375 0.0734375 0.06328125
6 0.78828125 0.2515625 0.0640625 0.06015625
6 0.5109375 0.2546875 0.05390625 0.05390625
2 0.8640625 0.25625 0.040625 0.06484375
2 0.69609375 0.2671875 0.034375 0.05390625
2 0.271875 0.2984375 0.0421875 0.071875
2 0.6234375 0.29921875 0.03671875 0.06015625
2 0.5078125 0.30234375 0.04765625 0.05390625
2 0.784375 0.3046875 0.04453125 0.0609375
6 0.403125 0.3046875 0.05390625 0.05390625
2 0.178125 0.30625 0.05390625 0.07734375
2 0.3984375 0.36484375 0.0421875 0.0609375
10 0.875 0.39765625 0.09453125 0.21953125
10 0.69765625 0.4015625 0.0703125 0.203125
10 0.271875 0.42109375 0.1140625 0.19921875
10 0.50625 0.43046875 0.0859375 0.2015625
10 0.6234375 0.43984375 0.09296875 0.21953125
10 0.1703125 0.45078125 0.12265625 0.21953125
10 0.778125 0.459375 0.1 0.234375
10 0.39609375 0.4984375 0.0859375 0.22890625
8 0.69609375 0.51015625 0.0734375 0.6375
8 0.275 0.52578125 0.11484375 0.62265625
8 0.875 0.5265625 0.10546875 0.69140625
8 0.5046875 0.52890625 0.11484375 0.60703125
8 0.6203125 0.53203125 0.1046875 0.62734375
8 0.78359375 0.54375 0.0984375 0.6484375
5 0.9234375 0.54609375 0.03828125 0.04921875
8 0.16015625 0.56640625 0.15625 0.675
8 0.3921875 0.57265625 0.10234375 0.58984375
5 0.55390625 0.57890625 0.0265625 0.05859375
5 0.2359375 0.59765625 0.04453125 0.0609375
5 0.1078125 0.60234375 0.046875 0.0765625
5 0.4453125 0.625 0.02578125 0.04453125
5 0.34609375 0.625 0.021875 0.0421875
9 0.90625 0.85546875 0.04375 0.0765625
9 0.09921875 0.934375 0.04609375 0.06953125
9 0.1890625 0.89453125 0.075 0.06328125
9 0.3125 0.815625 0.05546875 0.0578125
9 0.221875 0.84140625 0.04296875 0.0515625
9 0.45625 0.8140625 0.046875 0.06953125
9 0.5359375 0.8125 0.0421875 0.0578125
9 0.58046875 0.8375 0.0421875 0.06328125
9 0.65 0.8375 0.04609375 0.06015625
9 0.7171875 0.80546875 0.0390625 0.05390625
9 0.76171875 0.84296875 0.053125 0.0625
9 0.803125 0.8609375 0.05703125 0.065625
9 0.846875 0.82890625 0.04609375 0.06015625
9 0.4171875 0.85546875 0.04765625 0.05625
9 0.37734375 0.8671875 0.05 0.06015625