6 0.2140625 0.3 0.05625 0.05390625
6 0.671875 0.303125 0.0640625 0.06015625
6 0.9046875 0.309375 0.0578125 0.06015625
6 0.82421875 0.3484375 0.071875 0.06640625
6 0.48125 0.3546875 0.05390625 0.084375
6 0.378125 0.390625 0.05234375 0.10234375
6 0.18125 0.39765625 0.0703125 0.08125
8 0.2140625 0.41875 0.0921875 0.32734375
8 0.1578125 0.52265625 0.10390625 0.32421875
8 0.93515625 0.540625 0.0859375 0.52265625
5 0.4890625 0.56640625 0.034375 0.0453125
8 0.69296875 0.56875 0.11796875 0.59765625
8 0.50078125 0.5828125 0.1421875 0.55859375
8 0.328125 0.6125 0.1359375 0.55234375
5 0.3171875 0.6171875 0.034375 0.06328125
4 0.709375 0.6171875 0.03828125 0.08125
5 0.37109375 0.63984375 0.02578125 0.06015625
8 0.846875 0.63984375 0.13828125 0.66640625
0 0.646875 0.79453125 0.071875 0.146875
0 0.703125 0.8015625 0.06015625 0.14453125
0 0.82109375 0.93359375 0.0796875 0.1109375
0 0.884375 0.9234375 0.071875 0.1203125
0 0.96796875 0.7671875 0.0640625 0.08671875
9 0.5171875 0.82578125 0.0421875 0.06875
9 0.44296875 0.83359375 0.0421875 0.06328125
9 0.3359375 0.85859375 0.0578125 0.06015625