5 0.359375 0.71875 0.07109375 0.07890625
10 0.12265625 0.7203125 0.19453125 0.4796875
5 0.746875 0.7703125 0.034375 0.09765625
4 0.1 0.95703125 0.0703125 0.0859375
6 0.8140625 0.128125 0.109375 0.09609375
6 0.471875 0.21484375 0.1125 0.0890625
2 0.821875 0.21484375 0.05703125 0.11328125
2 0.4703125 0.29765625 0.0609375 0.10625
6 0.65234375 0.29921875 0.0765625 0.09296875
6 0.11640625 0.31875 0.084375 0.1015625
6 0.31953125 0.325 0.103125 0.0953125
2 0.64921875 0.37265625 0.05625 0.08046875
2 0.328125 0.4015625 0.053125 0.08203125
2 0.12421875 0.4171875 0.07421875 0.11015625
10 0.83359375 0.45390625 0.1359375 0.39296875
5 0.93203125 0.51640625 0.046875 0.08515625
8 0.8625 0.52890625 0.1671875 0.8953125
8 0.48046875 0.56328125 0.16953125 0.83203125
10 0.64921875 0.59453125 0.184375 0.32890625
8 0.3203125 0.609375 0.121875 0.7015625
8 0.6609375 0.61015625 0.16171875 0.7125
8 0.1078125 0.63046875 0.1953125 0.73125
5 0.42265625 0.63828125 0.07109375 0.1015625
10 0.30625 0.653125 0.14453125 0.375
5 0.778125 0.7046875 0.0375 0.07890625