10 0.44765625 0.30234375 0.115625 0.271875
2 0.2390625 0.30390625 0.034375 0.071875
10 0.20234375 0.44296875 0.128125 0.2796875
8 0.44140625 0.46484375 0.125 0.83359375
5 0.246875 0.49375 0.0359375 0.07734375
6 0.3296875 0.53828125 0.05546875 0.071875
8 0.2046875 0.55625 0.1265625 0.62734375
2 0.32734375 0.58984375 0.03125 0.0640625
8 0.3578125 0.665625 0.11015625 0.33359375
5 0.35 0.69375 0.0375 0.0578125
5 0.2609375 0.76640625 0.05625 0.05546875
6 0.52734375 0.8078125 0.059375 0.146875
8 0.60078125 0.84921875 0.20546875 0.21171875
5 0.93828125 0.8640625 0.1203125 0.19453125
6 0.43359375 0.10078125 0.05703125 0.08359375
9 0.16875 0.85078125 0.05390625 0.0640625
9 0.20859375 0.84765625 0.05859375 0.05703125
9 0.4640625 0.83203125 0.059375 0.09765625
9 0.42265625 0.83828125 0.04765625 0.0671875