6 0.609375 0.32265625 0.0609375 0.0515625
6 0.74609375 0.33125 0.0828125 0.08046875
6 0.4171875 0.33203125 0.07890625 0.0734375
6 0.34765625 0.3625 0.0796875 0.0734375
2 0.43515625 0.36640625 0.03671875 0.0515625
2 0.60390625 0.3703125 0.03515625 0.05859375
2 0.365625 0.41171875 0.0328125 0.05703125
10 0.41015625 0.4875 0.0796875 0.20625
10 0.62421875 0.490625 0.10234375 0.19296875
5 0.6015625 0.5 0.02890625 0.05
10 0.76796875 0.51796875 0.1140625 0.2359375
5 0.5203125 0.52265625 0.04453125 0.0609375
10 0.32734375 0.54296875 0.09140625 0.22109375
8 0.4125 0.56875 0.075 0.5359375
8 0.62265625 0.59921875 0.08828125 0.60234375
8 0.75703125 0.63515625 0.1046875 0.671875
8 0.33359375 0.64921875 0.0859375 0.6328125
5 0.36015625 0.7203125 0.03984375 0.07578125
9 0.33671875 0.94375 0.075 0.10859375
9 0.4125 0.91953125 0.09140625 0.08671875
9 0.62421875 0.875 0.06328125 0.0765625
9 0.73515625 0.94296875 0.08359375 0.0734375
9 0.4484375 0.83125 0.065625 0.06875