10 0.92578125 0.1890625 0.084375 0.165625
10 0.18046875 0.21328125 0.07734375 0.1171875
10 0.1078125 0.2375 0.05546875 0.14375
8 0.9234375 0.25546875 0.084375 0.3859375
8 0.18125 0.28359375 0.07109375 0.3546875
10 0.40078125 0.29140625 0.16875 0.3515625
8 0.10859375 0.3015625 0.06171875 0.3625
8 0.4609375 0.465625 0.32421875 0.896875
7 0.465625 0.04609375 0.075 0.078125
7 0.91484375 0.08203125 0.02734375 0.0421875
2 0.47734375 0.1 0.046875 0.06875
7 0.18515625 0.11796875 0.034375 0.028125
7 0.11484375 0.13515625 0.03984375 0.0328125
9 0.353125 0.87890625 0.12109375 0.08125
9 0.5734375 0.77421875 0.11484375 0.1046875
9 0.92421875 0.434375 0.04765625 0.0421875
9 0.19140625 0.4453125 0.03203125 0.0390625
9 0.1640625 0.44765625 0.025 0.0375