6 0.303125 0.47265625 0.0359375 0.04296875
7 0.4828125 0.47265625 0.02890625 0.03828125
6 0.80859375 0.475 0.03671875 0.04453125
7 0.38828125 0.49296875 0.02734375 0.04375
7 0.1984375 0.49375 0.0265625 0.0296875
2 0.484375 0.49375 0.02734375 0.04375
2 0.29921875 0.50703125 0.02421875 0.0390625
6 0.4984375 0.509375 0.03359375 0.04140625
2 0.80703125 0.515625 0.03046875 0.05
7 0.5953125 0.51640625 0.03046875 0.03828125
2 0.19765625 0.52265625 0.02265625 0.03515625
6 0.70859375 0.5234375 0.03671875 0.04609375
2 0.38828125 0.5234375 0.0265625 0.04140625
6 0.27109375 0.5296875 0.03671875 0.04453125
8 0.39140625 0.53984375 0.06953125 0.125
8 0.2046875 0.54140625 0.0765625 0.13046875
7 0.90859375 0.54609375 0.03671875 0.0625
8 0.3140625 0.54609375 0.06328125 0.18984375
2 0.60234375 0.54921875 0.028125 0.04453125
2 0.4953125 0.55390625 0.01796875 0.03828125
10 0.2 0.5578125 0.05234375 0.04140625
10 0.39375 0.5578125 0.06328125 0.04921875
2 0.70625 0.5640625 0.02578125 0.0484375
2 0.275 0.56484375 0.02265625 0.03828125
8 0.46640625 0.56640625 0.06796875 0.20625
5 0.79296875 0.5671875 0.03046875 0.0328125
10 0.31796875 0.575 0.04609375 0.09453125
8 0.80859375 0.578125 0.09375 0.25078125
10 0.8078125 0.58046875 0.05859375 0.103125
6 0.19140625 0.58125 0.0421875 0.04453125
7 0.41171875 0.5953125 0.040625 0.04453125
8 0.28046875 0.59609375 0.0953125 0.18203125
8 0.4890625 0.61640625 0.09375 0.24609375
10 0.89375 0.6171875 0.059375 0.1125
10 0.6109375 0.6203125 0.06953125 0.1125
10 0.4984375 0.62265625 0.0546875 0.10625
10 0.7078125 0.6234375 0.05078125 0.109375
2 0.19609375 0.6265625 0.0265625 0.04609375
8 0.71484375 0.6390625 0.0984375 0.275
10 0.2734375 0.63984375 0.053125 0.10546875
5 0.7359375 0.64453125 0.02421875 0.03359375
5 0.71328125 0.64765625 0.01796875 0.0375
8 0.5953125 0.65234375 0.1046875 0.29453125
5 0.3046875 0.65546875 0.02734375 0.05390625
5 0.58671875 0.66796875 0.0140625 0.04609375
5 0.60703125 0.6734375 0.0203125 0.04453125
8 0.896875 0.6765625 0.0796875 0.3015625
8 0.38125 0.69453125 0.12421875 0.234375
8 0.23984375 0.7 0.16484375 0.271875
5 0.4953125 0.71328125 0.01640625 0.04921875
5 0.26875 0.71484375 0.03671875 0.06796875
6 0.58359375 0.715625 0.03203125 0.05625
5 0.47890625 0.7171875 0.015625 0.06015625
6 0.81953125 0.73203125 0.0421875 0.0671875
10 0.19296875 0.75078125 0.07265625 0.19609375
9 0.41796875 0.7921875 0.05625 0.05625
9 0.5328125 0.76875 0.0609375 0.0703125
9 0.59375 0.78671875 0.053125 0.0515625
9 0.6984375 0.7390625 0.0296875 0.065625
9 0.73046875 0.7484375 0.04609375 0.07265625
9 0.7796875 0.70078125 0.02734375 0.0703125
9 0.9296875 0.79921875 0.05234375 0.0515625
9 0.91171875 0.76328125 0.04609375 0.0625
9 0.35 0.79921875 0.04765625 0.07265625
9 0.284375 0.79921875 0.05 0.08125
9 0.08515625 0.728125 0.0484375 0.05390625