6 0.8 0.25 0.046875 0.04375
6 0.13359375 0.26484375 0.07421875 0.078125
2 0.7953125 0.28671875 0.021875 0.0390625
2 0.1484375 0.33359375 0.03203125 0.0734375
6 0.56953125 0.346875 0.0265625 0.03203125
6 0.60078125 0.34921875 0.02734375 0.02734375
6 0.5265625 0.36015625 0.0328125 0.0390625
6 0.65390625 0.3625 0.0265625 0.01953125
6 0.4828125 0.3703125 0.03203125 0.0390625
2 0.5734375 0.3703125 0.01953125 0.0296875
6 0.440625 0.37109375 0.0359375 0.046875
6 0.390625 0.375 0.05546875 0.05390625
6 0.0296875 0.38359375 0.03203125 0.02734375
2 0.534375 0.38515625 0.01953125 0.04375
2 0.4859375 0.390625 0.021875 0.046875
10 0.8109375 0.39375 0.06328125 0.1640625
6 0.30390625 0.3984375 0.0578125 0.06640625
2 0.45078125 0.3984375 0.02109375 0.046875
2 0.40703125 0.40078125 0.0265625 0.046875
6 0.22265625 0.41875 0.05 0.08359375
10 0.60078125 0.421875 0.02734375 0.0734375
10 0.64609375 0.42265625 0.05 0.07109375
8 0.603125 0.425 0.046875 0.1890625
5 0.2453125 0.43046875 0.03203125 0.05625
8 0.0375 0.43046875 0.04453125 0.14921875
10 0.56875 0.43359375 0.0234375 0.0734375
8 0.57421875 0.43515625 0.03984375 0.203125
8 0.840625 0.4421875 0.15859375 0.45859375
5 0.19921875 0.44765625 0.02734375 0.05625
8 0.66484375 0.45703125 0.084375 0.25234375
8 0.48671875 0.459375 0.0375 0.2328125
8 0.53125 0.46796875 0.0453125 0.2546875
10 0.52734375 0.4703125 0.0453125 0.1375
10 0.47890625 0.47890625 0.0265625 0.11484375
10 0.4421875 0.48046875 0.0328125 0.12734375
8 0.3953125 0.4953125 0.06875 0.29921875
5 0.59453125 0.49765625 0.0234375 0.0390625
8 0.0203125 0.51875 0.0375 0.4875
10 0.3890625 0.51875 0.05390625 0.14453125
10 0.1390625 0.5234375 0.084375 0.2671875
8 0.44765625 0.5234375 0.0359375 0.3359375
5 0.546875 0.5234375 0.01640625 0.03671875
10 0.31640625 0.5390625 0.07734375 0.15234375
10 0.23203125 0.54765625 0.06875 0.13515625
8 0.24609375 0.54765625 0.096875 0.3109375
5 0.4609375 0.5609375 0.01796875 0.034375
5 0.42734375 0.58125 0.03203125 0.04375
8 0.14375 0.590625 0.10234375 0.715625
8 0.32421875 0.596875 0.11328125 0.4140625
5 0.9109375 0.23671875 0.0265625 0.04140625
0 0.17109375 0.89375 0.08046875 0.1375
0 0.365625 0.76875 0.05078125 0.125
0 0.3859375 0.7453125 0.04296875 0.1125
0 0.41328125 0.72578125 0.034375 0.0953125
0 0.4578125 0.72421875 0.05234375 0.103125
0 0.49765625 0.68359375 0.04453125 0.07578125
0 0.52109375 0.64609375 0.03046875 0.07109375
0 0.53125 0.6375 0.02890625 0.05859375
0 0.54921875 0.62734375 0.03046875 0.0390625
0 0.5625 0.61171875 0.0265625 0.04375
0 0.57421875 0.61171875 0.025 0.03671875
0 0.67421875 0.55546875 0.02890625 0.0390625
0 0.64765625 0.56484375 0.0265625 0.03671875
0 0.63359375 0.5734375 0.02890625 0.0390625
0 0.61875 0.59765625 0.04140625 0.046875
0 0.82265625 0.675 0.0265625 0.05859375
0 0.7953125 0.65546875 0.0375 0.04375