10 0.4015625 0.175 0.0765625 0.10859375
6 0.45625 0.18125 0.06484375 0.08984375
6 0.8359375 0.215625 0.06640625 0.0671875
8 0.43515625 0.24296875 0.15 0.2390625
5 0.38359375 0.25234375 0.02578125 0.0296875
5 0.39921875 0.29921875 0.04140625 0.03984375
10 0.84765625 0.30859375 0.08359375 0.10703125
4 0.7609375 0.32109375 0.02734375 0.04453125
8 0.83359375 0.346875 0.1125 0.33125
4 0.41953125 0.35546875 0.05625 0.0609375
6 0.3046875 0.40078125 0.06796875 0.071875
10 0.20703125 0.4359375 0.11328125 0.1390625
8 0.24453125 0.525 0.19609375 0.321875
6 0.6953125 0.6359375 0.0609375 0.0875
4 0.59765625 0.70859375 0.04296875 0.0828125
10 0.70390625 0.72734375 0.08359375 0.1328125
8 0.70234375 0.73046875 0.115625 0.27578125
9 0.234375 0.65078125 0.0765625 0.08125
9 0.2546875 0.5125 0.06640625 0.075
9 0.3921875 0.38828125 0.04296875 0.0875
9 0.4765625 0.3265625 0.0484375 0.0796875
9 0.821875 0.48203125 0.0671875 0.0703125