4 0.703125 0.90703125 0.10546875 0.1578125
6 0.54375 0.103125 0.1484375 0.20546875
6 0.35546875 0.1765625 0.10390625 0.165625
2 0.5890625 0.20546875 0.11015625 0.1234375
2 0.38046875 0.25625 0.0578125 0.065625
4 0.31953125 0.30078125 0.08984375 0.0828125
10 0.5203125 0.3640625 0.22890625 0.35546875
10 0.778125 0.3671875 0.3109375 0.55234375
8 0.82734375 0.50546875 0.3453125 0.9859375
8 0.4421875 0.521875 0.39375 0.896875
4 0.840625 0.55625 0.1171875 0.1375
4 0.26484375 0.5609375 0.06796875 0.09375