6 0.1984375 0.33828125 0.0703125 0.0875
7 0.4546875 0.34921875 0.07109375 0.0625
2 0.18984375 0.41796875 0.0578125 0.0859375
2 0.4484375 0.4234375 0.06328125 0.0890625
6 0.603125 0.453125 0.03203125 0.04296875
2 0.60703125 0.496875 0.0265625 0.0515625
8 0.20703125 0.6390625 0.1140625 0.7
8 0.603125 0.64609375 0.07109375 0.4515625
8 0.459375 0.665625 0.12734375 0.65546875
5 0.5625 0.665625 0.01796875 0.04296875
5 0.6375 0.678125 0.015625 0.0484375
5 0.115625 0.703125 0.03671875 0.0625
5 0.2625 0.771875 0.03046875 0.0875
5 0.39609375 0.8109375 0.0265625 0.06640625
5 0.50546875 0.83125 0.04375 0.07890625
3 0.440625 0.40859375 0.04375 0.0359375
3 0.1796875 0.40078125 0.03359375 0.03203125
3 0.6046875 0.484375 0.028125 0.021875
9 0.60390625 0.853125 0.0234375 0.05390625
9 0.5890625 0.83359375 0.0296875 0.040625