6 0.59921875 0.18828125 0.07421875 0.0296875
6 0.378125 0.20078125 0.0796875 0.025
6 0.48828125 0.20703125 0.0640625 0.02421875
2 0.60703125 0.209375 0.05 0.02421875
2 0.38984375 0.2203125 0.04765625 0.0296875
2 0.48984375 0.23125 0.05234375 0.03359375
10 0.63671875 0.265625 0.09765625 0.0921875
10 0.3671875 0.2734375 0.09765625 0.075
8 0.35625 0.28125 0.121875 0.19296875
10 0.496875 0.29921875 0.11796875 0.08828125
8 0.50234375 0.3 0.128125 0.21328125
8 0.6421875 0.30078125 0.16015625 0.2546875