6 0.784375 0.1359375 0.1359375 0.1359375
6 0.61171875 0.1578125 0.13203125 0.14375
2 0.7890625 0.24140625 0.08046875 0.13046875
6 0.42109375 0.2625 0.06484375 0.06171875
2 0.6015625 0.27421875 0.07265625 0.11796875
6 0.20859375 0.3484375 0.05 0.05078125
10 0.42421875 0.4 0.08984375 0.175
8 0.421875 0.4578125 0.07890625 0.50234375
8 0.85 0.48359375 0.240625 0.8046875
8 0.5765625 0.4921875 0.2546875 0.7859375
10 0.209375 0.49453125 0.09921875 0.18359375
10 0.84296875 0.53671875 0.20859375 0.465625
10 0.56484375 0.5421875 0.26171875 0.45390625
5 0.525 0.54453125 0.07421875 0.09375
8 0.21171875 0.55234375 0.1078125 0.47734375
5 0.85859375 0.6125 0.0796875 0.0890625