6 0.31171875 0.32109375 0.05703125 0.05234375
6 0.496875 0.34140625 0.04296875 0.0421875
6 0.678125 0.3515625 0.05 0.04765625
2 0.31484375 0.3703125 0.03984375 0.06484375
2 0.49921875 0.38984375 0.03515625 0.06015625
2 0.68515625 0.4015625 0.03984375 0.0625
8 0.29765625 0.575 0.11796875 0.56484375
5 0.2421875 0.59375 0.025 0.04765625
8 0.5 0.59375 0.1234375 0.5421875
5 0.4546875 0.5953125 0.03984375 0.0546875
8 0.678125 0.60234375 0.11015625 0.5546875
5 0.5515625 0.60390625 0.0234375 0.04765625
5 0.3578125 0.60625 0.01796875 0.05234375
5 0.72890625 0.6265625 0.025 0.0375
5 0.62890625 0.6296875 0.03515625 0.0546875
9 0.28671875 0.78984375 0.05 0.0703125
9 0.321875 0.81640625 0.03671875 0.0671875
9 0.5234375 0.82265625 0.046875 0.06484375
9 0.4875 0.7953125 0.03984375 0.0546875
9 0.6546875 0.82734375 0.0296875 0.0625
9 0.68515625 0.8375 0.03671875 0.0796875