2 0.29453125 0.29921875 0.1328125 0.1953125
6 0.40390625 0.35 0.2140625 0.22578125
2 0.4375 0.50078125 0.1140625 0.16796875
8 0.21328125 0.51328125 0.396875 0.9734375
8 0.49765625 0.5625 0.31640625 0.85234375
5 0.83203125 0.64296875 0.1015625 0.17734375
10 0.19453125 0.72421875 0.3203125 0.53125
10 0.6015625 0.73828125 0.44296875 0.37265625
5 0.33984375 0.89921875 0.20078125 0.2015625
5 0.5109375 0.9125 0.14296875 0.17421875
6 0.23984375 0.12109375 0.2734375 0.2015625
3 0.32890625 0.2265625 0.04765625 0.0703125