2 0.53515625 0.2921875 0.1 0.1984375
2 0.7125 0.334375 0.1 0.2453125
2 0.32421875 0.346875 0.10625 0.21328125
8 0.52578125 0.5078125 0.2359375 0.96796875
8 0.753125 0.52890625 0.19296875 0.94140625
8 0.25234375 0.53125 0.2734375 0.9375
10 0.53515625 0.6640625 0.2484375 0.66484375
10 0.7828125 0.70390625 0.221875 0.59140625
10 0.246875 0.71953125 0.275 0.55859375
5 0.5890625 0.76484375 0.10625 0.15703125
5 0.58515625 0.92734375 0.09609375 0.11171875
6 0.5328125 0.1171875 0.1328125 0.2046875
6 0.715625 0.159375 0.17421875 0.21796875
6 0.3234375 0.16171875 0.15703125 0.18984375