6 0.284375 0.2328125 0.03671875 0.046875
8 0.61640625 0.26015625 0.1125 0.34296875
2 0.29296875 0.26484375 0.03828125 0.04921875
5 0.4453125 0.2765625 0.02578125 0.03515625
5 0.50703125 0.29609375 0.02890625 0.046875
8 0.503125 0.31328125 0.0984375 0.3796875
8 0.7515625 0.32421875 0.103125 0.40546875
6 0.0859375 0.3296875 0.04296875 0.03984375
5 0.26953125 0.33671875 0.02734375 0.05390625
8 0.27421875 0.4 0.0984375 0.375
8 0.11171875 0.45078125 0.0875 0.27734375
8 0.0359375 0.4546875 0.06015625 0.303125
6 0.58203125 0.1140625 0.04140625 0.0515625
7 0.76171875 0.13203125 0.04296875 0.04453125
6 0.50390625 0.1453125 0.04453125 0.05859375
2 0.5859375 0.1515625 0.03359375 0.05625
2 0.7625 0.175 0.03203125 0.046875
2 0.50703125 0.184375 0.03515625 0.046875