5 0.19296875 0.7453125 0.07734375 0.08671875
5 0.740625 0.7453125 0.053125 0.08125
5 0.50390625 0.778125 0.04765625 0.084375
8 0.9171875 0.7921875 0.0921875 0.33125
6 0.621875 0.81796875 0.08515625 0.0625
8 0.81640625 0.8296875 0.14140625 0.30625
6 0.64375 0.91640625 0.1359375 0.16640625
6 0.478125 0.98125 0.1234375 0.0375
7 0.31875 0.29921875 0.05234375 0.04140625
7 0.26328125 0.30078125 0.0828125 0.046875
6 0.48828125 0.31015625 0.115625 0.13359375
6 0.74140625 0.31484375 0.09296875 0.08515625
6 0.6328125 0.33671875 0.10078125 0.10078125
2 0.73671875 0.37109375 0.05625 0.075
2 0.32109375 0.375 0.0578125 0.0984375
2 0.275 0.37890625 0.0515625 0.0796875
2 0.440625 0.384375 0.06015625 0.06640625
2 0.4984375 0.39296875 0.05 0.075
2 0.62734375 0.4 0.0640625 0.0734375
8 0.40859375 0.45234375 0.128125 0.26953125
2 0.984375 0.4671875 0.03046875 0.07109375
8 0.31328125 0.475 0.078125 0.36015625
7 0.0390625 0.4984375 0.07734375 0.06171875
8 0.63203125 0.50703125 0.1109375 0.39609375
8 0.75625 0.53828125 0.1359375 0.56015625
8 0.21015625 0.5484375 0.17890625 0.509375
5 0.91015625 0.584375 0.06171875 0.06796875
2 0.05390625 0.5859375 0.06484375 0.09609375
8 0.53125 0.590625 0.1234375 0.69609375
5 0.35234375 0.63203125 0.08359375 0.1109375
8 0.05 0.63515625 0.1 0.3359375
5 0.9484375 0.6421875 0.03984375 0.06640625
8 0.9828125 0.64921875 0.034375 0.53125
6 0.91015625 0.684375 0.06953125 0.1234375
6 0.8265625 0.71953125 0.09375 0.13125