6 0.5984375 0.3796875 0.04296875 0.028125
8 0.7328125 0.40703125 0.04765625 0.11328125
6 0.7703125 0.43125 0.02890625 0.03359375
6 0.6390625 0.434375 0.028125 0.028125
6 0.98359375 0.4421875 0.02734375 0.028125
6 0.9390625 0.44453125 0.021875 0.025
8 0.984375 0.47734375 0.028125 0.09296875
8 0.9203125 0.48125 0.06484375 0.13828125
10 0.9140625 0.48359375 0.028125 0.0890625
6 0.81171875 0.48515625 0.02734375 0.02109375
8 0.74453125 0.4859375 0.0671875 0.16640625
8 0.64765625 0.48828125 0.0546875 0.13828125
4 0.6375 0.48828125 0.02265625 0.03984375
10 0.65859375 0.49296875 0.02734375 0.10546875
8 0.8078125 0.525 0.0546875 0.12109375
10 0.81015625 0.53828125 0.0421875 0.0546875
6 0.42265625 0.54765625 0.034375 0.0296875
10 0.41875 0.59921875 0.0578125 0.08125
8 0.415625 0.6109375 0.05625 0.14375
6 0.9015625 0.6203125 0.040625 0.04140625
8 0.890625 0.66015625 0.090625 0.128125
6 0.08671875 0.684375 0.04921875 0.05234375
10 0.0890625 0.75234375 0.03828125 0.07734375
6 0.14453125 0.75625 0.03515625 0.04765625
6 0.95 0.77734375 0.028125 0.0265625
8 0.08828125 0.79921875 0.03984375 0.26015625
8 0.9578125 0.83828125 0.07890625 0.16015625
8 0.15078125 0.85546875 0.03203125 0.24921875