2 0.71640625 0.24765625 0.06796875 0.08046875
6 0.50546875 0.41875 0.08046875 0.06484375
2 0.478125 0.496875 0.06640625 0.0921875
8 0.73359375 0.50703125 0.1734375 0.84140625
5 0.7453125 0.51171875 0.053125 0.078125
5 0.5484375 0.5453125 0.05703125 0.09765625
4 0.26953125 0.63359375 0.0703125 0.08984375
8 0.50234375 0.653125 0.15859375 0.553125
4 0.5171875 0.87421875 0.071875 0.11796875
6 0.72890625 0.15234375 0.10390625 0.1078125
9 0.759375 0.8890625 0.0546875 0.08203125
9 0.6765625 0.90390625 0.0640625 0.09375