6 0.18984375 0.35390625 0.034375 0.0390625
6 0.33828125 0.4 0.03828125 0.059375
6 0.14453125 0.403125 0.034375 0.04921875
5 0.18359375 0.415625 0.02265625 0.04375
4 0.36015625 0.43671875 0.0203125 0.0390625
6 0.74765625 0.44453125 0.05 0.04921875
8 0.140625 0.44453125 0.053125 0.16328125
8 0.19140625 0.4546875 0.0859375 0.2515625
8 0.31796875 0.4921875 0.084375 0.25390625
6 0.51484375 0.50625 0.0328125 0.03359375
4 0.33671875 0.5296875 0.02265625 0.028125
5 0.69296875 0.5609375 0.02734375 0.04921875
8 0.55 0.5671875 0.1 0.17109375
8 0.75 0.56875 0.07578125 0.31328125