5 0.52734375 0.81015625 0.14140625 0.15625
5 0.76875 0.87265625 0.12421875 0.16640625
6 0.77734375 0.18828125 0.20234375 0.240625
10 0.35859375 0.2046875 0.0828125 0.221875
6 0.4953125 0.21796875 0.19375 0.2328125
8 0.278125 0.2390625 0.15234375 0.45625
6 0.30390625 0.03046875 0.0703125 0.05078125
2 0.7609375 0.3546875 0.109375 0.20546875
2 0.49609375 0.4046875 0.1421875 0.17890625
8 0.83828125 0.53125 0.3234375 0.925
8 0.465625 0.55625 0.25234375 0.8875
10 0.428125 0.70859375 0.27578125 0.44296875
10 0.85078125 0.72734375 0.29765625 0.5296875