6 0.86953125 0.1703125 0.12578125 0.16640625
6 0.303125 0.1734375 0.14921875 0.16015625
2 0.8515625 0.309375 0.09453125 0.16796875
2 0.30390625 0.3125 0.0953125 0.1234375
8 0.54375 0.4453125 0.28359375 0.884375
8 0.284375 0.53125 0.25078125 0.9109375
10 0.5453125 0.534375 0.21875 0.58125
8 0.84296875 0.55 0.26328125 0.8796875
6 0.58203125 0.05703125 0.125 0.11015625
5 0.53828125 0.59140625 0.08046875 0.14140625
10 0.2859375 0.6296875 0.2390625 0.5796875
10 0.83671875 0.66640625 0.21875 0.58125
5 0.728125 0.75078125 0.05078125 0.10390625
5 0.85 0.90703125 0.09609375 0.15
2 0.56484375 0.16171875 0.08671875 0.1453125