6 0.4203125 0.4296875 0.053125 0.0375
6 0.359375 0.434375 0.03515625 0.0328125
2 0.41875 0.4765625 0.03203125 0.046875
6 0.61796875 0.5171875 0.0421875 0.05078125
10 0.340625 0.5375 0.05625 0.115625
6 0.46796875 0.540625 0.025 0.01796875
2 0.61640625 0.54921875 0.03515625 0.02890625
10 0.39140625 0.575 0.06171875 0.159375
10 0.475 0.5984375 0.0234375 0.025
10 0.60703125 0.6015625 0.05234375 0.06171875
8 0.45625 0.60859375 0.05234375 0.1515625
6 0.5015625 0.61953125 0.0171875 0.015625
8 0.3265625 0.62734375 0.09140625 0.415625
8 0.49765625 0.63671875 0.0390625 0.08046875
10 0.49375 0.64140625 0.01875 0.02265625
5 0.58828125 0.65078125 0.021875 0.02421875
8 0.60859375 0.65859375 0.08046875 0.340625
8 0.403125 0.6609375 0.0875 0.48515625
4 0.40390625 0.68828125 0.03671875 0.06953125
5 0.62265625 0.696875 0.028125 0.0421875
9 0.38046875 0.884375 0.06328125 0.0515625
9 0.57578125 0.7921875 0.03203125 0.04453125
9 0.615625 0.79296875 0.0390625 0.04921875
9 0.3 0.809375 0.04609375 0.0625
9 0.346875 0.80390625 0.03515625 0.06015625