6 0.7 0.20625 0.15 0.14921875
6 0.47421875 0.26171875 0.15625 0.12265625
6 0.0921875 0.3125 0.0359375 0.0375
2 0.69609375 0.3171875 0.10703125 0.15390625
6 0.2703125 0.325 0.025 0.02734375
2 0.4734375 0.36953125 0.0828125 0.11953125
10 0.26640625 0.38203125 0.0515625 0.075
8 0.2640625 0.40546875 0.0484375 0.1953125
10 0.10859375 0.41953125 0.05546875 0.12109375
8 0.1015625 0.4640625 0.0765625 0.35546875
8 0.47890625 0.48203125 0.24765625 0.5953125
8 0.74453125 0.51640625 0.325 0.76796875
10 0.48984375 0.6015625 0.2265625 0.3640625
10 0.72890625 0.64140625 0.2734375 0.48515625
5 0.65234375 0.76171875 0.14921875 0.10234375