6 0.91796875 0.28671875 0.08984375 0.1015625
6 0.63046875 0.3234375 0.06796875 0.0703125
2 0.90078125 0.35546875 0.0515625 0.06875
6 0.4203125 0.378125 0.08125 0.11171875
6 0.55625 0.38203125 0.07734375 0.1015625
6 0.10546875 0.384375 0.11015625 0.103125
2 0.63359375 0.39296875 0.04375 0.07578125
2 0.1203125 0.4421875 0.0828125 0.0984375
2 0.41328125 0.45703125 0.06640625 0.0859375
2 0.55234375 0.46171875 0.0546875 0.0828125
8 0.88046875 0.62109375 0.1828125 0.7578125
8 0.65234375 0.646875 0.1203125 0.70625
5 0.8109375 0.65234375 0.0265625 0.0703125
8 0.41484375 0.6609375 0.11015625 0.67734375
8 0.55078125 0.66640625 0.11953125 0.6671875
8 0.128125 0.66796875 0.1796875 0.6640625
5 0.5171875 0.76875 0.03984375 0.07578125
5 0.35625 0.80703125 0.06484375 0.0796875