6 0.29375 0.12109375 0.04765625 0.05078125
6 0.14453125 0.140625 0.01484375 0.01875
6 0.4453125 0.14296875 0.0328125 0.0484375
6 0.178125 0.14609375 0.015625 0.0203125
6 0.2140625 0.146875 0.0125 0.015625
6 0.57109375 0.1515625 0.02109375 0.03359375
8 0.2140625 0.16171875 0.0234375 0.0546875
2 0.44296875 0.1671875 0.0203125 0.05078125
10 0.140625 0.171875 0.03125 0.03125
10 0.46796875 0.17265625 0.0171875 0.0109375
6 0.07890625 0.175 0.02421875 0.02890625
8 0.28046875 0.175 0.08125 0.159375
2 0.57265625 0.1796875 0.0234375 0.02578125
10 0.1859375 0.1859375 0.03203125 0.034375
8 0.14375 0.18671875 0.03984375 0.1140625
10 0.046875 0.19375 0.05390625 0.04375
10 0.49140625 0.1984375 0.0296875 0.04375
8 0.184375 0.20390625 0.03984375 0.1390625
10 0.2765625 0.21171875 0.06640625 0.0984375
8 0.49140625 0.21171875 0.0296875 0.1296875
10 0.4125 0.22265625 0.0375 0.1125
6 0.10859375 0.2328125 0.02109375 0.02578125
8 0.83359375 0.24765625 0.11328125 0.1015625
6 0.65625 0.25078125 0.08125 0.0859375
8 0.05390625 0.25546875 0.071875 0.1953125
10 0.8546875 0.25625 0.0671875 0.06953125
8 0.5671875 0.271875 0.07109375 0.271875
8 0.134375 0.278125 0.07578125 0.1046875
10 0.13984375 0.28046875 0.04921875 0.0578125
8 0.41875 0.2890625 0.0578125 0.36796875
4 0.38125 0.30625 0.03671875 0.06796875
4 0.44609375 0.31484375 0.028125 0.046875
6 0.34296875 0.3171875 0.040625 0.08984375
10 0.465625 0.3265625 0.06015625 0.0921875
2 0.328125 0.3328125 0.0265625 0.0796875
10 0.771875 0.33671875 0.13125 0.184375
2 0.6625 0.34140625 0.040625 0.08125
10 0.23984375 0.35390625 0.12421875 0.178125
4 0.28359375 0.47890625 0.03515625 0.0796875
8 0.24609375 0.48984375 0.20546875 0.465625
8 0.7203125 0.5140625 0.21015625 0.60625
4 0.66875 0.5578125 0.05625 0.078125
4 0.84453125 0.5765625 0.05234375 0.0828125
9 0.2453125 0.71640625 0.08125 0.0796875
9 0.7390625 0.79375 0.078125 0.084375
9 0.69921875 0.740625 0.0546875 0.0765625
9 0.30234375 0.515625 0.065625 0.06328125
9 0.41640625 0.46328125 0.03671875 0.06328125
9 0.546875 0.39453125 0.021875 0.040625