6 0.45859375 0.2703125 0.04296875 0.0484375
4 0.284375 0.28828125 0.021875 0.04375
8 0.21328125 0.30546875 0.05 0.18984375
2 0.46484375 0.30625 0.0296875 0.04375
8 0.27421875 0.33828125 0.05859375 0.215625
4 0.4796875 0.34453125 0.0296875 0.0484375
8 0.4671875 0.40390625 0.08515625 0.32578125
6 0.859375 0.4359375 0.078125 0.0921875
2 0.875 0.5015625 0.03671875 0.0796875
8 0.8703125 0.62578125 0.1765625 0.46640625
6 0.20234375 0.23359375 0.025 0.03046875
6 0.26171875 0.2484375 0.0296875 0.0359375