6 0.78125 0.1265625 0.05546875 0.04609375
2 0.76796875 0.17421875 0.0390625 0.059375
8 0.78984375 0.31484375 0.1125 0.41796875
4 0.73671875 0.39921875 0.03203125 0.05
4 0.78828125 0.43046875 0.03984375 0.05625
6 0.60390625 0.63984375 0.03828125 0.02890625
6 0.584375 0.6859375 0.0421875 0.05546875
8 0.6921875 0.71015625 0.16171875 0.22734375
8 0.5390625 0.79921875 0.1015625 0.25625
4 0.6421875 0.79921875 0.03515625 0.0625
4 0.67109375 0.85546875 0.03359375 0.065625
4 0.6140625 0.88046875 0.03203125 0.05
9 0.50546875 0.928125 0.06484375 0.0765625
9 0.7234375 0.8765625 0.06640625 0.053125