6 0.146875 0.1140625 0.11640625 0.12578125
6 0.38671875 0.17421875 0.11640625 0.12265625
6 0.6578125 0.17734375 0.13359375 0.13203125
6 0.88203125 0.1875 0.153125 0.1546875
2 0.15078125 0.2296875 0.1046875 0.13984375
2 0.6484375 0.28984375 0.11171875 0.18671875
2 0.38984375 0.296875 0.103125 0.11640625
2 0.871875 0.303125 0.1046875 0.13671875
8 0.13203125 0.5296875 0.24921875 0.93828125
10 0.12421875 0.54921875 0.2453125 0.5171875
8 0.38125 0.57734375 0.246875 0.84296875
5 0.45703125 0.58515625 0.06171875 0.13984375
8 0.87890625 0.60234375 0.21640625 0.7953125
8 0.65078125 0.60390625 0.2390625 0.7921875
5 0.78046875 0.60546875 0.06640625 0.11796875
10 0.3734375 0.60703125 0.22265625 0.51015625
10 0.64921875 0.6265625 0.22109375 0.5515625
10 0.8828125 0.68515625 0.22890625 0.628125
5 0.196875 0.79296875 0.0703125 0.13984375
5 0.5375 0.81796875 0.07578125 0.11328125