6 0.96953125 0.34921875 0.0125 0.01484375
6 0.834375 0.35234375 0.01328125 0.01484375
8 0.96875 0.37890625 0.02421875 0.08203125
8 0.8328125 0.3875 0.02109375 0.09140625
6 0.37421875 0.4140625 0.03203125 0.03203125
6 0.30703125 0.41796875 0.0390625 0.03671875
6 0.43125 0.42265625 0.03359375 0.03515625
6 0.46328125 0.42421875 0.021875 0.03203125
8 0.37265625 0.5078125 0.04765625 0.20859375
8 0.4796875 0.5515625 0.0640625 0.29296875
8 0.41640625 0.56640625 0.06015625 0.3234375
8 0.2953125 0.56953125 0.06640625 0.33515625
4 0.43515625 0.60546875 0.028125 0.0484375