6 0.36328125 0.3578125 0.04375 0.04140625
6 0.59296875 0.36328125 0.05390625 0.04609375
6 0.45390625 0.36796875 0.0453125 0.04609375
6 0.178125 0.36953125 0.04375 0.04375
6 0.2671875 0.375 0.040625 0.0515625
6 0.51875 0.38046875 0.0453125 0.0609375
4 0.10234375 0.4984375 0.0453125 0.0828125
10 0.35859375 0.50625 0.0828125 0.18125
10 0.46015625 0.50625 0.075 0.16171875
10 0.18046875 0.52109375 0.06484375 0.190625
10 0.2640625 0.5296875 0.0828125 0.178125
10 0.528125 0.5296875 0.09453125 0.203125
10 0.6234375 0.53046875 0.09609375 0.21484375
8 0.36171875 0.590625 0.0890625 0.5015625
8 0.446875 0.59765625 0.06796875 0.5015625
8 0.25703125 0.6125 0.09453125 0.515625
8 0.18203125 0.61953125 0.05859375 0.5453125
8 0.521875 0.625 0.10703125 0.540625
4 0.3375 0.634375 0.034375 0.07109375
4 0.19921875 0.6359375 0.034375 0.06875
4 0.22890625 0.6453125 0.0328125 0.04921875
4 0.65234375 0.6453125 0.0453125 0.06875
4 0.3109375 0.646875 0.01953125 0.04140625
4 0.4671875 0.646875 0.0375 0.08046875
8 0.621875 0.64921875 0.09609375 0.61875
9 0.6203125 0.928125 0.06484375 0.05859375
9 0.6171875 0.88515625 0.06796875 0.0515625
9 0.54375 0.87890625 0.0359375 0.06328125
9 0.4765625 0.87890625 0.05859375 0.04921875
9 0.3796875 0.815625 0.04375 0.05390625
9 0.45234375 0.83359375 0.06015625 0.0515625