2 0.4140625 0.25390625 0.06953125 0.10859375
2 0.6046875 0.25859375 0.07265625 0.125
10 0.30078125 0.44375 0.21796875 0.34140625
5 0.440625 0.44609375 0.07421875 0.0625
10 0.61875 0.45234375 0.1921875 0.35
8 0.6203125 0.46640625 0.17734375 0.7875
8 0.3234375 0.48203125 0.31796875 0.81484375
5 0.64375 0.51015625 0.06953125 0.0875
5 0.50390625 0.74453125 0.0703125 0.13984375
6 0.41171875 0.13125 0.11953125 0.20859375
6 0.6046875 0.15234375 0.12109375 0.1375
9 0.61796875 0.84296875 0.0984375 0.13359375
9 0.3875 0.80078125 0.11484375 0.15234375
9 0.1875 0.74453125 0.065625 0.2375