6 0.3765625 0.1921875 0.1890625 0.134375
6 0.83671875 0.22890625 0.1984375 0.14140625
6 0.6109375 0.246875 0.15859375 0.1484375
2 0.3828125 0.29765625 0.13203125 0.1015625
2 0.834375 0.3328125 0.14140625 0.1234375
2 0.628125 0.346875 0.1109375 0.10390625
10 0.34296875 0.54921875 0.321875 0.459375
8 0.3265625 0.559375 0.35546875 0.878125
8 0.871875 0.57265625 0.25390625 0.8125
8 0.65625 0.57578125 0.240625 0.78203125
10 0.88125 0.5828125 0.234375 0.51796875
5 0.290625 0.584375 0.09140625 0.09453125
5 0.42578125 0.5890625 0.08203125 0.10546875
10 0.63359375 0.63828125 0.29453125 0.47109375
4 0.64609375 0.790625 0.1109375 0.1265625