6 0.80234375 0.53125 0.0671875 0.0609375
6 0.67421875 0.5390625 0.06640625 0.09140625
6 0.3828125 0.54296875 0.0875 0.08359375
6 0.2484375 0.54765625 0.0515625 0.05546875
6 0.6234375 0.54921875 0.04140625 0.04375
6 0.55625 0.55625 0.0421875 0.053125
6 0.4390625 0.56171875 0.0453125 0.0421875
6 0.071875 0.5625 0.05859375 0.04765625
6 0.7171875 0.56875 0.0328125 0.04765625
6 0.9484375 0.57421875 0.04375 0.04375
6 0.1828125 0.57890625 0.05390625 0.04921875
8 0.71640625 0.58828125 0.05 0.15234375
5 0.1203125 0.64453125 0.03359375 0.0515625
8 0.6109375 0.646875 0.06484375 0.29140625
8 0.9390625 0.65234375 0.08515625 0.21171875
10 0.40390625 0.66171875 0.05 0.07421875
10 0.94296875 0.6734375 0.0734375 0.1390625
10 0.6109375 0.6828125 0.05390625 0.15390625
10 0.55546875 0.6859375 0.0765625 0.175
10 0.2390625 0.69609375 0.08125 0.2078125
10 0.4484375 0.7015625 0.06015625 0.1734375
5 0.4203125 0.7046875 0.0421875 0.07265625
8 0.9421875 0.70546875 0.1125 0.58125
10 0.07734375 0.71171875 0.0953125 0.16953125
10 0.175 0.72734375 0.06015625 0.1640625
8 0.68046875 0.73359375 0.14375 0.49140625
8 0.8 0.74140625 0.121875 0.5171875
10 0.79765625 0.74921875 0.10234375 0.24921875
8 0.365625 0.75078125 0.12890625 0.49140625
8 0.4453125 0.75234375 0.0734375 0.44609375
8 0.24921875 0.75703125 0.09375 0.4859375
8 0.5515625 0.7609375 0.07890625 0.4625
8 0.0765625 0.7625 0.10234375 0.4625
10 0.3578125 0.7703125 0.0890625 0.24921875
8 0.1796875 0.7734375 0.06640625 0.434375
10 0.671875 0.7796875 0.1359375 0.27265625
10 0.96328125 0.79140625 0.07109375 0.3296875