6 0.64921875 0.19609375 0.06953125 0.08125
6 0.8671875 0.24140625 0.13046875 0.11328125
6 0.52578125 0.2609375 0.115625 0.11875
2 0.65546875 0.28046875 0.05078125 0.0984375
2 0.8453125 0.32421875 0.05703125 0.121875
10 0.65859375 0.48671875 0.13671875 0.35703125
5 0.58046875 0.55546875 0.0375 0.06640625
8 0.66171875 0.57578125 0.15859375 0.8484375
5 0.8 0.58203125 0.05 0.09453125
8 0.8765625 0.59765625 0.153125 0.8046875
8 0.50859375 0.6015625 0.13984375 0.79609375
5 0.65546875 0.60625 0.0625 0.08671875
10 0.51171875 0.6296875 0.13515625 0.46640625
10 0.875 0.65 0.13515625 0.4890625
5 0.71171875 0.7234375 0.04609375 0.090625
5 0.6078125 0.73046875 0.04296875 0.10546875