6 0.51171875 0.2203125 0.06796875 0.06015625
6 0.6515625 0.246875 0.06015625 0.05390625
6 0.44453125 0.28203125 0.0359375 0.0328125
2 0.51171875 0.2875 0.04296875 0.0765625
6 0.2203125 0.30703125 0.059375 0.046875
6 0.3 0.3109375 0.0484375 0.05234375
6 0.1625 0.31328125 0.0625 0.05703125
2 0.634375 0.31796875 0.0515625 0.071875
2 0.4515625 0.3203125 0.03046875 0.05703125
8 0.43359375 0.32890625 0.0515625 0.14296875
6 0.35703125 0.33359375 0.05625 0.05859375
2 0.2078125 0.34140625 0.025 0.040625
2 0.3 0.34765625 0.0203125 0.0375
7 0.121875 0.35625 0.0203125 0.03125
2 0.17265625 0.35859375 0.02578125 0.04921875
7 0.05 0.3640625 0.01953125 0.02734375
8 0.121875 0.37109375 0.02265625 0.05234375
2 0.35703125 0.378125 0.02890625 0.05546875
8 0.09453125 0.4125 0.01875 0.13203125
8 0.0796875 0.42734375 0.025 0.1515625
8 0.05078125 0.43125 0.028125 0.1625
8 0.3015625 0.49140625 0.0453125 0.41171875
8 0.21875 0.496875 0.06171875 0.4140625
5 0.23984375 0.5109375 0.01953125 0.02734375
5 0.2109375 0.5125 0.01484375 0.02734375
8 0.165625 0.52109375 0.05859375 0.459375
5 0.15703125 0.54375 0.01953125 0.0328125
8 0.34140625 0.54609375 0.0625 0.51328125
5 0.3515625 0.5578125 0.0421875 0.06015625
8 0.49140625 0.56796875 0.11328125 0.74453125
8 0.64921875 0.603125 0.0703125 0.7703125
9 0.52890625 0.91640625 0.053125 0.0796875
9 0.446875 0.90703125 0.078125 0.078125
9 0.634375 0.95703125 0.06953125 0.06484375
9 0.17578125 0.7390625 0.04296875 0.06015625
9 0.353125 0.79765625 0.0484375 0.0734375
9 0.3171875 0.75 0.046875 0.078125
3 0.6296875 0.29375 0.04140625 0.03125
9 0.21171875 0.69140625 0.0375 0.05078125
9 0.4375 0.715625 0.034375 0.05703125