6 0.29375 0.43359375 0.034375 0.02890625
6 0.13046875 0.45 0.0140625 0.02890625
6 0.421875 0.48203125 0.02890625 0.03046875
8 0.27109375 0.52734375 0.09140625 0.19296875
6 0.08046875 0.54296875 0.0328125 0.02421875
4 0.29609375 0.54296875 0.02109375 0.03125
8 0.1484375 0.54296875 0.03203125 0.21328125
6 0.88359375 0.5625 0.01796875 0.04375
8 0.43046875 0.58671875 0.0453125 0.246875
8 0.8390625 0.590625 0.109375 0.09140625
8 0.0625 0.6 0.096875 0.146875
6 0.17734375 0.68984375 0.03203125 0.0390625
6 0.32421875 0.7578125 0.03984375 0.025
8 0.1890625 0.83515625 0.06328125 0.32734375
8 0.31484375 0.8421875 0.07578125 0.18984375
4 0.22578125 0.85859375 0.0375 0.075
6 0.9109375 0.9640625 0.03515625 0.03125
9 0.46640625 0.715625 0.0265625 0.03515625
9 0.778125 0.65859375 0.0328125 0.02890625
9 0.41328125 0.715625 0.03984375 0.03515625