2 0.6546875 0.334375 0.11796875 0.2234375
2 0.115625 0.34140625 0.13515625 0.30078125
2 0.3890625 0.35859375 0.1453125 0.28203125
8 0.11328125 0.53359375 0.22109375 0.921875
8 0.38671875 0.55078125 0.3390625 0.89765625
8 0.73359375 0.55078125 0.3390625 0.89765625
10 0.746875 0.69296875 0.38125 0.6140625
10 0.39296875 0.73359375 0.33515625 0.53203125
10 0.1171875 0.75 0.23203125 0.5
6 0.65 0.16015625 0.17890625 0.23359375
6 0.38984375 0.19375 0.17890625 0.23359375
6 0.1265625 0.2015625 0.2 0.271875
3 0.6453125 0.29140625 0.11484375 0.09921875
3 0.13984375 0.32109375 0.1125 0.1234375
3 0.40078125 0.30546875 0.12265625 0.0890625