6 0.97265625 0.228125 0.0375 0.040625
6 0.9859375 0.278125 0.0265625 0.05546875
6 0.9171875 0.2859375 0.01796875 0.05703125
6 0.7875 0.2890625 0.025 0.03359375
6 0.940625 0.296875 0.0375 0.046875
6 0.8890625 0.30234375 0.0359375 0.04453125
6 0.73515625 0.3109375 0.0296875 0.040625
2 0.784375 0.33125 0.028125 0.05078125
2 0.97734375 0.33359375 0.0328125 0.059375
2 0.93203125 0.33828125 0.02734375 0.065625
2 0.88203125 0.34375 0.02890625 0.059375
2 0.73203125 0.35546875 0.02109375 0.053125
2 0.834375 0.36328125 0.02734375 0.05546875
6 0.21484375 0.36640625 0.03984375 0.06171875
6 0.353125 0.371875 0.02421875 0.046875
5 0.31796875 0.42109375 0.01484375 0.05703125
5 0.715625 0.4265625 0.01484375 0.05078125
5 0.13671875 0.44765625 0.025 0.0421875
5 0.80234375 0.45234375 0.015625 0.0640625
8 0.72890625 0.48203125 0.04765625 0.4078125
8 0.7875 0.50390625 0.06015625 0.503125
8 0.34765625 0.540625 0.06640625 0.396875
8 0.8828125 0.54140625 0.04765625 0.54375
8 0.834375 0.55390625 0.0453125 0.4796875
8 0.93359375 0.57109375 0.04296875 0.58203125
8 0.9734375 0.5921875 0.04609375 0.6578125
8 0.21015625 0.64296875 0.0671875 0.61171875
9 0.21640625 0.94765625 0.04609375 0.04921875
9 0.2328125 0.91796875 0.0453125 0.053125
9 0.35703125 0.71953125 0.0328125 0.053125
9 0.78828125 0.7421875 0.021875 0.040625
9 0.7515625 0.7296875 0.0328125 0.03828125
9 0.840625 0.77265625 0.03515625 0.046875
9 0.890625 0.825 0.03671875 0.04921875
9 0.9328125 0.83671875 0.040625 0.059375
9 0.971875 0.896875 0.0453125 0.0640625
9 0.740625 0.66875 0.0203125 0.0359375
9 0.7265625 0.6578125 0.02265625 0.03203125