6 0.12890625 0.42578125 0.05546875 0.0578125
6 0.64140625 0.43671875 0.04296875 0.0453125
6 0.3671875 0.4515625 0.0375 0.04921875
6 0.3 0.453125 0.04296875 0.0515625
6 0.73984375 0.4578125 0.07109375 0.075
6 0.4046875 0.47890625 0.02109375 0.0296875
2 0.29609375 0.4890625 0.02734375 0.05546875
6 0.43125 0.49453125 0.02265625 0.028125
6 0.6125 0.49765625 0.04140625 0.04296875
10 0.39609375 0.5203125 0.02734375 0.0453125
8 0.3953125 0.5265625 0.01875 0.1265625
8 0.10390625 0.528125 0.1140625 0.27890625
10 0.1046875 0.528125 0.05546875 0.1546875
10 0.42109375 0.534375 0.0171875 0.06015625
10 0.24375 0.53515625 0.084375 0.1265625
10 0.66484375 0.53515625 0.04453125 0.10546875
8 0.421875 0.5453125 0.02109375 0.1375
8 0.353125 0.55703125 0.03125 0.259375
8 0.25078125 0.5625 0.09453125 0.31328125
8 0.6546875 0.5796875 0.0640625 0.34296875
8 0.5765625 0.5828125 0.05 0.21640625
10 0.8 0.5859375 0.1 0.1671875
10 0.60390625 0.58671875 0.0171875 0.0578125
5 0.63359375 0.61796875 0.015625 0.0296875
4 0.2625 0.6234375 0.015625 0.040625
8 0.7875 0.634375 0.1484375 0.43125
4 0.303125 0.64375 0.03125 0.046875
4 0.8140625 0.64453125 0.0375 0.05390625
4 0.75078125 0.6953125 0.03828125 0.046875
9 0.025 0.8421875 0.03828125 0.05390625
9 0.2484375 0.76484375 0.03828125 0.040625
9 0.3109375 0.70078125 0.0203125 0.03203125
9 0.34609375 0.70390625 0.0359375 0.02578125
9 0.7671875 0.86171875 0.05546875 0.046875