10 0.21171875 0.31015625 0.14921875 0.35703125
6 0.48828125 0.36328125 0.0828125 0.1359375
4 0.284375 0.45546875 0.06953125 0.0796875
10 0.56328125 0.471875 0.16328125 0.19765625
6 0.68984375 0.47734375 0.1 0.0875
8 0.21796875 0.49140625 0.21796875 0.95
2 0.66875 0.56015625 0.0453125 0.0859375
8 0.53671875 0.62578125 0.20625 0.64453125
5 0.47578125 0.69453125 0.04765625 0.09609375
5 0.603125 0.696875 0.04921875 0.071875
6 0.2859375 0.07109375 0.08515625 0.12578125
10 0.7046875 0.709375 0.14921875 0.2890625
8 0.67578125 0.715625 0.19453125 0.56875
2 0.28125 0.14375 0.06484375 0.0796875
4 0.6015625 0.9453125 0.06015625 0.09765625
9 0.159375 0.93515625 0.07421875 0.065625
9 0.2296875 0.9375 0.07734375 0.071875
9 0.4640625 0.921875 0.078125 0.06171875