5 0.78359375 0.328125 0.04609375 0.0703125
6 0.94375 0.35546875 0.02109375 0.02265625
10 0.61796875 0.41875 0.13125 0.315625
10 0.95078125 0.4296875 0.04765625 0.0953125
8 0.95 0.45859375 0.07109375 0.2484375
8 0.78828125 0.4890625 0.17734375 0.88828125
8 0.621875 0.52734375 0.12265625 0.825
5 0.60078125 0.571875 0.03984375 0.0671875
6 0.74765625 0.08125 0.06640625 0.0921875
2 0.75390625 0.14453125 0.05859375 0.0859375
6 0.61640625 0.15625 0.09609375 0.0828125
2 0.64375 0.21328125 0.04140625 0.0640625
10 0.78359375 0.31171875 0.13359375 0.2609375
9 0.84921875 0.87109375 0.075 0.11171875
9 0.74765625 0.88046875 0.05390625 0.11484375
9 0.65546875 0.87734375 0.09765625 0.12734375
9 0.59296875 0.89296875 0.08515625 0.13671875