2 0.82890625 0.1984375 0.0546875 0.065625
6 0.484375 0.2515625 0.0875 0.10859375
2 0.4796875 0.31015625 0.0625 0.10234375
5 0.84921875 0.3703125 0.059375 0.0671875
8 0.43828125 0.39375 0.24140625 0.375
6 0.47578125 0.4125 0.0859375 0.12578125
6 0.6640625 0.43828125 0.0765625 0.10390625
8 0.83203125 0.4765625 0.1578125 0.80703125
2 0.465625 0.4875 0.05625 0.10546875
2 0.65546875 0.503125 0.04609375 0.07734375
5 0.55390625 0.56484375 0.0484375 0.090625
8 0.64375 0.63203125 0.190625 0.47265625
5 0.48125 0.6359375 0.0609375 0.10078125
8 0.396875 0.65078125 0.24140625 0.5875
5 0.7078125 0.6796875 0.053125 0.09375
5 0.6625 0.84296875 0.04609375 0.08203125
6 0.83515625 0.12421875 0.08125 0.10546875
9 0.340625 0.88671875 0.10546875 0.11875
9 0.578125 0.8359375 0.06640625 0.10234375
9 0.70625 0.8421875 0.090625 0.08203125
9 0.8296875 0.8578125 0.04296875 0.0640625
9 0.86796875 0.853125 0.04609375 0.065625
9 0.40703125 0.865625 0.096875 0.0703125