2 0.49140625 0.234375 0.028125 0.06484375
8 0.40234375 0.2390625 0.090625 0.340625
10 0.41015625 0.2453125 0.07421875 0.1984375
8 0.4984375 0.2765625 0.07578125 0.22421875
10 0.58046875 0.29921875 0.09375 0.23515625
5 0.3984375 0.35703125 0.02578125 0.0484375
7 0.78671875 0.37421875 0.046875 0.0515625
8 0.59765625 0.43984375 0.096875 0.671875
4 0.6453125 0.44375 0.040625 0.09453125
10 0.765625 0.48125 0.08984375 0.1515625
8 0.759375 0.521875 0.11015625 0.33671875
7 0.89140625 0.59375 0.03984375 0.071875
10 0.8171875 0.6484375 0.06953125 0.16640625
8 0.8265625 0.68125 0.159375 0.221875
7 0.415625 0.0796875 0.03984375 0.03671875
7 0.5984375 0.10546875 0.06171875 0.07421875
2 0.42109375 0.121875 0.025 0.05546875
7 0.48359375 0.1734375 0.04140625 0.05390625