6 0.4109375 0.4078125 0.03671875 0.06328125
6 0.51796875 0.4484375 0.0421875 0.06640625
6 0.67109375 0.52109375 0.0390625 0.06171875
8 0.36875 0.534375 0.1109375 0.31640625
8 0.51953125 0.61875 0.14140625 0.4
8 0.63125 0.72421875 0.13984375 0.46328125
10 0.65390625 0.6640625 0.0765625 0.19296875
10 0.49921875 0.60078125 0.071875 0.1828125
10 0.36640625 0.49921875 0.08046875 0.15703125
9 0.47578125 0.78046875 0.02734375 0.10390625
9 0.61484375 0.903125 0.0375 0.09375
9 0.46015625 0.75859375 0.0265625 0.08359375