6 0.5796875 0.2921875 0.115625 0.10546875
6 0.4453125 0.30390625 0.1 0.1234375
6 0.2671875 0.31640625 0.12578125 0.11953125
2 0.56640625 0.3796875 0.065625 0.1171875
2 0.440625 0.396875 0.06875 0.0953125
2 0.275 0.4015625 0.06328125 0.090625
5 0.19375 0.484375 0.0734375 0.10546875
10 0.2484375 0.58828125 0.1734375 0.34375
8 0.4609375 0.615625 0.2 0.74296875
8 0.615625 0.61875 0.15703125 0.75703125
10 0.4609375 0.628125 0.18984375 0.40078125
10 0.628125 0.6296875 0.165625 0.4078125
8 0.2203125 0.63515625 0.18203125 0.72890625
5 0.3875 0.64375 0.028125 0.05390625
5 0.4515625 0.67890625 0.07734375 0.09375
4 0.6171875 0.8265625 0.07265625 0.234375
3 0.275 0.37890625 0.05859375 0.03671875
3 0.440625 0.36875 0.05390625 0.03046875
3 0.5640625 0.36640625 0.04921875 0.04453125