2 0.88125 0.21796875 0.07734375 0.1046875
7 0.153125 0.265625 0.07890625 0.084375
7 0.4390625 0.28046875 0.08515625 0.0734375
7 0.67734375 0.28046875 0.0875 0.0734375
7 0.5640625 0.3125 0.0609375 0.06953125
7 0.28984375 0.31796875 0.06484375 0.0578125
2 0.15703125 0.3421875 0.0734375 0.1140625
2 0.4421875 0.3546875 0.08125 0.1125
2 0.67890625 0.3609375 0.0625 0.103125
2 0.55859375 0.38203125 0.06015625 0.08828125
2 0.2890625 0.3953125 0.06875 0.10703125
10 0.88671875 0.4421875 0.2234375 0.35859375
8 0.88125 0.56328125 0.225 0.8734375
10 0.54921875 0.5765625 0.09140625 0.31328125
10 0.6796875 0.59375 0.15625 0.4
10 0.10859375 0.5953125 0.0828125 0.4109375
10 0.4265625 0.60859375 0.1453125 0.4109375
10 0.2640625 0.62578125 0.14609375 0.38828125
8 0.421875 0.628125 0.1625 0.74375
8 0.1453125 0.63046875 0.1609375 0.7390625
8 0.6828125 0.63125 0.1625 0.7375
8 0.27109375 0.64921875 0.1421875 0.69453125
8 0.54765625 0.65234375 0.0921875 0.6953125
5 0.6703125 0.7421875 0.06640625 0.0921875
5 0.57578125 0.746875 0.04609375 0.05625
5 0.29375 0.7953125 0.06484375 0.08984375
5 0.3640625 0.8328125 0.0515625 0.1046875
7 0.8828125 0.13984375 0.09375 0.06171875
3 0.56015625 0.37265625 0.04765625 0.03203125
3 0.8640625 0.2015625 0.0546875 0.0390625