8 0.428125 0.19609375 0.0515625 0.2125
2 0.25859375 0.2046875 0.03125 0.06015625
2 0.3859375 0.20546875 0.0421875 0.065625
6 0.67421875 0.21171875 0.04609375 0.05859375
2 0.20234375 0.2203125 0.03203125 0.07890625
2 0.52109375 0.2203125 0.028125 0.06015625
2 0.3296875 0.22109375 0.0421875 0.065625
2 0.553125 0.23046875 0.0359375 0.07734375
10 0.4265625 0.23671875 0.05390625 0.109375
8 0.26328125 0.2421875 0.0671875 0.240625
2 0.46953125 0.24375 0.03125 0.06953125
2 0.621875 0.24453125 0.0328125 0.05625
2 0.1234375 0.25 0.0359375 0.075
2 0.678125 0.26875 0.0375 0.075
10 0.2015625 0.37109375 0.0953125 0.2609375
10 0.55859375 0.3875 0.0875 0.2515625
10 0.32734375 0.40390625 0.08984375 0.278125
10 0.11875 0.4171875 0.1078125 0.2859375
10 0.68203125 0.4171875 0.10234375 0.259375
10 0.471875 0.43984375 0.1 0.2859375
5 0.46015625 0.49453125 0.03515625 0.05625
5 0.6546875 0.496875 0.0578125 0.0921875
8 0.62421875 0.503125 0.0578125 0.70078125
8 0.3953125 0.50859375 0.08125 0.76875
8 0.5515625 0.50859375 0.103125 0.7421875
5 0.234375 0.515625 0.0390625 0.08828125
8 0.2078125 0.52890625 0.11328125 0.825
8 0.68046875 0.5328125 0.0984375 0.68984375
8 0.32578125 0.53359375 0.1125 0.80078125
5 0.32578125 0.53515625 0.05390625 0.0921875
8 0.47578125 0.54296875 0.109375 0.7671875
8 0.1078125 0.5453125 0.1296875 0.8421875
5 0.52265625 0.58671875 0.01953125 0.075
5 0.159375 0.60625 0.0359375 0.06953125
5 0.10234375 0.61171875 0.03984375 0.06953125
6 0.43125 0.11171875 0.0453125 0.05859375
6 0.20234375 0.15 0.05 0.075
6 0.25859375 0.1515625 0.04765625 0.06953125
6 0.38515625 0.1515625 0.04765625 0.05859375
6 0.5171875 0.16484375 0.03828125 0.05859375
6 0.32734375 0.165625 0.05 0.07109375
2 0.43359375 0.17421875 0.03515625 0.0734375
6 0.11953125 0.1765625 0.05390625 0.07109375
6 0.55625 0.17734375 0.0453125 0.06953125
6 0.46796875 0.184375 0.04765625 0.0640625
6 0.6203125 0.1859375 0.04296875 0.0640625
9 0.0921875 0.95 0.046875 0.06953125
9 0.15390625 0.94140625 0.040625 0.0640625
9 0.35234375 0.9015625 0.0375 0.08828125
9 0.290625 0.90703125 0.03515625 0.08984375
9 0.19453125 0.9 0.0546875 0.09375
9 0.23515625 0.87890625 0.06953125 0.07109375
9 0.4046875 0.86640625 0.05546875 0.07109375
9 0.5140625 0.8984375 0.04765625 0.07109375
9 0.571875 0.85234375 0.0421875 0.07109375
0 0.6265625 0.7796875 0.0421875 0.17265625
3 0.675 0.253125 0.034375 0.028125
3 0.12109375 0.2265625 0.040625 0.0296875