8 0.66953125 0.27578125 0.1265625 0.5484375
7 0.55 0.3140625 0.1953125 0.1296875
7 0.79140625 0.37109375 0.09765625 0.1703125
7 0.9015625 0.38359375 0.09296875 0.1546875
2 0.59921875 0.446875 0.115625 0.24609375
8 0.79140625 0.46796875 0.1515625 0.31640625
8 0.928125 0.4734375 0.1390625 0.26015625
8 0.58046875 0.5140625 0.2328125 0.55234375
7 0.30234375 0.52734375 0.265625 0.3953125
8 0.2609375 0.63984375 0.45 0.63984375
7 0.684375 0.0703125 0.0671875 0.0875
2 0.6859375 0.1171875 0.05390625 0.10625
5 0.75078125 0.75625 0.08671875 0.12890625