6 0.79609375 0.3125 0.0421875 0.06640625
6 0.89921875 0.328125 0.05078125 0.0640625
6 0.46015625 0.3734375 0.04375 0.07578125
6 0.515625 0.39921875 0.05703125 0.06875
6 0.8671875 0.40234375 0.05390625 0.05859375
8 0.9234375 0.40546875 0.1015625 0.2375
8 0.8046875 0.41171875 0.08671875 0.23046875
10 0.803125 0.41640625 0.08671875 0.12265625
10 0.9171875 0.4390625 0.04375 0.1375
10 0.45625 0.49375 0.06875 0.14921875
5 0.7671875 0.50390625 0.03125 0.03671875
8 0.90625 0.50859375 0.109375 0.25703125
5 0.8078125 0.521875 0.01796875 0.0390625
10 0.91640625 0.53828125 0.06171875 0.1890625
8 0.44921875 0.55859375 0.075 0.4609375
10 0.52421875 0.5609375 0.06171875 0.20625
8 0.51875 0.6421875 0.0640625 0.54375
9 0.515625 0.88515625 0.071875 0.0515625
9 0.425 0.80234375 0.04609375 0.06875
9 0.48671875 0.79765625 0.040625 0.0609375