6 0.39765625 0.375 0.034375 0.03203125
6 0.559375 0.38125 0.03046875 0.03125
6 0.75078125 0.4109375 0.009375 0.0125
6 0.9171875 0.41796875 0.01171875 0.0140625
8 0.746875 0.42734375 0.01484375 0.04375
8 0.80390625 0.43671875 0.01015625 0.028125
8 0.815625 0.4375 0.0140625 0.0296875
8 0.90859375 0.46171875 0.03203125 0.11328125
5 0.52890625 0.48125 0.02734375 0.01796875
8 0.5625 0.51640625 0.06171875 0.30234375
5 0.5734375 0.53515625 0.015625 0.0421875
8 0.3953125 0.5390625 0.05078125 0.3703125
9 0.5640625 0.6515625 0.03125 0.0328125
9 0.40078125 0.70390625 0.03671875 0.028125