6 0.71953125 0.3453125 0.04609375 0.07421875
6 0.8421875 0.35 0.04140625 0.05234375
6 0.47734375 0.3703125 0.0328125 0.04765625
6 0.6671875 0.37265625 0.02734375 0.05
6 0.41875 0.37734375 0.0296875 0.0421875
4 0.62578125 0.3828125 0.040625 0.0703125
2 0.71328125 0.3890625 0.034375 0.078125
2 0.83671875 0.390625 0.0328125 0.05390625
6 0.3671875 0.396875 0.02890625 0.04609375
2 0.48046875 0.39765625 0.025 0.0359375
6 0.5515625 0.40390625 0.0328125 0.06015625
2 0.41484375 0.41171875 0.01875 0.04375
6 0.6046875 0.4203125 0.02734375 0.03984375
2 0.3703125 0.425 0.01953125 0.05390625
2 0.60234375 0.4421875 0.01953125 0.04375
10 0.4140625 0.50078125 0.05078125 0.16171875
10 0.4765625 0.51796875 0.0453125 0.184375
8 0.48046875 0.52109375 0.0515625 0.3578125
10 0.66953125 0.521875 0.04765625 0.1640625
10 0.8578125 0.525 0.06875 0.2296875
10 0.36640625 0.5359375 0.05078125 0.18828125
10 0.54765625 0.54375 0.04765625 0.19609375
10 0.72421875 0.5453125 0.07421875 0.2703125
10 0.60703125 0.5578125 0.04921875 0.1796875
8 0.42109375 0.5671875 0.05546875 0.4296875
8 0.375 0.5921875 0.07578125 0.44375
8 0.67265625 0.5921875 0.0515625 0.4796875
8 0.54765625 0.59765625 0.06015625 0.428125
5 0.3953125 0.60625 0.01171875 0.03984375
8 0.60546875 0.6078125 0.046875 0.41171875
8 0.85390625 0.61328125 0.08046875 0.57421875
5 0.35 0.61875 0.015625 0.04609375
8 0.71015625 0.65390625 0.10703125 0.671875
9 0.68125 0.9671875 0.0609375 0.065625
9 0.8578125 0.871875 0.05078125 0.0703125
9 0.728125 0.94609375 0.03984375 0.06796875
9 0.6734375 0.8 0.03125 0.04609375
9 0.615625 0.79296875 0.01953125 0.03828125
9 0.59609375 0.78984375 0.0234375 0.0421875
9 0.5640625 0.7828125 0.01953125 0.05234375
9 0.42734375 0.76171875 0.02578125 0.03984375