5 0.54375 0.38984375 0.03984375 0.0875
5 0.803125 0.43984375 0.0703125 0.11640625
8 0.58515625 0.4484375 0.22578125 0.56640625
8 0.35703125 0.46953125 0.25625 0.4953125
10 0.609375 0.5 0.1703125 0.33359375
10 0.8609375 0.51484375 0.20234375 0.37890625
8 0.82890625 0.52109375 0.30625 0.71875
5 0.3 0.57578125 0.0796875 0.090625
5 0.559375 0.5875 0.05 0.08125
6 0.62109375 0.221875 0.10234375 0.10703125
6 0.896875 0.2234375 0.11015625 0.14921875
7 0.33671875 0.2265625 0.0859375 0.06484375
2 0.60078125 0.2765625 0.065625 0.09375
2 0.859375 0.29296875 0.09375 0.10703125
2 0.34296875 0.315625 0.0859375 0.1
9 0.21015625 0.853125 0.1 0.096875
9 0.36171875 0.9 0.07578125 0.16796875
9 0.553125 0.93515625 0.14609375 0.1296875