6 0.73828125 0.2453125 0.028125 0.05078125
10 0.73828125 0.3625 0.0453125 0.1453125
8 0.625 0.36953125 0.0546875 0.24609375
4 0.80546875 0.3765625 0.03046875 0.053125
10 0.6234375 0.403125 0.04140625 0.13515625
8 0.73984375 0.41796875 0.0703125 0.415625
4 0.68125 0.421875 0.0265625 0.05546875
10 0.89140625 0.421875 0.03515625 0.04609375
6 0.6375 0.5171875 0.02734375 0.03828125
10 0.85859375 0.56015625 0.05625 0.221875
10 0.64140625 0.65546875 0.0546875 0.15234375
8 0.84609375 0.66640625 0.06953125 0.628125
5 0.90390625 0.68359375 0.03125 0.07265625
8 0.64609375 0.7171875 0.06875 0.4296875