6 0.6578125 0.52734375 0.034375 0.02890625
8 0.6875 0.5734375 0.0921875 0.1265625
4 0.6625 0.6140625 0.01484375 0.01953125
6 0.3875 0.7359375 0.04140625 0.0296875
8 0.38984375 0.746875 0.08828125 0.05078125
4 0.4625 0.7640625 0.03125 0.02421875
6 0.27734375 0.7640625 0.03125 0.03359375
6 0.41171875 0.78671875 0.03359375 0.02421875
6 0.6671875 0.8140625 0.04453125 0.01875
6 0.7375 0.81796875 0.0515625 0.021875
8 0.41640625 0.81875 0.046875 0.07734375
8 0.2421875 0.82734375 0.11171875 0.175
4 0.353125 0.8328125 0.0359375 0.03359375
8 0.646875 0.8578125 0.078125 0.10546875
8 0.73359375 0.8640625 0.07578125 0.1046875