6 0.290625 0.23515625 0.21953125 0.20234375
6 0.83828125 0.3421875 0.190625 0.2015625
6 0.57421875 0.38515625 0.25390625 0.21796875
2 0.3375 0.428125 0.0921875 0.15234375
2 0.8640625 0.5046875 0.1390625 0.14609375
2 0.61796875 0.53515625 0.13359375 0.1953125
8 0.84140625 0.565625 0.3171875 0.640625
8 0.25625 0.58359375 0.3078125 0.825
8 0.49296875 0.6484375 0.41875 0.703125
10 0.81953125 0.70078125 0.359375 0.478125
10 0.209375 0.73125 0.215625 0.53671875
10 0.45 0.74296875 0.365625 0.5140625
3 0.3328125 0.37890625 0.1078125 0.0828125
3 0.625 0.4859375 0.0796875 0.059375
3 0.846875 0.46484375 0.14453125 0.0765625