6 0.14453125 0.1359375 0.1796875 0.15703125
6 0.52890625 0.1515625 0.11796875 0.09609375
6 0.8546875 0.1984375 0.171875 0.14609375
2 0.5390625 0.246875 0.07734375 0.115625
6 0.2875 0.26328125 0.08203125 0.09609375
6 0.76484375 0.26328125 0.078125 0.08828125
2 0.18046875 0.26875 0.11171875 0.1578125
2 0.834375 0.31328125 0.0765625 0.1734375
2 0.296875 0.3421875 0.06484375 0.0875
2 0.7578125 0.35234375 0.06015625 0.08984375
8 0.1546875 0.528125 0.3078125 0.94140625
8 0.52734375 0.54921875 0.2515625 0.9015625
8 0.88125 0.5578125 0.2375 0.87421875
8 0.32109375 0.596875 0.159375 0.771875
5 0.25625 0.60703125 0.1140625 0.15546875
8 0.74921875 0.609375 0.175 0.76328125
5 0.6703125 0.73046875 0.1015625 0.11796875
5 0.51640625 0.7625 0.11796875 0.11484375
5 0.75234375 0.84140625 0.090625 0.13046875