6 0.534375 0.50546875 0.0640625 0.10390625
4 0.4 0.5375 0.06171875 0.06640625
8 0.49375 0.6484375 0.1640625 0.396875
8 0.31171875 0.6625 0.17734375 0.6453125
4 0.103125 0.72890625 0.109375 0.16328125
4 0.3140625 0.8015625 0.075 0.1
6 0.2421875 0.15078125 0.1296875 0.17421875
2 0.25546875 0.234375 0.0703125 0.10234375
6 0.3234375 0.37109375 0.1 0.0984375
2 0.33046875 0.440625 0.04609375 0.08046875
8 0.1484375 0.4796875 0.29609375 0.925
9 0.371875 0.925 0.090625 0.0765625
9 0.43515625 0.7953125 0.040625 0.06484375