6 0.496875 0.1859375 0.10078125 0.1515625
6 0.721875 0.21875 0.1359375 0.2015625
2 0.50546875 0.29375 0.0734375 0.11796875
2 0.2875 0.30546875 0.159375 0.24140625
2 0.71953125 0.37890625 0.10546875 0.19140625
8 0.521875 0.4609375 0.21875 0.74453125
8 0.2515625 0.50234375 0.340625 0.99453125
8 0.71796875 0.56015625 0.2375 0.8796875
10 0.52421875 0.5765625 0.17265625 0.415625
10 0.26171875 0.70234375 0.30625 0.59453125
10 0.675 0.74296875 0.26171875 0.5078125
6 0.28046875 0.1109375 0.16484375 0.203125
3 0.715625 0.32734375 0.10546875 0.0625
3 0.28359375 0.26328125 0.128125 0.0625
3 0.49765625 0.26328125 0.0671875 0.0484375