5 0.26796875 0.87734375 0.1046875 0.17109375
6 0.26484375 0.11171875 0.14765625 0.15234375
6 0.69453125 0.13515625 0.1515625 0.16796875
6 0.525 0.23671875 0.140625 0.159375
2 0.2625 0.25390625 0.10859375 0.17421875
2 0.69296875 0.2640625 0.1078125 0.1828125
2 0.52109375 0.353125 0.12578125 0.16328125
8 0.1765625 0.52265625 0.3046875 0.9546875
8 0.7890625 0.5234375 0.34375 0.953125
8 0.478125 0.5875 0.28828125 0.825
10 0.7703125 0.65234375 0.28984375 0.6796875
10 0.1890625 0.6640625 0.2984375 0.66953125
10 0.48125 0.7078125 0.29765625 0.584375
5 0.6984375 0.709375 0.11484375 0.159375