6 0.21875 0.1265625 0.05546875 0.04609375
2 0.23203125 0.17421875 0.0390625 0.059375
8 0.21015625 0.31484375 0.1125 0.41796875
4 0.26328125 0.39921875 0.03203125 0.05
4 0.21171875 0.43046875 0.03984375 0.05625
6 0.39609375 0.63984375 0.03828125 0.02890625
6 0.415625 0.6859375 0.0421875 0.05546875
8 0.3078125 0.71015625 0.16171875 0.22734375
8 0.4609375 0.79921875 0.1015625 0.25625
4 0.3578125 0.79921875 0.03515625 0.0625
4 0.32890625 0.85546875 0.03359375 0.065625
4 0.3859375 0.88046875 0.03203125 0.05
9 0.49453125 0.928125 0.06484375 0.0765625
9 0.2765625 0.8765625 0.06640625 0.053125