2 0.709375 0.30546875 0.03203125 0.04140625
6 0.46484375 0.30859375 0.0328125 0.0390625
6 0.315625 0.3140625 0.0390625 0.0421875
6 0.628125 0.3171875 0.0328125 0.0328125
2 0.78984375 0.31796875 0.0359375 0.034375
6 0.5484375 0.32265625 0.0296875 0.0328125
8 0.70078125 0.32734375 0.06640625 0.13125
6 0.74765625 0.3375 0.03828125 0.04609375
2 0.46640625 0.3421875 0.01875 0.04453125
8 0.796875 0.34453125 0.0625 0.1625
6 0.3859375 0.346875 0.03359375 0.0375
2 0.31796875 0.35 0.0234375 0.05390625
2 0.54765625 0.35 0.02265625 0.05078125
10 0.70546875 0.35703125 0.0640625 0.0703125
6 0.85 0.35859375 0.04140625 0.0390625
8 0.32578125 0.36640625 0.0578125 0.1453125
7 0.659375 0.36875 0.03515625 0.0375
6 0.56796875 0.375 0.0390625 0.0390625
10 0.790625 0.37734375 0.0546875 0.1
8 0.4671875 0.37734375 0.07890625 0.1625
2 0.390625 0.378125 0.01953125 0.04453125
2 0.74296875 0.3796875 0.0359375 0.04765625
8 0.54765625 0.38125 0.0546875 0.13203125
8 0.61796875 0.3828125 0.05390625 0.16640625
6 0.28203125 0.38515625 0.04140625 0.0421875
6 0.45078125 0.3890625 0.0390625 0.040625
6 0.17109375 0.390625 0.04921875 0.04609375
2 0.8453125 0.39375 0.03125 0.05234375
2 0.659375 0.4 0.028125 0.0375
10 0.61953125 0.4015625 0.040625 0.07265625
10 0.3265625 0.40234375 0.0578125 0.07734375
10 0.484375 0.40390625 0.0546875 0.08671875
10 0.528125 0.40859375 0.0421875 0.096875
2 0.5671875 0.41953125 0.02890625 0.05390625
2 0.4515625 0.42421875 0.0296875 0.04765625
2 0.284375 0.43203125 0.0265625 0.04765625
8 0.38984375 0.4390625 0.0671875 0.21015625
6 0.34453125 0.44375 0.04375 0.04375
8 0.28984375 0.4453125 0.06953125 0.1453125
2 0.17734375 0.45 0.03828125 0.0578125
10 0.3921875 0.45234375 0.0671875 0.1265625
6 0.25 0.47109375 0.053125 0.046875
10 0.74609375 0.478125 0.07890625 0.1734375
2 0.34765625 0.48515625 0.0375 0.05078125
10 0.85078125 0.49296875 0.1078125 0.18671875
10 0.66015625 0.5046875 0.1 0.190625
10 0.5640625 0.50625 0.0734375 0.15234375
2 0.253125 0.51171875 0.0375 0.04765625
10 0.45625 0.528125 0.0765625 0.1734375
8 0.73671875 0.53359375 0.09921875 0.4328125
8 0.8390625 0.54921875 0.1015625 0.409375
8 0.5609375 0.56484375 0.08984375 0.409375
8 0.65859375 0.56953125 0.1046875 0.4296875
8 0.4609375 0.5984375 0.08515625 0.4546875
5 0.5640625 0.59921875 0.03203125 0.04609375
10 0.36015625 0.6 0.115625 0.19296875
8 0.16953125 0.61796875 0.10078125 0.48828125
10 0.2515625 0.62734375 0.11796875 0.19296875
8 0.3609375 0.63984375 0.1046875 0.42109375
5 0.16328125 0.6765625 0.02421875 0.0609375
8 0.25546875 0.6828125 0.12109375 0.45
6 0.665625 0.1765625 0.02109375 0.02890625
2 0.6671875 0.1984375 0.02265625 0.028125
10 0.675 0.2328125 0.05078125 0.06875
8 0.66953125 0.25703125 0.05859375 0.1921875
6 0.70859375 0.278125 0.0296875 0.03203125
6 0.79296875 0.28125 0.0328125 0.03125
9 0.17734375 0.83125 0.0328125 0.07578125
9 0.8234375 0.73515625 0.0296875 0.05234375
9 0.79140625 0.70390625 0.03515625 0.05078125
9 0.746875 0.728125 0.0484375 0.05625
9 0.69921875 0.7125 0.02421875 0.06484375
9 0.6625 0.7640625 0.0296875 0.06796875
9 0.62578125 0.7265625 0.04609375 0.04765625
9 0.56953125 0.7390625 0.03359375 0.06328125
9 0.5328125 0.74765625 0.02578125 0.0578125
9 0.47890625 0.79375 0.0296875 0.078125
9 0.45390625 0.7578125 0.04609375 0.05390625
9 0.37265625 0.8125 0.0375 0.06328125
9 0.34765625 0.821875 0.0328125 0.0703125
9 0.290625 0.87421875 0.03515625 0.0515625
9 0.26640625 0.88671875 0.0359375 0.0609375
3 0.45390625 0.41796875 0.02421875 0.01796875
3 0.25078125 0.4953125 0.0328125 0.01796875
3 0.31875 0.3359375 0.02421875 0.015625