8 0.97421875 0.86640625 0.0515625 0.13046875
10 0.97578125 0.88984375 0.0484375 0.0546875
5 0.34296875 0.26953125 0.04140625 0.05234375
6 0.72890625 0.325 0.08515625 0.0921875
6 0.23515625 0.353125 0.0640625 0.0609375
10 0.2421875 0.503125 0.09140625 0.2109375
5 0.62890625 0.52109375 0.03828125 0.0515625
10 0.74296875 0.5390625 0.0921875 0.28671875
8 0.746875 0.596875 0.1453125 0.63515625
8 0.2125 0.60625 0.153125 0.60546875
10 0.525 0.66796875 0.03046875 0.05703125
8 0.53125 0.671875 0.065625 0.15
9 0.24609375 0.8890625 0.0796875 0.06015625