6 0.40390625 0.2234375 0.0453125 0.0484375
2 0.40078125 0.2609375 0.0234375 0.04140625
8 0.40703125 0.37734375 0.0859375 0.35234375
6 0.26328125 0.38125 0.05625 0.0671875
6 0.1984375 0.3984375 0.04765625 0.0546875
5 0.1546875 0.5078125 0.03125 0.0578125
6 0.58046875 0.54765625 0.0640625 0.075
8 0.20078125 0.5546875 0.07890625 0.3546875
8 0.2703125 0.565625 0.0640625 0.43359375
5 0.37890625 0.57890625 0.03515625 0.0734375
6 0.7625 0.625 0.07265625 0.09375
6 0.3484375 0.62578125 0.0578125 0.0953125
6 0.50625 0.63046875 0.0671875 0.08984375
6 0.1609375 0.659375 0.07265625 0.08828125
8 0.15390625 0.71484375 0.08515625 0.1875
8 0.5890625 0.72578125 0.07734375 0.46875
6 0.18046875 0.75859375 0.0765625 0.1109375
8 0.3609375 0.76328125 0.11875 0.409375
8 0.36171875 0.7703125 0.11875 0.40703125
8 0.76875 0.78046875 0.13984375 0.4125
8 0.50078125 0.7859375 0.11875 0.409375
8 0.20546875 0.85546875 0.1609375 0.2890625
6 0.875 0.87734375 0.08984375 0.1140625
8 0.8765625 0.90625 0.12265625 0.1875
6 0.640625 0.9390625 0.0890625 0.121875
6 0.37578125 0.98359375 0.0890625 0.0328125