6 0.15625 0.475 0.0609375 0.0421875
6 0.6390625 0.47578125 0.040625 0.03515625
6 0.9125 0.4859375 0.0484375 0.03828125
6 0.4953125 0.4875 0.05 0.03515625
6 0.06328125 0.48984375 0.059375 0.0421875
6 0.77109375 0.49453125 0.0515625 0.05234375
6 0.3484375 0.4953125 0.046875 0.03671875
2 0.15546875 0.5140625 0.04375 0.05546875
2 0.05859375 0.51640625 0.03515625 0.05234375
6 0.5625 0.51953125 0.0484375 0.03203125
6 0.28671875 0.5203125 0.0421875 0.03671875
2 0.49453125 0.52421875 0.0359375 0.05234375
6 0.42265625 0.5265625 0.03515625 0.03359375
6 0.70234375 0.528125 0.040625 0.03203125
2 0.6359375 0.53046875 0.04296875 0.065625
2 0.9109375 0.53359375 0.0390625 0.071875
2 0.7734375 0.53671875 0.0390625 0.06875
2 0.35078125 0.53671875 0.04296875 0.05390625
6 0.81328125 0.5390625 0.0421875 0.0390625
6 0.22109375 0.5484375 0.03203125 0.03359375
8 0.81875 0.54921875 0.0515625 0.07265625
6 0.51953125 0.5546875 0.0171875 0.0234375
2 0.56484375 0.55546875 0.03203125 0.05390625
2 0.4265625 0.559375 0.03125 0.046875
2 0.28828125 0.5609375 0.03125 0.05
8 0.425 0.5625 0.0734375 0.15
6 0.4453125 0.5703125 0.01953125 0.03671875
2 0.7 0.571875 0.034375 0.05078125
2 0.21953125 0.5796875 0.0265625 0.04375
8 0.70390625 0.6109375 0.059375 0.23203125
8 0.56640625 0.61171875 0.0609375 0.1984375
8 0.9171875 0.72265625 0.115625 0.53125
8 0.63203125 0.725 0.09765625 0.54140625
8 0.14296875 0.725 0.1125 0.5390625
8 0.48984375 0.728125 0.090625 0.54296875
8 0.04921875 0.728125 0.0984375 0.54296875
8 0.771875 0.7328125 0.10078125 0.51953125
8 0.3484375 0.73984375 0.109375 0.51953125
8 0.27734375 0.74375 0.0765625 0.48359375
5 0.090625 0.746875 0.02734375 0.0625
8 0.21015625 0.75 0.06640625 0.43359375
5 0.1875 0.75859375 0.0328125 0.0484375
5 0.38515625 0.76875 0.028125 0.0484375
5 0.303125 0.76875 0.0234375 0.05390625
9 0.103125 0.94765625 0.071875 0.1046875
9 0.16640625 0.946875 0.03828125 0.10625
9 0.0640625 0.92734375 0.0453125 0.1078125
9 0.02734375 0.92421875 0.0546875 0.1109375
9 0.225 0.92890625 0.02734375 0.0390625
9 0.190625 0.93046875 0.03984375 0.0453125
9 0.25625 0.91875 0.04375 0.10625
9 0.2953125 0.9234375 0.0296875 0.10390625
9 0.39609375 0.92578125 0.03828125 0.09609375
9 0.44375 0.92734375 0.0390625 0.1078125
9 0.54296875 0.9359375 0.040625 0.10546875
9 0.578125 0.9375 0.0390625 0.1109375