6 0.68671875 0.34140625 0.059375 0.07734375
5 0.646875 0.36328125 0.03671875 0.0515625
6 0.53828125 0.396875 0.05703125 0.0640625
2 0.53203125 0.45625 0.03515625 0.06015625
5 0.4671875 0.4875 0.0453125 0.04765625
8 0.67421875 0.48828125 0.12890625 0.3765625
6 0.79921875 0.5046875 0.05078125 0.0734375
5 0.76328125 0.5078125 0.0390625 0.0515625
2 0.7765625 0.53671875 0.03203125 0.07109375
8 0.52265625 0.571875 0.12421875 0.40390625
8 0.7703125 0.68359375 0.13828125 0.43984375
5 0.72421875 0.72734375 0.0375 0.06015625
9 0.48828125 0.71875 0.0421875 0.06484375
9 0.6359375 0.6421875 0.05234375 0.06484375
9 0.71328125 0.7890625 0.0546875 0.0671875
9 0.778125 0.8734375 0.07265625 0.0921875