6 0.6234375 0.1921875 0.1890625 0.134375
6 0.16328125 0.22890625 0.1984375 0.14140625
6 0.3890625 0.246875 0.15859375 0.1484375
2 0.6171875 0.29765625 0.13203125 0.1015625
2 0.165625 0.3328125 0.14140625 0.1234375
2 0.371875 0.346875 0.1109375 0.10390625
10 0.65703125 0.54921875 0.321875 0.459375
8 0.6734375 0.559375 0.35546875 0.878125
8 0.128125 0.57265625 0.25390625 0.8125
8 0.34375 0.57578125 0.240625 0.78203125
10 0.11875 0.5828125 0.234375 0.51796875
5 0.709375 0.584375 0.09140625 0.09453125
5 0.57421875 0.5890625 0.08203125 0.10546875
10 0.36640625 0.63828125 0.29453125 0.47109375
4 0.35390625 0.790625 0.1109375 0.1265625