6 0.40625 0.85078125 0.01171875 0.0140625
6 0.425 0.8484375 0.01640625 0.01328125
8 0.40546875 0.88984375 0.0234375 0.0875
8 0.4296875 0.884375 0.0265625 0.090625
6 0.64375 0.85546875 0.0234375 0.0234375
6 0.734375 0.90859375 0.0171875 0.0203125
6 0.7984375 0.86796875 0.0203125 0.0171875
6 0.8359375 0.8859375 0.02578125 0.0265625
10 0.796875 0.921875 0.03203125 0.06015625
10 0.9828125 0.9296875 0.034375 0.0578125
8 0.6390625 0.921875 0.03515625 0.14140625
8 0.71171875 0.946875 0.0671875 0.09765625
8 0.7921875 0.92109375 0.04375 0.13515625
8 0.84296875 0.9390625 0.0578125 0.121875
8 0.98046875 0.9234375 0.0390625 0.10234375