6 0.6296875 0.24765625 0.03671875 0.05
6 0.8625 0.34609375 0.0234375 0.03359375
6 0.35078125 0.36484375 0.03046875 0.05859375
6 0.71484375 0.37109375 0.0140625 0.025
6 0.89296875 0.37578125 0.0203125 0.01875
6 0.8203125 0.40078125 0.02109375 0.02265625
10 0.6375 0.40078125 0.0796875 0.18984375
8 0.36796875 0.446875 0.08359375 0.21015625
10 0.8859375 0.45859375 0.04609375 0.14140625
7 0.23125 0.46328125 0.03046875 0.06875
8 0.8265625 0.46875 0.03203125 0.15859375
8 0.72734375 0.490625 0.0484375 0.26484375
8 0.9046875 0.50390625 0.0328125 0.29609375
8 0.621875 0.50859375 0.11015625 0.56640625
8 0.771875 0.51328125 0.04140625 0.26875
8 0.86484375 0.521875 0.0421875 0.39375
8 0.1734375 0.55546875 0.12890625 0.20625