6 0.12265625 0.3359375 0.065625 0.05703125
2 0.12265625 0.37734375 0.034375 0.05703125
6 0.3421875 0.38046875 0.03984375 0.05703125
6 0.70078125 0.40625 0.0859375 0.14296875
2 0.3390625 0.41796875 0.034375 0.04140625
6 0.9171875 0.42265625 0.0296875 0.0328125
6 0.40390625 0.425 0.0359375 0.04453125
2 0.70703125 0.44453125 0.05 0.07734375
8 0.93984375 0.496875 0.084375 0.2
8 0.3953125 0.5296875 0.078125 0.259375
5 0.12890625 0.54609375 0.034375 0.059375
8 0.3203125 0.54765625 0.1 0.42109375
8 0.10703125 0.5609375 0.084375 0.5078125
8 0.8203125 0.65390625 0.28828125 0.66875
4 0.68203125 0.81015625 0.06015625 0.08046875
9 0.08984375 0.77890625 0.05 0.0921875
9 0.12734375 0.75234375 0.0578125 0.0921875
9 0.26484375 0.71328125 0.0359375 0.08671875