6 0.5140625 0.45078125 0.06015625 0.05859375
6 0.5921875 0.4640625 0.06015625 0.053125
6 0.665625 0.50703125 0.0640625 0.0640625
2 0.58671875 0.509375 0.034375 0.05859375
2 0.51875 0.5109375 0.03828125 0.05625
6 0.42578125 0.51875 0.06796875 0.05078125
6 0.74765625 0.534375 0.0640625 0.05625
2 0.66484375 0.55703125 0.03828125 0.053125
2 0.74609375 0.5703125 0.04765625 0.04765625
2 0.42578125 0.5734375 0.04375 0.05859375
10 0.5953125 0.653125 0.08203125 0.2078125
10 0.5140625 0.6640625 0.1203125 0.234375
10 0.67734375 0.6734375 0.0859375 0.2
10 0.409375 0.684375 0.10625 0.19453125
10 0.765625 0.7015625 0.08828125 0.21328125
8 0.51171875 0.70390625 0.0921875 0.565625
8 0.590625 0.709375 0.08203125 0.5703125
8 0.684375 0.73046875 0.11171875 0.52265625
8 0.7640625 0.73984375 0.1078125 0.51484375
8 0.40625 0.74140625 0.115625 0.50703125
5 0.59921875 0.7546875 0.034375 0.0640625
5 0.4859375 0.7796875 0.04375 0.06171875
5 0.70390625 0.7828125 0.03203125 0.05625
5 0.55625 0.78515625 0.028125 0.06640625
5 0.78984375 0.80234375 0.03203125 0.06953125
5 0.35 0.8296875 0.0359375 0.053125