7 0.72578125 0.1640625 0.07421875 0.05078125
7 0.5625 0.196875 0.053125 0.08828125
7 0.85703125 0.2078125 0.0609375 0.05078125
2 0.7421875 0.2109375 0.04921875 0.06875
7 0.27734375 0.22421875 0.04765625 0.06484375
7 0.07265625 0.24296875 0.059375 0.05625
2 0.86328125 0.2640625 0.0515625 0.07890625
8 0.7171875 0.34375 0.1125 0.41015625
5 0.8984375 0.36328125 0.03515625 0.07421875
10 0.71328125 0.378125 0.090625 0.2765625
10 0.5640625 0.428125 0.10703125 0.27578125
10 0.8296875 0.43671875 0.08203125 0.27421875
10 0.11171875 0.45390625 0.10078125 0.20703125
10 0.2828125 0.465625 0.1234375 0.3
5 0.02734375 0.49609375 0.0375 0.0640625
7 0.9328125 0.51640625 0.04609375 0.075
5 0.7734375 0.5375 0.03203125 0.065625
8 0.09140625 0.55078125 0.14296875 0.66171875
8 0.8265625 0.55390625 0.10625 0.73046875
8 0.55078125 0.56171875 0.1140625 0.753125
5 0.48125 0.57421875 0.0328125 0.07421875
8 0.296875 0.578125 0.1515625 0.74453125
5 0.36328125 0.5859375 0.034375 0.08671875
5 0.0875 0.58828125 0.0375 0.06015625
8 0.91171875 0.671875 0.0984375 0.4265625
5 0.928125 0.75234375 0.0359375 0.06015625
9 0.50859375 0.92890625 0.06484375 0.05546875
9 0.35625 0.9296875 0.0609375 0.06015625
9 0.271875 0.94453125 0.06015625 0.05546875
9 0.85390625 0.89296875 0.07734375 0.07578125
9 0.80625 0.9109375 0.08828125 0.08359375