2 0.07421875 0.15078125 0.12109375 0.1375
6 0.5875 0.2109375 0.14765625 0.17265625
2 0.53984375 0.2984375 0.0984375 0.10859375
6 0.0828125 0.03984375 0.16484375 0.0734375
8 0.5671875 0.42109375 0.35 0.6015625
10 0.06875 0.43046875 0.12890625 0.51796875
10 0.525 0.49609375 0.2546875 0.31328125
8 0.15703125 0.49609375 0.31328125 0.98984375
5 0.371875 0.6671875 0.128125 0.2359375
5 0.7390625 0.728125 0.0875 0.10078125
5 0.50390625 0.72890625 0.06875 0.10546875
5 0.1296875 0.86171875 0.08203125 0.15390625