6 0.4546875 0.371875 0.11484375 0.1265625
2 0.64765625 0.4296875 0.08984375 0.16015625
6 0.2640625 0.4515625 0.12265625 0.1375
2 0.4609375 0.4703125 0.09765625 0.12265625
2 0.2703125 0.57421875 0.08515625 0.12265625
8 0.75625 0.61171875 0.35234375 0.7546875
8 0.48359375 0.6484375 0.22265625 0.68046875
8 0.2203125 0.69296875 0.2203125 0.61328125
5 0.6859375 0.74140625 0.07265625 0.1078125
10 0.7609375 0.7453125 0.2421875 0.4796875
10 0.2203125 0.81796875 0.2046875 0.3640625
5 0.8171875 0.95703125 0.1453125 0.08515625
6 0.63984375 0.3140625 0.1546875 0.1671875
3 0.275 0.55390625 0.08515625 0.0484375