6 0.503125 0.1859375 0.10078125 0.1515625
6 0.278125 0.21875 0.1359375 0.2015625
2 0.49453125 0.29375 0.0734375 0.11796875
2 0.7125 0.30546875 0.159375 0.24140625
2 0.28046875 0.37890625 0.10546875 0.19140625
8 0.478125 0.4609375 0.21875 0.74453125
8 0.7484375 0.50234375 0.340625 0.99453125
8 0.28203125 0.56015625 0.2375 0.8796875
10 0.47578125 0.5765625 0.17265625 0.415625
10 0.73828125 0.70234375 0.30625 0.59453125
10 0.325 0.74296875 0.26171875 0.5078125
6 0.71953125 0.1109375 0.16484375 0.203125
3 0.284375 0.32734375 0.10546875 0.0625
3 0.71640625 0.26328125 0.128125 0.0625
3 0.50234375 0.26328125 0.0671875 0.0484375