6 0.321875 0.275 0.0328125 0.0328125
2 0.32109375 0.3109375 0.0234375 0.04296875
8 0.321875 0.31640625 0.040625 0.09140625
6 0.440625 0.35859375 0.04765625 0.05390625
6 0.38515625 0.371875 0.0359375 0.07421875
6 0.58046875 0.38359375 0.05546875 0.05546875
2 0.45234375 0.3953125 0.0375 0.06328125
2 0.365625 0.40078125 0.03203125 0.06484375
8 0.4890625 0.403125 0.12109375 0.146875
8 0.34921875 0.42421875 0.11015625 0.1578125
5 0.39609375 0.48984375 0.02421875 0.0359375
6 0.43515625 0.5015625 0.0359375 0.04296875
5 0.52421875 0.51875 0.02421875 0.040625
8 0.62265625 0.521875 0.11640625 0.34375
8 0.41875 0.54375 0.06328125 0.125
5 0.3421875 0.55234375 0.0328125 0.04609375
5 0.428125 0.59921875 0.025 0.040625