6 0.465625 0.50546875 0.0640625 0.10390625
4 0.6 0.5375 0.06171875 0.06640625
8 0.50625 0.6484375 0.1640625 0.396875
8 0.68828125 0.6625 0.17734375 0.6453125
4 0.896875 0.72890625 0.109375 0.16328125
4 0.6859375 0.8015625 0.075 0.1
6 0.7578125 0.15078125 0.1296875 0.17421875
2 0.74453125 0.234375 0.0703125 0.10234375
6 0.6765625 0.37109375 0.1 0.0984375
2 0.66953125 0.440625 0.04609375 0.08046875
8 0.8515625 0.4796875 0.29609375 0.925
9 0.628125 0.925 0.090625 0.0765625
9 0.56484375 0.7953125 0.040625 0.06484375