6 0.4765625 0.171875 0.05390625 0.059375
6 0.35859375 0.1875 0.05859375 0.0875
6 0.78671875 0.203125 0.02578125 0.034375
6 0.60703125 0.209375 0.0484375 0.078125
6 0.7265625 0.2125 0.06171875 0.0875
6 0.5515625 0.21484375 0.05859375 0.0671875
6 0.409375 0.2171875 0.03984375 0.046875
6 0.85390625 0.22109375 0.01875 0.0234375
2 0.471875 0.22734375 0.046875 0.0734375
6 0.878125 0.228125 0.01875 0.025
6 0.6578125 0.228125 0.04296875 0.06875
6 0.81484375 0.23046875 0.04921875 0.0671875
6 0.27421875 0.23359375 0.07265625 0.0734375
6 0.92265625 0.23671875 0.01875 0.0234375
8 0.4078125 0.2375 0.0390625 0.084375
6 0.95 0.24375 0.01484375 0.021875
6 0.98515625 0.25 0.02421875 0.021875
2 0.35703125 0.25703125 0.0390625 0.0546875
2 0.40390625 0.259375 0.02734375 0.046875
8 0.66484375 0.2609375 0.05234375 0.140625
2 0.76953125 0.271875 0.0296875 0.053125
2 0.6078125 0.275 0.034375 0.053125
2 0.54921875 0.28125 0.0421875 0.071875
2 0.7265625 0.284375 0.0453125 0.08125
2 0.80703125 0.2953125 0.040625 0.0625
2 0.28359375 0.3046875 0.03984375 0.071875
8 0.87109375 0.321875 0.034375 0.1875
8 0.953125 0.321875 0.025 0.178125
8 0.9796875 0.34296875 0.03828125 0.2109375
8 0.91640625 0.35234375 0.0421875 0.2421875
8 0.46015625 0.478125 0.090625 0.66875
8 0.6171875 0.4875 0.0828125 0.609375
5 0.646875 0.4953125 0.01953125 0.05625
8 0.815625 0.509375 0.06640625 0.621875
8 0.3546875 0.534375 0.10546875 0.759375
5 0.865625 0.54453125 0.02578125 0.0484375
8 0.553125 0.55 0.103125 0.740625
5 0.4125 0.55390625 0.03828125 0.0546875
5 0.60703125 0.5546875 0.0390625 0.059375
8 0.7359375 0.5625 0.1078125 0.7625
5 0.5078125 0.57578125 0.02734375 0.0609375
5 0.8078125 0.5796875 0.0375 0.06875
5 0.6671875 0.58125 0.0328125 0.078125
8 0.26953125 0.59140625 0.11015625 0.7671875
5 0.3296875 0.64375 0.0375 0.06875
9 0.72265625 0.91015625 0.05625 0.06875
9 0.7765625 0.94140625 0.0484375 0.059375
9 0.525 0.90234375 0.06796875 0.0671875
9 0.590625 0.84921875 0.034375 0.0703125
9 0.475 0.8109375 0.03671875 0.0625
9 0.4390625 0.81328125 0.0390625 0.0703125
9 0.38125 0.88984375 0.03359375 0.0578125
9 0.33671875 0.8046875 0.046875 0.1234375
9 0.2984375 0.9265625 0.046875 0.08125
9 0.625 0.77734375 0.0375 0.0546875
9 0.8234375 0.809375 0.0421875 0.0625
9 0.790625 0.78359375 0.0328125 0.0859375
9 0.6734375 0.715625 0.03203125 0.06875
3 0.28671875 0.28359375 0.03984375 0.040625
3 0.8046875 0.28125 0.03671875 0.03125
3 0.5453125 0.259375 0.03984375 0.0296875
3 0.47109375 0.20625 0.03515625 0.03125