8 0.459375 0.24140625 0.16875 0.25859375
5 0.4109375 0.284375 0.0359375 0.07109375
6 0.240625 0.35234375 0.1078125 0.1484375
2 0.24296875 0.4265625 0.05390625 0.07734375
10 0.37265625 0.44921875 0.19765625 0.19140625
5 0.1578125 0.54921875 0.0640625 0.10234375
8 0.30546875 0.5828125 0.38046875 0.6390625
5 0.13984375 0.6875 0.09375 0.1078125
6 0.3875 0.140625 0.02734375 0.05390625
2 0.40390625 0.1625 0.021875 0.05390625
10 0.45 0.16484375 0.08515625 0.0828125
9 0.328125 0.85703125 0.0875 0.09296875