6 0.72421875 0.23203125 0.05390625 0.0359375
2 0.72109375 0.3046875 0.05234375 0.103125
6 0.57421875 0.3234375 0.0515625 0.0359375
2 0.5703125 0.3796875 0.03984375 0.0765625
8 0.22578125 0.5109375 0.2234375 0.97734375
8 0.5671875 0.59765625 0.1421875 0.5984375
8 0.72734375 0.60390625 0.1296875 0.78046875
6 0.2125 0.06484375 0.09765625 0.0953125
2 0.209375 0.13359375 0.08359375 0.1203125
9 0.51328125 0.87734375 0.06875 0.07109375
9 0.65625 0.87265625 0.0625 0.0734375
9 0.67734375 0.9640625 0.0734375 0.07109375