6 0.7296875 0.2296875 0.05859375 0.01875
6 0.27109375 0.2765625 0.05234375 0.03203125
8 0.746875 0.2875 0.0875 0.1421875
7 0.653125 0.29609375 0.06875 0.0234375
8 0.31875 0.3046875 0.10390625 0.09140625
2 0.64765625 0.31953125 0.06875 0.0265625
5 0.825 0.33203125 0.03515625 0.0265625
7 0.21796875 0.34296875 0.0609375 0.0203125
2 0.2390625 0.36484375 0.0296875 0.0234375
8 0.5875 0.38671875 0.15859375 0.203125
8 0.22265625 0.409375 0.1328125 0.13359375
5 0.7328125 0.4234375 0.0375 0.025
6 0.7703125 0.44296875 0.084375 0.028125