6 0.60078125 0.1609375 0.0421875 0.03828125
2 0.3375 0.16796875 0.0390625 0.0453125
6 0.53671875 0.17890625 0.0515625 0.0703125
2 0.83671875 0.1828125 0.046875 0.0703125
6 0.7390625 0.1828125 0.05078125 0.05234375
6 0.12578125 0.18984375 0.05 0.0421875
2 0.603125 0.2015625 0.028125 0.06015625
2 0.12890625 0.2359375 0.03125 0.046875
2 0.74140625 0.2375 0.0390625 0.0640625
8 0.12578125 0.2796875 0.0515625 0.21953125
10 0.33203125 0.290625 0.1015625 0.20078125
5 0.6703125 0.30703125 0.0578125 0.065625
10 0.5296875 0.3078125 0.08515625 0.19609375
10 0.08515625 0.3078125 0.096875 0.259375
10 0.60234375 0.3125 0.0671875 0.1625
10 0.86484375 0.31875 0.1453125 0.29140625
8 0.3265625 0.38359375 0.1390625 0.559375
8 0.61328125 0.3921875 0.09765625 0.4890625
4 0.3890625 0.3953125 0.03125 0.05546875
8 0.52265625 0.4 0.1203125 0.509375
8 0.08671875 0.409375 0.1078125 0.73046875
4 0.5859375 0.4125 0.021875 0.04375
4 0.4734375 0.41953125 0.02421875 0.0421875
8 0.734375 0.42109375 0.109375 0.52265625
4 0.6453125 0.42421875 0.028125 0.05859375
4 0.290625 0.428125 0.0390625 0.06015625
8 0.85625 0.4359375 0.15 0.71875
4 0.6984375 0.459375 0.0265625 0.0515625
4 0.759375 0.48046875 0.0296875 0.05546875
5 0.90078125 0.48515625 0.03828125 0.11875
6 0.075 0.08046875 0.0796875 0.07578125
6 0.85 0.11953125 0.0796875 0.075
6 0.325 0.12421875 0.05625 0.05234375
2 0.09453125 0.1453125 0.0421875 0.08046875
3 0.603125 0.18984375 0.0375 0.028125
3 0.8265625 0.15703125 0.02421875 0.03828125
3 0.10625 0.134375 0.028125 0.03203125
3 0.134375 0.22734375 0.021875 0.025
3 0.34140625 0.1546875 0.034375 0.025
9 0.1140625 0.76171875 0.0765625 0.0734375