6 0.50234375 0.290625 0.07578125 0.0625
7 0.64375 0.33359375 0.05546875 0.0484375
2 0.50234375 0.3484375 0.053125 0.065625
2 0.63515625 0.37890625 0.03984375 0.0578125
10 0.4921875 0.50234375 0.12890625 0.23828125
10 0.63125 0.521875 0.11875 0.22421875
8 0.496875 0.57578125 0.12109375 0.646875
5 0.609375 0.6125 0.04296875 0.06875
8 0.62890625 0.61875 0.13046875 0.596875
5 0.44375 0.6421875 0.034375 0.08125
9 0.48828125 0.909375 0.04921875 0.075
9 0.59765625 0.8828125 0.0578125 0.075
9 0.66328125 0.890625 0.03671875 0.08671875
9 0.5390625 0.87890625 0.0546875 0.0765625