6 0.67578125 0.60859375 0.06015625 0.05390625
6 0.6109375 0.6328125 0.034375 0.02890625
6 0.4078125 0.61640625 0.0671875 0.065625
6 0.26796875 0.55859375 0.05625 0.05078125
6 0.159375 0.58046875 0.06875 0.05078125
6 0.32734375 0.62265625 0.04140625 0.0390625
6 0.08515625 0.571875 0.05078125 0.034375
6 0.05703125 0.60703125 0.0234375 0.021875
6 0.4625 0.63125 0.02890625 0.0265625
6 0.9609375 0.65078125 0.0234375 0.021875
10 0.9625 0.7078125 0.0453125 0.078125
10 0.69296875 0.78359375 0.10546875 0.209375
10 0.61953125 0.7296875 0.05234375 0.121875
10 0.39921875 0.79921875 0.1015625 0.240625
10 0.46953125 0.725 0.04921875 0.121875
10 0.265625 0.73828125 0.1109375 0.21171875
10 0.3296875 0.746875 0.05625 0.18515625
10 0.1390625 0.7796875 0.103125 0.25078125
10 0.0796875 0.67734375 0.08359375 0.1484375
8 0.96640625 0.72421875 0.04921875 0.1828125
8 0.6921875 0.78203125 0.10703125 0.42109375
8 0.6171875 0.76796875 0.03984375 0.33828125
8 0.40078125 0.78671875 0.11640625 0.40625
8 0.4734375 0.75390625 0.0578125 0.31171875
8 0.32578125 0.78984375 0.05234375 0.3625
8 0.25625 0.76015625 0.1015625 0.4546875
8 0.13671875 0.7703125 0.1109375 0.43515625
8 0.078125 0.72734375 0.0796875 0.36953125
9 0.6171875 0.91875 0.0453125 0.034375
9 0.48125 0.8859375 0.02890625 0.04140625
9 0.96796875 0.81015625 0.0203125 0.0265625
9 0.98515625 0.81015625 0.01484375 0.0265625