6 0.4921875 0.571875 0.03203125 0.03359375
6 0.57890625 0.5453125 0.0515625 0.0234375
6 0.6421875 0.54765625 0.03828125 0.0171875
6 0.6328125 0.5703125 0.03828125 0.01875
6 0.7296875 0.5609375 0.046875 0.01875
10 0.4546875 0.58984375 0.053125 0.03515625
10 0.659375 0.6375 0.0984375 0.07734375
10 0.75234375 0.6015625 0.08203125 0.04375
8 0.44921875 0.6125 0.0953125 0.1171875
8 0.575 0.5703125 0.03984375 0.0953125
8 0.65234375 0.6734375 0.075 0.21640625
8 0.75390625 0.62421875 0.0953125 0.17109375