5 0.80703125 0.7453125 0.07734375 0.08671875
5 0.259375 0.7453125 0.053125 0.08125
5 0.49609375 0.778125 0.04765625 0.084375
8 0.0828125 0.7921875 0.0921875 0.33125
6 0.378125 0.81796875 0.08515625 0.0625
8 0.18359375 0.8296875 0.14140625 0.30625
6 0.35625 0.91640625 0.1359375 0.16640625
6 0.521875 0.98125 0.1234375 0.0375
7 0.68125 0.29921875 0.05234375 0.04140625
7 0.73671875 0.30078125 0.0828125 0.046875
6 0.51171875 0.31015625 0.115625 0.13359375
6 0.25859375 0.31484375 0.09296875 0.08515625
6 0.3671875 0.33671875 0.10078125 0.10078125
2 0.26328125 0.37109375 0.05625 0.075
2 0.67890625 0.375 0.0578125 0.0984375
2 0.725 0.37890625 0.0515625 0.0796875
2 0.559375 0.384375 0.06015625 0.06640625
2 0.5015625 0.39296875 0.05 0.075
2 0.37265625 0.4 0.0640625 0.0734375
8 0.59140625 0.45234375 0.128125 0.26953125
2 0.015625 0.4671875 0.03046875 0.07109375
8 0.68671875 0.475 0.078125 0.36015625
7 0.9609375 0.4984375 0.07734375 0.06171875
8 0.36796875 0.50703125 0.1109375 0.39609375
8 0.24375 0.53828125 0.1359375 0.56015625
8 0.78984375 0.5484375 0.17890625 0.509375
5 0.08984375 0.584375 0.06171875 0.06796875
2 0.94609375 0.5859375 0.06484375 0.09609375
8 0.46875 0.590625 0.1234375 0.69609375
5 0.64765625 0.63203125 0.08359375 0.1109375
8 0.95 0.63515625 0.1 0.3359375
5 0.0515625 0.6421875 0.03984375 0.06640625
8 0.0171875 0.64921875 0.034375 0.53125
6 0.08984375 0.684375 0.06953125 0.1234375
6 0.1734375 0.71953125 0.09375 0.13125