2 0.709375 0.21640625 0.1 0.16171875
8 0.73671875 0.5265625 0.34375 0.93828125
6 0.2140625 0.58984375 0.08125 0.07578125
10 0.72734375 0.60390625 0.28828125 0.54375
6 0.34140625 0.61015625 0.08359375 0.07578125
2 0.1984375 0.66015625 0.05703125 0.0984375
2 0.34921875 0.68359375 0.07265625 0.12265625
8 0.18671875 0.76328125 0.18984375 0.44453125
8 0.37578125 0.77890625 0.209375 0.4421875
10 0.1828125 0.8578125 0.165625 0.2703125
10 0.359375 0.87734375 0.1640625 0.24453125
5 0.3640625 0.90234375 0.065625 0.10625
6 0.71015625 0.12109375 0.14453125 0.13046875