6 0.61640625 0.696875 0.09453125 0.15234375
6 0.42578125 0.721875 0.040625 0.0625
6 0.5234375 0.7359375 0.034375 0.075
6 0.30234375 0.6265625 0.16953125 0.23203125
8 0.64140625 0.809375 0.1609375 0.38125
8 0.415625 0.84140625 0.08125 0.31640625
8 0.23984375 0.759375 0.2875 0.48125
8 0.5015625 0.8515625 0.1125 0.296875
10 0.65703125 0.88984375 0.1921875 0.21953125
10 0.4984375 0.88828125 0.11953125 0.2234375
10 0.41171875 0.86015625 0.07734375 0.209375
10 0.22421875 0.8859375 0.28359375 0.22734375