6 0.54453125 0.29453125 0.0828125 0.07734375
6 0.70546875 0.32109375 0.1 0.0890625
6 0.36015625 0.34921875 0.0875 0.084375
2 0.53828125 0.35390625 0.04765625 0.071875
2 0.68671875 0.38984375 0.05234375 0.075
2 0.38046875 0.3953125 0.0546875 0.0796875
5 0.62265625 0.44140625 0.03515625 0.075
4 0.575 0.45625 0.03671875 0.075
8 0.54921875 0.49140625 0.1390625 0.47421875
5 0.3109375 0.52734375 0.0296875 0.0671875
4 0.6640625 0.56484375 0.0515625 0.0671875
5 0.5046875 0.5703125 0.02734375 0.06875
8 0.71640625 0.575 0.209375 0.59296875
8 0.37421875 0.6046875 0.19921875 0.6203125
9 0.4265625 0.7421875 0.07265625 0.10625
9 0.6375 0.76015625 0.07734375 0.0734375
9 0.75234375 0.81640625 0.05625 0.1140625
9 0.52890625 0.6890625 0.05234375 0.08671875
9 0.590625 0.6984375 0.04765625 0.0796875