7 0.596875 0.30546875 0.04765625 0.0453125
6 0.51328125 0.30703125 0.04921875 0.05703125
6 0.81640625 0.309375 0.05078125 0.0546875
6 0.428125 0.31171875 0.0625 0.0734375
2 0.80625 0.3390625 0.028125 0.0453125
8 0.82421875 0.49921875 0.08203125 0.41796875
8 0.5125 0.509375 0.103125 0.4515625
8 0.4109375 0.52578125 0.12109375 0.4953125
8 0.58984375 0.54453125 0.11875 0.5234375
9 0.81953125 0.7046875 0.0453125 0.05859375
9 0.56953125 0.78046875 0.05234375 0.05703125
9 0.628125 0.7859375 0.0375 0.04140625
9 0.853125 0.7046875 0.03359375 0.05703125