2 0.78359375 0.2078125 0.10703125 0.18203125
2 0.4859375 0.22421875 0.10390625 0.175
2 0.15546875 0.2578125 0.1234375 0.21796875
5 0.91015625 0.47421875 0.1671875 0.33515625
8 0.815625 0.515625 0.184375 0.9015625
8 0.14296875 0.5171875 0.228125 0.9515625
8 0.4578125 0.52890625 0.20390625 0.94140625
10 0.81484375 0.66640625 0.24609375 0.61015625
10 0.14140625 0.6796875 0.24921875 0.546875
5 0.41015625 0.8 0.10078125 0.15
5 0.50078125 0.81640625 0.08359375 0.11640625
6 0.48359375 0.10859375 0.13203125 0.11640625
6 0.10234375 0.1203125 0.19765625 0.21328125
6 0.82421875 0.14921875 0.16171875 0.23203125
3 0.50546875 0.18359375 0.0828125 0.06015625