6 0.81171875 0.41171875 0.0296875 0.0578125
6 0.71328125 0.42109375 0.03984375 0.07109375
6 0.2828125 0.440625 0.0484375 0.08359375
6 0.465625 0.453125 0.0484375 0.09609375
5 0.71640625 0.5453125 0.0203125 0.0421875
8 0.7890625 0.5484375 0.0984375 0.35078125
4 0.80859375 0.5625 0.0203125 0.0515625
6 0.07109375 0.5640625 0.028125 0.03515625
4 0.27578125 0.58984375 0.021875 0.0546875
8 0.28515625 0.59140625 0.08984375 0.41796875
8 0.68046875 0.59453125 0.08515625 0.41171875
8 0.4796875 0.615625 0.096875 0.42109375
4 0.453125 0.6171875 0.0234375 0.0578125
8 0.0625 0.64609375 0.0546875 0.20546875
5 0.7125 0.6546875 0.021875 0.0484375
4 0.46953125 0.671875 0.025 0.0515625
9 0.315625 0.7765625 0.0265625 0.0546875
9 0.275 0.771875 0.03828125 0.0578125