6 0.45703125 0.1921875 0.08828125 0.07890625
6 0.6734375 0.2046875 0.08671875 0.0859375
6 0.82578125 0.20859375 0.0984375 0.09140625
2 0.46640625 0.2609375 0.05234375 0.07578125
2 0.68984375 0.26640625 0.0546875 0.065625
2 0.80390625 0.27578125 0.0390625 0.06875
10 0.846875 0.434375 0.08984375 0.221875
10 0.69296875 0.4359375 0.11640625 0.26171875
10 0.446875 0.4453125 0.10234375 0.27578125
5 0.7640625 0.475 0.0484375 0.06328125
5 0.659375 0.4953125 0.05625 0.0546875
5 0.79375 0.5109375 0.06328125 0.0546875
5 0.528125 0.52109375 0.04765625 0.06015625
5 0.7375 0.53515625 0.034375 0.06015625
8 0.44765625 0.5765625 0.1140625 0.83515625
8 0.84765625 0.5796875 0.13515625 0.8296875
8 0.69765625 0.58046875 0.14765625 0.83828125
5 0.39609375 0.615625 0.05234375 0.07578125
3 0.471875 0.23828125 0.04921875 0.0296875
3 0.68671875 0.24765625 0.04765625 0.0484375
9 0.3765625 0.9421875 0.0765625 0.115625