10 0.796875 0.68203125 0.20625 0.6359375
10 0.3625 0.71796875 0.22578125 0.5609375
10 0.61875 0.75 0.1484375 0.45859375
6 0.7578125 0.08828125 0.134375 0.159375
4 0.61953125 0.9078125 0.06171875 0.14765625
6 0.38515625 0.190625 0.10703125 0.24765625
6 0.615625 0.21328125 0.0875 0.146875
2 0.7234375 0.25390625 0.06796875 0.2390625
2 0.6265625 0.36875 0.0796875 0.175
2 0.39453125 0.378125 0.07109375 0.1796875
8 0.7953125 0.5 0.2046875 0.99921875
8 0.35703125 0.5265625 0.2875 0.94609375
8 0.6078125 0.56328125 0.171875 0.8734375
3 0.396875 0.32578125 0.0609375 0.06171875
3 0.628125 0.3140625 0.0703125 0.075