6 0.08515625 0.28203125 0.05703125 0.0484375
6 0.8640625 0.32265625 0.06015625 0.06015625
2 0.08671875 0.328125 0.04453125 0.0625
6 0.6375 0.3328125 0.04140625 0.0390625
6 0.56015625 0.346875 0.03671875 0.0390625
6 0.2765625 0.34765625 0.04296875 0.04609375
6 0.30390625 0.35234375 0.02578125 0.03671875
6 0.75078125 0.35625 0.04921875 0.0484375
6 0.403125 0.35625 0.03671875 0.0390625
2 0.634375 0.37578125 0.03203125 0.05546875
2 0.8546875 0.3765625 0.04140625 0.0625
2 0.55625 0.38125 0.03203125 0.053125
2 0.28046875 0.3859375 0.03828125 0.04375
2 0.753125 0.38671875 0.03515625 0.06015625
2 0.40078125 0.3890625 0.03203125 0.05078125
8 0.3125 0.503125 0.04609375 0.3390625
8 0.08515625 0.50546875 0.09375 0.5
8 0.559375 0.52421875 0.090625 0.38515625
8 0.4046875 0.53125 0.0859375 0.3890625
8 0.26171875 0.54140625 0.1078125 0.41484375
5 0.65234375 0.5453125 0.025 0.04375
8 0.65390625 0.5515625 0.07109375 0.47734375
5 0.7390625 0.55859375 0.03515625 0.04375
8 0.75390625 0.57265625 0.0984375 0.48125
8 0.87109375 0.57578125 0.1140625 0.5671875
9 0.2359375 0.73515625 0.04453125 0.04375
9 0.1140625 0.7546875 0.04609375 0.04609375
9 0.0765625 0.75234375 0.04609375 0.05546875
9 0.28203125 0.72890625 0.03359375 0.04140625
9 0.3765625 0.70703125 0.03046875 0.04140625
9 0.4328125 0.7046875 0.03203125 0.04375
9 0.32734375 0.665625 0.021875 0.03203125
9 0.9015625 0.8453125 0.05078125 0.06484375
9 0.8328125 0.8421875 0.04921875 0.06015625
9 0.803125 0.7890625 0.04140625 0.0390625
9 0.73359375 0.79375 0.03203125 0.05078125
9 0.675 0.759375 0.03828125 0.0484375