6 0.3 0.20625 0.15 0.14921875
6 0.52578125 0.26171875 0.15625 0.12265625
6 0.9078125 0.3125 0.0359375 0.0375
2 0.30390625 0.3171875 0.10703125 0.15390625
6 0.7296875 0.325 0.025 0.02734375
2 0.5265625 0.36953125 0.0828125 0.11953125
10 0.73359375 0.38203125 0.0515625 0.075
8 0.7359375 0.40546875 0.0484375 0.1953125
10 0.89140625 0.41953125 0.05546875 0.12109375
8 0.8984375 0.4640625 0.0765625 0.35546875
8 0.52109375 0.48203125 0.24765625 0.5953125
8 0.25546875 0.51640625 0.325 0.76796875
10 0.51015625 0.6015625 0.2265625 0.3640625
10 0.27109375 0.64140625 0.2734375 0.48515625
5 0.34765625 0.76171875 0.14921875 0.10234375