6 0.490625 0.4703125 0.025 0.0203125
6 0.55234375 0.4640625 0.01328125 0.02578125
6 0.415625 0.62578125 0.01640625 0.01875
6 0.29375 0.14765625 0.01640625 0.0203125
10 0.30625 0.184375 0.01796875 0.0328125
10 0.41640625 0.6796875 0.03984375 0.06328125
10 0.48046875 0.50234375 0.02734375 0.05625
8 0.36640625 0.08203125 0.03359375 0.0703125
8 0.303125 0.19609375 0.0421875 0.1140625
8 0.41484375 0.71484375 0.0578125 0.196875
8 0.48125 0.52265625 0.04453125 0.13125
8 0.5515625 0.5140625 0.03125 0.1375