6 0.70625 0.43359375 0.034375 0.02890625
6 0.86953125 0.45 0.0140625 0.02890625
6 0.578125 0.48203125 0.02890625 0.03046875
8 0.72890625 0.52734375 0.09140625 0.19296875
6 0.91953125 0.54296875 0.0328125 0.02421875
4 0.70390625 0.54296875 0.02109375 0.03125
8 0.8515625 0.54296875 0.03203125 0.21328125
6 0.11640625 0.5625 0.01796875 0.04375
8 0.56953125 0.58671875 0.0453125 0.246875
8 0.1609375 0.590625 0.109375 0.09140625
8 0.9375 0.6 0.096875 0.146875
6 0.82265625 0.68984375 0.03203125 0.0390625
6 0.67578125 0.7578125 0.03984375 0.025
8 0.8109375 0.83515625 0.06328125 0.32734375
8 0.68515625 0.8421875 0.07578125 0.18984375
4 0.77421875 0.85859375 0.0375 0.075
6 0.0890625 0.9640625 0.03515625 0.03125
9 0.53359375 0.715625 0.0265625 0.03515625
9 0.221875 0.65859375 0.0328125 0.02890625
9 0.58671875 0.715625 0.03984375 0.03515625