6 0.67109375 0.29375 0.13203125 0.20078125
2 0.4515625 0.4078125 0.08984375 0.21484375
2 0.64765625 0.43984375 0.075 0.1875
8 0.4046875 0.52890625 0.271875 0.9421875
8 0.6890625 0.52890625 0.271875 0.9421875
5 0.446875 0.67578125 0.10625 0.1390625
10 0.390625 0.7265625 0.2265625 0.546875
10 0.678125 0.74921875 0.22421875 0.5015625
5 0.8 0.76796875 0.05546875 0.13671875
5 0.503125 0.925 0.0515625 0.15
6 0.45546875 0.24921875 0.16484375 0.23046875
3 0.49140625 0.28125 0.10390625 0.1046875
3 0.65703125 0.4046875 0.078125 0.075