6 0.853125 0.17109375 0.28984375 0.1734375
6 0.1578125 0.25234375 0.29140625 0.1984375
2 0.83671875 0.35234375 0.18046875 0.20546875
2 0.13359375 0.421875 0.20546875 0.196875
8 0.80390625 0.53984375 0.3921875 0.89921875
8 0.1953125 0.56953125 0.3875 0.85
10 0.83984375 0.73515625 0.3203125 0.503125
10 0.165625 0.784375 0.328125 0.40546875
5 0.77578125 0.8625 0.16875 0.15859375
5 0.65703125 0.92109375 0.16796875 0.1578125
3 0.83125 0.303125 0.18984375 0.1046875
3 0.15625 0.3671875 0.22734375 0.09609375