8 0.69140625 0.646875 0.1625 0.37734375
10 0.471875 0.6765625 0.1046875 0.15546875
8 0.49765625 0.71484375 0.11640625 0.45625
5 0.65390625 0.809375 0.053125 0.09609375
5 0.546875 0.84453125 0.03984375 0.05859375
5 0.47734375 0.90078125 0.0484375 0.0671875
6 0.5578125 0.26953125 0.06640625 0.07421875
2 0.5578125 0.33203125 0.0453125 0.06171875
8 0.5640625 0.4390625 0.09609375 0.45390625
5 0.51328125 0.47421875 0.02890625 0.05390625
6 0.6890625 0.50234375 0.07109375 0.1078125
5 0.59765625 0.5109375 0.03203125 0.053125
6 0.48359375 0.53359375 0.06484375 0.096875
2 0.6921875 0.5765625 0.0484375 0.071875
2 0.490625 0.59765625 0.04921875 0.05859375
3 0.69375 0.5671875 0.05234375 0.0296875