6 0.7359375 0.340625 0.13203125 0.1109375
2 0.540625 0.36015625 0.065625 0.13828125
2 0.321875 0.37265625 0.07578125 0.12578125
2 0.72109375 0.44921875 0.078125 0.12890625
8 0.3 0.59765625 0.22421875 0.78046875
8 0.525 0.59765625 0.265625 0.76875
8 0.7296875 0.63984375 0.21171875 0.70859375
10 0.72734375 0.7265625 0.19765625 0.40859375
5 0.21796875 0.90390625 0.06015625 0.1203125
6 0.56328125 0.2609375 0.11796875 0.09609375
6 0.3328125 0.2625 0.1140625 0.10546875
5 0.56875 0.85 0.065625 0.10546875