6 0.215625 0.1359375 0.1359375 0.1359375
6 0.38828125 0.1578125 0.13203125 0.14375
2 0.2109375 0.24140625 0.08046875 0.13046875
6 0.57890625 0.2625 0.06484375 0.06171875
2 0.3984375 0.27421875 0.07265625 0.11796875
6 0.79140625 0.3484375 0.05 0.05078125
10 0.57578125 0.4 0.08984375 0.175
8 0.578125 0.4578125 0.07890625 0.50234375
8 0.15 0.48359375 0.240625 0.8046875
8 0.4234375 0.4921875 0.2546875 0.7859375
10 0.790625 0.49453125 0.09921875 0.18359375
10 0.15703125 0.53671875 0.20859375 0.465625
10 0.43515625 0.5421875 0.26171875 0.45390625
5 0.475 0.54453125 0.07421875 0.09375
8 0.78828125 0.55234375 0.1078125 0.47734375
5 0.14140625 0.6125 0.0796875 0.0890625