8 0.4671875 0.5515625 0.29453125 0.87421875
4 0.565625 0.60625 0.06875 0.13125
2 0.6671875 0.0734375 0.04765625 0.07109375
5 0.48359375 0.74296875 0.07265625 0.1421875
6 0.6796875 0.021875 0.109375 0.0328125
6 0.521875 0.240625 0.1125 0.21875
4 0.7671875 0.3140625 0.05078125 0.09296875
4 0.69296875 0.33046875 0.0546875 0.09296875
8 0.709375 0.43203125 0.22578125 0.85234375
9 0.56015625 0.9453125 0.1421875 0.09296875
9 0.765625 0.84140625 0.0578125 0.08203125
9 0.30546875 0.9453125 0.08359375 0.109375