6 0.20859375 0.3234375 0.09765625 0.0984375
6 0.575 0.3390625 0.06015625 0.05859375
6 0.47421875 0.34296875 0.06015625 0.05859375
6 0.396875 0.346875 0.06015625 0.05859375
2 0.58046875 0.38359375 0.03984375 0.0671875
2 0.4828125 0.396875 0.03984375 0.05390625
2 0.409375 0.409375 0.03828125 0.06640625
2 0.2203125 0.4140625 0.05703125 0.08515625
8 0.5734375 0.46015625 0.1140625 0.3015625
8 0.378125 0.60703125 0.1109375 0.6421875
8 0.1703125 0.6234375 0.1828125 0.75234375
8 0.471875 0.6265625 0.11015625 0.6453125
6 0.671875 0.6390625 0.084375 0.1125
8 0.5671875 0.79140625 0.265625 0.4171875