6 0.71796875 0.38984375 0.0484375 0.10234375
10 0.78671875 0.478125 0.08984375 0.225
6 0.690625 0.4875 0.0453125 0.09296875
10 0.6421875 0.53984375 0.0578125 0.14765625
5 0.81640625 0.56796875 0.03671875 0.06328125
5 0.7078125 0.60546875 0.03203125 0.06171875
8 0.7734375 0.60703125 0.13203125 0.540625
8 0.6625 0.6375 0.1140625 0.40234375
5 0.6984375 0.65546875 0.02890625 0.05234375
9 0.62265625 0.828125 0.03671875 0.06796875
9 0.7015625 0.81484375 0.065625 0.06171875
9 0.8 0.8796875 0.059375 0.075
9 0.7765625 0.82578125 0.065625 0.05