6 0.2796875 0.33671875 0.0796875 0.06015625
6 0.9671875 0.3453125 0.06015625 0.05703125
2 0.57265625 0.346875 0.03515625 0.03359375
2 0.76875 0.3484375 0.0328125 0.05
2 0.65625 0.35 0.02734375 0.03359375
2 0.14609375 0.375 0.05234375 0.06328125
2 0.9125 0.375 0.05 0.03671875
2 0.2859375 0.396875 0.0578125 0.053125
2 0.9734375 0.4 0.05234375 0.046875
8 0.575 0.46328125 0.0796875 0.33984375
5 0.59609375 0.4796875 0.0171875 0.046875
8 0.65625 0.48203125 0.0671875 0.38984375
5 0.6828125 0.5015625 0.03515625 0.05
8 0.45390625 0.50859375 0.1078125 0.4296875
8 0.76640625 0.53203125 0.14765625 0.5
5 0.4328125 0.53671875 0.03515625 0.0734375
5 0.8140625 0.53828125 0.02734375 0.0765625
8 0.1390625 0.58359375 0.14765625 0.63359375
5 0.07109375 0.61328125 0.0421875 0.06015625
8 0.93359375 0.6265625 0.1328125 0.6296875
5 0.2015625 0.63359375 0.04765625 0.0734375
5 0.88984375 0.63671875 0.0453125 0.053125
8 0.29609375 0.64140625 0.14765625 0.6296875
5 0.3703125 0.66484375 0.0453125 0.08359375
6 0.3609375 0.29296875 0.0375 0.03359375
6 0.9484375 0.3015625 0.0375 0.04296875
6 0.57890625 0.30703125 0.0625 0.046875
6 0.78515625 0.30703125 0.0796875 0.046875
6 0.81015625 0.31171875 0.0453125 0.03671875
6 0.6515625 0.31328125 0.05234375 0.03984375
6 0.1453125 0.3203125 0.0796875 0.06015625
6 0.4546875 0.321875 0.0546875 0.04296875
6 0.9125 0.3296875 0.0453125 0.03359375
9 0.7296875 0.775 0.0703125 0.06328125
9 0.10859375 0.875 0.0703125 0.06015625
9 0.41015625 0.71171875 0.0546875 0.03671875
9 0.7921875 0.76328125 0.0421875 0.046875
9 0.92734375 0.90703125 0.0578125 0.05703125