6 0.421875 0.32890625 0.1078125 0.109375
10 0.5359375 0.3359375 0.115625 0.2046875
6 0.6421875 0.40625 0.09609375 0.09296875
2 0.409375 0.41796875 0.08203125 0.12109375
8 0.521875 0.42265625 0.128125 0.71171875
5 0.44921875 0.4859375 0.04609375 0.06640625
2 0.65078125 0.5015625 0.09765625 0.09765625
8 0.32890625 0.56171875 0.2640625 0.5765625
5 0.39765625 0.59296875 0.0640625 0.07109375
8 0.7453125 0.59765625 0.30234375 0.4765625
4 0.54921875 0.80859375 0.065625 0.11171875
4 0.6890625 0.815625 0.12578125 0.11171875
6 0.52578125 0.10390625 0.0796875 0.06875
2 0.53203125 0.18203125 0.0640625 0.08359375