6 0.365625 0.24453125 0.0453125 0.05
6 0.65078125 0.353125 0.02578125 0.05078125
6 0.2 0.38046875 0.02890625 0.040625
7 0.809375 0.38203125 0.04140625 0.04140625
6 0.10546875 0.38515625 0.02578125 0.02578125
10 0.3625 0.3953125 0.0765625 0.1796875
2 0.196875 0.4015625 0.02265625 0.05390625
8 0.63515625 0.440625 0.05234375 0.23359375
10 0.15703125 0.453125 0.05234375 0.096875
8 0.3671875 0.5 0.12578125 0.578125
8 0.1 0.51328125 0.04140625 0.28515625
8 0.8375 0.53671875 0.08828125 0.30859375
8 0.17578125 0.54140625 0.06796875 0.375
6 0.82578125 0.54453125 0.0234375 0.03359375
8 0.26953125 0.5453125 0.075 0.2296875
9 0.40703125 0.76953125 0.04296875 0.05859375
9 0.3421875 0.7765625 0.04140625 0.05078125
9 0.1125 0.709375 0.03125 0.053125