6 0.66640625 0.2984375 0.1203125 0.09453125
6 0.73671875 0.35078125 0.05546875 0.06796875
6 0.5421875 0.35234375 0.084375 0.07109375
6 0.44921875 0.37578125 0.0625 0.053125
6 0.8046875 0.37578125 0.0625 0.053125
7 0.83203125 0.390625 0.02421875 0.0234375
6 0.93359375 0.3953125 0.07109375 0.05625
7 0.4046875 0.39609375 0.04453125 0.0296875
2 0.63671875 0.40390625 0.078125 0.109375
2 0.528125 0.4140625 0.06015625 0.07109375
6 0.31328125 0.4140625 0.04921875 0.059375
2 0.40234375 0.42578125 0.0359375 0.053125
2 0.80546875 0.43046875 0.05078125 0.05625
2 0.43984375 0.43359375 0.04921875 0.06796875
2 0.921875 0.44375 0.0359375 0.053125
2 0.3 0.45390625 0.04453125 0.05625
5 0.853125 0.4703125 0.0265625 0.04765625
8 0.8390625 0.5015625 0.0421875 0.2515625
5 0.18125 0.51640625 0.05078125 0.05625
8 0.8078125 0.5875 0.06875 0.4703125
8 0.4125 0.60390625 0.0640625 0.45
8 0.3125 0.60625 0.0953125 0.45
8 0.9453125 0.6171875 0.09140625 0.446875
8 0.66328125 0.62421875 0.1625 0.7515625
5 0.971875 0.62890625 0.03359375 0.05
8 0.4578125 0.65078125 0.09765625 0.59765625
8 0.55078125 0.6578125 0.1109375 0.684375
8 0.76640625 0.665625 0.084375 0.66875
5 0.7796875 0.728125 0.03984375 0.06484375
9 0.4796875 0.93203125 0.06640625 0.0828125
9 0.45546875 0.884375 0.078125 0.05
9 0.35234375 0.78984375 0.0421875 0.059375
9 0.30546875 0.8125 0.0375 0.059375
9 0.41328125 0.8046875 0.05078125 0.053125