2 0.571875 0.3484375 0.07421875 0.140625
2 0.415625 0.3515625 0.10390625 0.140625
8 0.6078125 0.46015625 0.1984375 0.5953125
6 0.134375 0.48046875 0.03671875 0.03046875
6 0.86484375 0.525 0.03125 0.025
8 0.36484375 0.53984375 0.25234375 0.6828125
8 0.87109375 0.559375 0.04765625 0.09921875
8 0.13828125 0.58828125 0.07265625 0.2453125
5 0.5015625 0.72578125 0.1015625 0.184375
6 0.5609375 0.24375 0.1109375 0.11875
6 0.421875 0.26484375 0.134375 0.12109375
3 0.428125 0.31796875 0.08359375 0.06640625