6 0.634375 0.38671875 0.1359375 0.1296875
2 0.40078125 0.43046875 0.08125 0.11328125
2 0.64296875 0.47578125 0.0953125 0.1234375
8 0.3796875 0.61796875 0.325 0.76328125
8 0.671875 0.625 0.24765625 0.75
10 0.384375 0.70625 0.2765625 0.48359375
10 0.69609375 0.71953125 0.240625 0.45859375
5 0.36171875 0.846875 0.10078125 0.12734375
5 0.721875 0.32421875 0.0796875 0.134375
6 0.39765625 0.3328125 0.1359375 0.1296875
3 0.41015625 0.3953125 0.07109375 0.0484375
3 0.63828125 0.4359375 0.0796875 0.06875
5 0.6 0.909375 0.0546875 0.06484375