4 0.45234375 0.29140625 0.0734375 0.08203125
2 0.7046875 0.340625 0.0515625 0.07890625
8 0.2 0.525 0.2609375 0.94453125
8 0.72890625 0.55390625 0.25 0.71796875
6 0.4015625 0.5609375 0.025 0.03984375
6 0.48359375 0.565625 0.025 0.02890625
8 0.39453125 0.63828125 0.04609375 0.20546875
8 0.49375 0.64765625 0.0484375 0.19765625
4 0.83515625 0.68359375 0.0484375 0.07890625
4 0.0703125 0.73515625 0.08359375 0.12421875
6 0.28203125 0.1375 0.1359375 0.16875
2 0.2828125 0.24296875 0.06640625 0.10546875
6 0.7046875 0.26015625 0.0734375 0.0921875