6 0.05078125 0.153125 0.046875 0.0515625
6 0.72265625 0.17109375 0.07265625 0.06640625
6 0.22890625 0.1734375 0.0609375 0.05546875
6 0.60390625 0.184375 0.01875 0.01953125
2 0.721875 0.22578125 0.046875 0.06171875
10 0.60234375 0.22578125 0.0203125 0.0390625
8 0.60234375 0.23359375 0.04453125 0.13125
10 0.05234375 0.27265625 0.06484375 0.13828125
8 0.0546875 0.2859375 0.0625 0.315625
10 0.2109375 0.30390625 0.078125 0.1515625
10 0.74609375 0.33125 0.075 0.2109375
8 0.228125 0.3484375 0.0796875 0.45859375
4 0.2671875 0.3828125 0.0296875 0.04921875
8 0.72421875 0.42109375 0.1234375 0.5671875
6 0.57265625 0.60625 0.05859375 0.046875
10 0.39453125 0.68125 0.10703125 0.07578125
6 0.47890625 0.68515625 0.0328125 0.04296875
8 0.40390625 0.69921875 0.1890625 0.09921875
10 0.5171875 0.73359375 0.07578125 0.15390625
8 0.5359375 0.75625 0.13359375 0.33984375
0 0.70390625 0.6328125 0.09453125 0.134375
0 0.240625 0.49921875 0.06953125 0.1140625
0 0.22421875 0.52734375 0.06171875 0.09296875
9 0.5 0.86953125 0.03828125 0.0828125