6 0.828125 0.33125 0.07578125 0.1828125
6 0.3484375 0.4640625 0.0390625 0.12265625
8 0.82421875 0.503125 0.16953125 0.634375
6 0.9421875 0.5203125 0.0609375 0.1375
8 0.640625 0.52578125 0.090625 0.40546875
8 0.92578125 0.55390625 0.090625 0.27421875
8 0.54765625 0.57734375 0.07734375 0.5828125
4 0.340625 0.6375 0.0234375 0.0796875
4 0.43984375 0.64140625 0.0328125 0.08828125
8 0.103125 0.65390625 0.0703125 0.33125
8 0.37734375 0.68828125 0.14609375 0.565625
9 0.5578125 0.834375 0.05390625 0.09453125
9 0.59921875 0.79609375 0.04921875 0.0859375
9 0.64765625 0.65546875 0.04140625 0.05703125
9 0.934375 0.78984375 0.05625 0.0859375