6 0.28359375 0.315625 0.084375 0.07890625
6 0.49765625 0.3546875 0.10625 0.08828125
2 0.28203125 0.38984375 0.0734375 0.07890625
5 0.1515625 0.39921875 0.05703125 0.1015625
2 0.48828125 0.41796875 0.05 0.10859375
10 0.278125 0.58828125 0.1609375 0.29921875
10 0.53046875 0.63203125 0.153125 0.34609375
8 0.28046875 0.6390625 0.16015625 0.72109375
8 0.55390625 0.65546875 0.15625 0.6890625
10 0.76640625 0.78671875 0.053125 0.10703125
8 0.76796875 0.8140625 0.0578125 0.25234375
5 0.640625 0.83203125 0.046875 0.08671875
10 0.01953125 0.85546875 0.0390625 0.0546875
8 0.02578125 0.8796875 0.0515625 0.20546875
3 0.29453125 0.365625 0.0546875 0.03671875