6 0.31640625 0.31796875 0.12890625 0.16171875
6 0.62265625 0.3296875 0.078125 0.0625
6 0.5203125 0.36484375 0.04375 0.03828125
6 0.721875 0.384375 0.0203125 0.01953125
2 0.60859375 0.3921875 0.046875 0.0796875
6 0.1140625 0.39765625 0.0359375 0.06015625
6 0.8234375 0.403125 0.1609375 0.12578125
6 0.17421875 0.40703125 0.1015625 0.09453125
10 0.25703125 0.45546875 0.02890625 0.05078125
8 0.2625 0.46171875 0.0328125 0.0625
8 0.10234375 0.46484375 0.04921875 0.1953125
10 0.50546875 0.471875 0.06484375 0.10390625
2 0.78046875 0.5015625 0.08359375 0.11328125
10 0.6359375 0.5265625 0.10859375 0.2125
8 0.509375 0.53125 0.08359375 0.3765625
10 0.103125 0.5328125 0.0328125 0.16640625
5 0.54375 0.56171875 0.025 0.04140625
8 0.3203125 0.6046875 0.29375 0.765625
10 0.146875 0.60859375 0.1046875 0.2171875
8 0.16328125 0.63984375 0.13046875 0.54140625
8 0.6265625 0.64375 0.1375 0.69296875
8 0.84453125 0.6609375 0.2390625 0.66875
10 0.325 0.70078125 0.28046875 0.4640625
10 0.8515625 0.73671875 0.19921875 0.33359375
5 0.75078125 0.8578125 0.0890625 0.1015625
9 0.5984375 0.93125 0.08671875 0.07734375