2 0.2359375 0.16796875 0.05390625 0.08984375
6 0.81484375 0.21171875 0.09765625 0.0796875
2 0.81015625 0.2765625 0.06484375 0.0796875
4 0.37734375 0.40703125 0.0625 0.0765625
4 0.16484375 0.45078125 0.0625 0.06171875
8 0.1640625 0.475 0.2453125 0.93203125
4 0.7078125 0.5265625 0.06484375 0.13671875
8 0.7546875 0.578125 0.275 0.81640625
4 0.7953125 0.63359375 0.1078125 0.153125
6 0.23046875 0.10390625 0.1234375 0.13828125
9 0.67265625 0.93828125 0.1296875 0.1046875
3 0.803125 0.25 0.0578125 0.03984375
3 0.24453125 0.1546875 0.0390625 0.04296875