2 0.22421875 0.11328125 0.071875 0.1015625
6 0.63203125 0.13125 0.14453125 0.09296875
2 0.62578125 0.1921875 0.071875 0.1
1 0.5046875 0.24296875 0.11875 0.16171875
8 0.43515625 0.328125 0.25234375 0.40390625
4 0.43359375 0.35234375 0.0890625 0.125
10 0.7328125 0.3828125 0.221875 0.35703125
8 0.15703125 0.4796875 0.25546875 0.95546875
8 0.7265625 0.49375 0.35703125 0.909375
6 0.23125 0.0671875 0.1671875 0.13203125
9 0.18671875 0.93203125 0.16015625 0.0765625
9 0.0765625 0.91640625 0.12734375 0.08359375
9 0.790625 0.92265625 0.16328125 0.1140625
5 0.61796875 0.509375 0.10625 0.103125