6 0.57734375 0.21640625 0.1578125 0.1421875
2 0.58046875 0.3625 0.1109375 0.20703125
8 0.57890625 0.559375 0.30390625 0.8546875
6 0.19375 0.62109375 0.078125 0.05546875
6 0.33828125 0.62421875 0.05625 0.05234375
2 0.19765625 0.67578125 0.04375 0.06328125
2 0.33046875 0.68203125 0.046875 0.075
8 0.14375 0.7953125 0.16171875 0.39765625
8 0.31171875 0.7984375 0.15 0.38828125
5 0.50546875 0.80390625 0.16875 0.21015625
5 0.3359375 0.8875 0.05234375 0.071875
5 0.28515625 0.90546875 0.03984375 0.06015625
3 0.58125 0.3359375 0.12265625 0.08359375