6 0.24609375 0.36796875 0.06796875 0.078125
6 0.57109375 0.378125 0.078125 0.0796875
6 0.52109375 0.3953125 0.06796875 0.0796875
7 0.47734375 0.3953125 0.028125 0.0359375
7 0.071875 0.396875 0.03671875 0.05078125
6 0.6484375 0.39921875 0.05 0.06875
7 0.43359375 0.40234375 0.03359375 0.0625
7 0.03828125 0.421875 0.046875 0.04921875
10 0.23828125 0.54140625 0.1203125 0.2109375
10 0.58046875 0.5625 0.128125 0.24921875
8 0.06328125 0.5703125 0.1234375 0.39765625
8 0.25078125 0.60703125 0.16171875 0.61796875
8 0.42578125 0.6078125 0.10859375 0.478125
8 0.34296875 0.60859375 0.103125 0.44921875
8 0.67578125 0.6390625 0.09140625 0.5
8 0.56328125 0.65546875 0.175 0.65078125
8 0.9546875 0.6875 0.08671875 0.59296875