6 0.403125 0.371875 0.065625 0.05625
6 0.521875 0.39453125 0.059375 0.05234375
6 0.66953125 0.396875 0.0578125 0.05625
2 0.409375 0.41875 0.05 0.05390625
6 0.6125 0.425 0.053125 0.0625
2 0.52109375 0.4375 0.0421875 0.05390625
2 0.6703125 0.44140625 0.034375 0.05859375
2 0.61328125 0.46796875 0.0390625 0.04765625
5 0.5125 0.596875 0.0375 0.05625
8 0.41015625 0.61484375 0.1046875 0.55
8 0.5109375 0.634375 0.103125 0.53125
8 0.60625 0.65078125 0.0625 0.48984375
8 0.6875 0.65078125 0.10625 0.55859375
5 0.56484375 0.66796875 0.0265625 0.05625
5 0.63359375 0.67265625 0.0421875 0.08359375
5 0.7390625 0.68046875 0.040625 0.06875
9 0.38203125 0.88125 0.0375 0.0625
9 0.43046875 0.87890625 0.0421875 0.05390625
9 0.48125 0.87890625 0.0484375 0.05625
9 0.53671875 0.86015625 0.0515625 0.05234375
9 0.6609375 0.91328125 0.0484375 0.06015625
9 0.71328125 0.93359375 0.0375 0.05625