6 0.7453125 0.240625 0.16328125 0.13515625
6 0.30078125 0.290625 0.11015625 0.2203125
2 0.25859375 0.38828125 0.0859375 0.13359375
2 0.73046875 0.39296875 0.10390625 0.1484375
6 0.44296875 0.40234375 0.06875 0.0640625
2 0.44921875 0.47265625 0.05234375 0.0921875
8 0.23203125 0.47734375 0.26953125 0.60234375
5 0.51796875 0.51328125 0.03125 0.05625
8 0.75546875 0.57421875 0.19921875 0.82734375
8 0.440625 0.5921875 0.103125 0.45390625
5 0.56484375 0.72109375 0.12109375 0.13046875
5 0.3203125 0.721875 0.1203125 0.1171875
3 0.7203125 0.3546875 0.09140625 0.07109375