7 0.26640625 0.32734375 0.12109375 0.1015625
2 0.2859375 0.4203125 0.1046875 0.146875
5 0.35703125 0.50703125 0.03828125 0.17109375
8 0.2734375 0.65625 0.25703125 0.6671875
7 0.0640625 0.78828125 0.128125 0.18828125
5 0.2796875 0.809375 0.0671875 0.08671875
8 0.0796875 0.846875 0.159375 0.27265625
7 0.6328125 0.86640625 0.11953125 0.18046875
8 0.62265625 0.89609375 0.1953125 0.20703125
7 0.85390625 0.921875 0.1375 0.15625
8 0.85703125 0.92734375 0.159375 0.13515625
3 0.29765625 0.4015625 0.05625 0.05546875