6 0.15703125 0.6546875 0.00703125 0.00859375
6 0.37734375 0.66484375 0.0203125 0.025
6 0.3078125 0.6703125 0.03125 0.0359375
6 0.225 0.67421875 0.0296875 0.03515625
8 0.15625 0.67421875 0.01953125 0.04375
10 0.371875 0.7421875 0.0484375 0.08671875
10 0.28828125 0.74765625 0.0671875 0.06953125
6 0.43984375 0.75 0.0109375 0.015625
10 0.209375 0.75078125 0.0546875 0.078125
6 0.41171875 0.75234375 0.0109375 0.00859375
8 0.44140625 0.76640625 0.01953125 0.06640625
8 0.41328125 0.78046875 0.0203125 0.07421875
8 0.36640625 0.7828125 0.04765625 0.27265625
5 0.38984375 0.78671875 0.01875 0.02890625
8 0.29375 0.79921875 0.06640625 0.27421875
4 0.2609375 0.8015625 0.02265625 0.04375
4 0.321875 0.803125 0.0265625 0.06953125
8 0.209375 0.8046875 0.07421875 0.31015625
9 0.3796875 0.90390625 0.0234375 0.0359375
9 0.3546875 0.8859375 0.01875 0.0453125
9 0.29609375 0.92265625 0.02265625 0.02734375
9 0.278125 0.9234375 0.01953125 0.02578125
9 0.2296875 0.94375 0.0328125 0.02578125
9 0.2 0.9453125 0.028125 0.0203125