6 0.2546875 0.14921875 0.1265625 0.13125
6 0.6890625 0.24375 0.14375 0.13515625
6 0.5671875 0.26171875 0.1109375 0.1296875
2 0.25859375 0.28125 0.0953125 0.13203125
6 0.3984375 0.28671875 0.1578125 0.15625
2 0.57109375 0.38125 0.078125 0.10703125
8 0.55546875 0.3890625 0.15703125 0.371875
2 0.69140625 0.40625 0.11875 0.16796875
2 0.40703125 0.43046875 0.09296875 0.13984375
8 0.20625 0.5390625 0.22734375 0.91328125
8 0.73359375 0.5890625 0.2625 0.821875
8 0.4109375 0.6046875 0.19453125 0.78203125
10 0.2125 0.61875 0.26171875 0.55625
10 0.5203125 0.671875 0.103125 0.48515625
10 0.7078125 0.7140625 0.2625 0.571875
10 0.38515625 0.7375 0.24296875 0.525
5 0.3921875 0.76015625 0.07734375 0.11796875
5 0.23515625 0.88515625 0.0984375 0.11171875
5 0.25390625 0.928125 0.08203125 0.11484375