6 0.1359375 0.43984375 0.0265625 0.0203125
6 0.1828125 0.4546875 0.01875 0.0203125
6 0.23125 0.559375 0.025 0.02265625
6 0.2984375 0.47578125 0.02734375 0.02421875
6 0.3390625 0.43125 0.0171875 0.0265625
6 0.36171875 0.396875 0.02109375 0.03203125
6 0.321875 0.58125 0.0265625 0.0265625
6 0.36796875 0.59375 0.03359375 0.0359375
6 0.434375 0.25390625 0.02109375 0.0203125
6 0.47109375 0.23515625 0.01484375 0.0171875
6 0.50546875 0.26953125 0.01640625 0.01328125
6 0.5671875 0.234375 0.025 0.0265625
6 0.509375 0.45390625 0.03359375 0.0296875
6 0.5109375 0.5171875 0.0171875 0.0171875
6 0.5828125 0.46875 0.01875 0.0265625
6 0.6328125 0.56953125 0.025 0.028125
6 0.65859375 0.4109375 0.025 0.0296875
6 0.6796875 0.45234375 0.02265625 0.0296875
6 0.71015625 0.4078125 0.025 0.028125
6 0.77890625 0.21171875 0.02265625 0.0265625
6 0.81796875 0.42578125 0.0265625 0.0265625
6 0.8921875 0.47578125 0.02890625 0.03203125
6 0.9578125 0.41171875 0.02890625 0.02421875
10 0.13046875 0.509375 0.04140625 0.08046875
10 0.2890625 0.55 0.025 0.075
10 0.3171875 0.65390625 0.0390625 0.10703125
10 0.37109375 0.65390625 0.05234375 0.08828125
10 0.36484375 0.46875 0.03515625 0.075
10 0.3328125 0.50390625 0.025 0.0734375
10 0.5328125 0.5125 0.0390625 0.06015625
10 0.60390625 0.496875 0.0421875 0.04140625
10 0.6078125 0.61796875 0.02109375 0.06171875
10 0.69140625 0.51328125 0.03984375 0.0765625
10 0.71015625 0.4484375 0.0296875 0.0484375
10 0.57265625 0.29140625 0.0328125 0.0578125
10 0.89609375 0.54765625 0.04765625 0.07890625
10 0.95703125 0.48203125 0.02890625 0.08984375
10 0.78203125 0.25859375 0.03125 0.0453125
8 0.1328125 0.5421875 0.0484375 0.22890625
8 0.1828125 0.55 0.0375 0.1953125
8 0.23125 0.603125 0.0421875 0.10703125
8 0.2890625 0.57578125 0.0171875 0.20234375
8 0.3328125 0.50078125 0.02734375 0.12734375
8 0.36875 0.471875 0.0421875 0.1484375
8 0.321875 0.69140625 0.04609375 0.24921875
8 0.3734375 0.6953125 0.0515625 0.234375
8 0.43046875 0.33203125 0.04609375 0.1875
8 0.4765625 0.23515625 0.025 0.0546875
8 0.5359375 0.33984375 0.0296875 0.16484375
8 0.57265625 0.31484375 0.05 0.1953125
8 0.48828125 0.57578125 0.05859375 0.075
8 0.5265625 0.540625 0.0671875 0.21796875
8 0.6015625 0.48671875 0.0671875 0.08828125
8 0.63203125 0.61171875 0.0609375 0.12734375
8 0.6875 0.51875 0.04765625 0.15234375
8 0.7171875 0.471875 0.04375 0.1671875
8 0.7828125 0.25859375 0.04375 0.10859375
8 0.8140625 0.525 0.0609375 0.2328125
8 0.896875 0.57890625 0.05859375 0.25703125
8 0.959375 0.51015625 0.05625 0.24375