2 0.50859375 0.234375 0.028125 0.06484375
8 0.59765625 0.2390625 0.090625 0.340625
10 0.58984375 0.2453125 0.07421875 0.1984375
8 0.5015625 0.2765625 0.07578125 0.22421875
10 0.41953125 0.29921875 0.09375 0.23515625
5 0.6015625 0.35703125 0.02578125 0.0484375
7 0.21328125 0.37421875 0.046875 0.0515625
8 0.40234375 0.43984375 0.096875 0.671875
4 0.3546875 0.44375 0.040625 0.09453125
10 0.234375 0.48125 0.08984375 0.1515625
8 0.240625 0.521875 0.11015625 0.33671875
7 0.10859375 0.59375 0.03984375 0.071875
10 0.1828125 0.6484375 0.06953125 0.16640625
8 0.1734375 0.68125 0.159375 0.221875
7 0.584375 0.0796875 0.03984375 0.03671875
7 0.4015625 0.10546875 0.06171875 0.07421875
2 0.57890625 0.121875 0.025 0.05546875
7 0.51640625 0.1734375 0.04140625 0.05390625