6 0.203125 0.4203125 0.05390625 0.06015625
6 0.33828125 0.45625 0.05234375 0.06640625
2 0.18671875 0.4640625 0.04609375 0.06328125
6 0.271875 0.49375 0.05234375 0.06875
2 0.334375 0.509375 0.0359375 0.05703125
2 0.26484375 0.5453125 0.0421875 0.06875
5 0.22734375 0.63203125 0.02578125 0.0453125
5 0.28203125 0.63828125 0.03984375 0.05703125
4 0.18515625 0.6546875 0.04609375 0.06640625
8 0.15625 0.6625 0.121875 0.615625
8 0.35234375 0.71015625 0.0921875 0.5796875
4 0.371875 0.71171875 0.03984375 0.078125
8 0.26015625 0.7234375 0.0796875 0.52890625