6 0.9234375 0.4515625 0.01796875 0.01875
6 0.88359375 0.53359375 0.01875 0.0171875
6 0.64140625 0.48828125 0.021875 0.01328125
6 0.5078125 0.4828125 0.0140625 0.015625
6 0.43515625 0.38984375 0.0109375 0.01171875
8 0.9265625 0.50390625 0.034375 0.13203125
8 0.88359375 0.55234375 0.03671875 0.06171875
8 0.64140625 0.54453125 0.0359375 0.125
6 0.55234375 0.4953125 0.0171875 0.01484375
8 0.553125 0.54453125 0.046875 0.12421875
8 0.5078125 0.5234375 0.02578125 0.09609375
8 0.43671875 0.3890625 0.03203125 0.0265625
8 0.103125 0.50703125 0.046875 0.07265625