6 0.696875 0.55625 0.02109375 0.02421875
10 0.6875 0.61484375 0.0375 0.07109375
8 0.69296875 0.6234375 0.04921875 0.1578125
4 0.575 0.6609375 0.01875 0.034375
6 0.41328125 0.68671875 0.046875 0.040625
6 0.85 0.6890625 0.0265625 0.02421875
6 0.95625 0.69375 0.02109375 0.02421875
6 0.92578125 0.69375 0.0234375 0.02421875
6 0.59453125 0.69609375 0.0375 0.0328125
6 0.7171875 0.70078125 0.0234375 0.01484375
6 0.78203125 0.71171875 0.02109375 0.01875
6 0.878125 0.71640625 0.0203125 0.0140625
10 0.59140625 0.7515625 0.05078125 0.0609375
10 0.70703125 0.753125 0.034375 0.05703125
10 0.84140625 0.7578125 0.0359375 0.0578125
10 0.88203125 0.7625 0.03984375 0.05078125
10 0.771875 0.7671875 0.03984375 0.059375
5 0.8109375 0.76953125 0.01875 0.02109375
10 0.41171875 0.77109375 0.071875 0.0875
10 0.9359375 0.77109375 0.04765625 0.08828125
8 0.88359375 0.79296875 0.0359375 0.16953125
8 0.7109375 0.79765625 0.05 0.22109375
8 0.846875 0.8 0.046875 0.24609375
8 0.77265625 0.80234375 0.04765625 0.20859375
8 0.59453125 0.809375 0.0953125 0.3109375
8 0.93984375 0.8125 0.053125 0.2484375
8 0.41328125 0.8265625 0.084375 0.33984375
4 0.4453125 0.853125 0.01796875 0.034375
9 0.8375 0.90625 0.0390625 0.03046875
9 0.9390625 0.9265625 0.0421875 0.0265625
9 0.7890625 0.8953125 0.0203125 0.02109375
9 0.75703125 0.9 0.02421875 0.01875
9 0.59609375 0.92890625 0.0296875 0.0640625
9 0.57265625 0.92890625 0.02890625 0.0671875