8 0.571875 0.19609375 0.0515625 0.2125
2 0.74140625 0.2046875 0.03125 0.06015625
2 0.6140625 0.20546875 0.0421875 0.065625
6 0.32578125 0.21171875 0.04609375 0.05859375
2 0.79765625 0.2203125 0.03203125 0.07890625
2 0.47890625 0.2203125 0.028125 0.06015625
2 0.6703125 0.22109375 0.0421875 0.065625
2 0.446875 0.23046875 0.0359375 0.07734375
10 0.5734375 0.23671875 0.05390625 0.109375
8 0.73671875 0.2421875 0.0671875 0.240625
2 0.53046875 0.24375 0.03125 0.06953125
2 0.378125 0.24453125 0.0328125 0.05625
2 0.8765625 0.25 0.0359375 0.075
2 0.321875 0.26875 0.0375 0.075
10 0.7984375 0.37109375 0.0953125 0.2609375
10 0.44140625 0.3875 0.0875 0.2515625
10 0.67265625 0.40390625 0.08984375 0.278125
10 0.88125 0.4171875 0.1078125 0.2859375
10 0.31796875 0.4171875 0.10234375 0.259375
10 0.528125 0.43984375 0.1 0.2859375
5 0.53984375 0.49453125 0.03515625 0.05625
5 0.3453125 0.496875 0.0578125 0.0921875
8 0.37578125 0.503125 0.0578125 0.70078125
8 0.6046875 0.50859375 0.08125 0.76875
8 0.4484375 0.50859375 0.103125 0.7421875
5 0.765625 0.515625 0.0390625 0.08828125
8 0.7921875 0.52890625 0.11328125 0.825
8 0.31953125 0.5328125 0.0984375 0.68984375
8 0.67421875 0.53359375 0.1125 0.80078125
5 0.67421875 0.53515625 0.05390625 0.0921875
8 0.52421875 0.54296875 0.109375 0.7671875
8 0.8921875 0.5453125 0.1296875 0.8421875
5 0.47734375 0.58671875 0.01953125 0.075
5 0.840625 0.60625 0.0359375 0.06953125
5 0.89765625 0.61171875 0.03984375 0.06953125
6 0.56875 0.11171875 0.0453125 0.05859375
6 0.79765625 0.15 0.05 0.075
6 0.74140625 0.1515625 0.04765625 0.06953125
6 0.61484375 0.1515625 0.04765625 0.05859375
6 0.4828125 0.16484375 0.03828125 0.05859375
6 0.67265625 0.165625 0.05 0.07109375
2 0.56640625 0.17421875 0.03515625 0.0734375
6 0.88046875 0.1765625 0.05390625 0.07109375
6 0.44375 0.17734375 0.0453125 0.06953125
6 0.53203125 0.184375 0.04765625 0.0640625
6 0.3796875 0.1859375 0.04296875 0.0640625
9 0.9078125 0.95 0.046875 0.06953125
9 0.84609375 0.94140625 0.040625 0.0640625
9 0.64765625 0.9015625 0.0375 0.08828125
9 0.709375 0.90703125 0.03515625 0.08984375
9 0.80546875 0.9 0.0546875 0.09375
9 0.76484375 0.87890625 0.06953125 0.07109375
9 0.5953125 0.86640625 0.05546875 0.07109375
9 0.4859375 0.8984375 0.04765625 0.07109375
9 0.428125 0.85234375 0.0421875 0.07109375
0 0.3734375 0.7796875 0.0421875 0.17265625
3 0.325 0.253125 0.034375 0.028125
3 0.87890625 0.2265625 0.040625 0.0296875