6 0.51953125 0.33359375 0.03828125 0.034375
2 0.5125 0.3546875 0.03359375 0.0296875
4 0.46171875 0.3765625 0.025 0.05078125
8 0.5 0.446875 0.0921875 0.2703125
6 0.546875 0.640625 0.03515625 0.04375
6 0.37109375 0.6671875 0.03359375 0.02734375
2 0.546875 0.6859375 0.02890625 0.04140625
2 0.3796875 0.70078125 0.021875 0.04375
4 0.48984375 0.7265625 0.0203125 0.0484375
8 0.3625 0.73671875 0.06640625 0.17578125
4 0.42109375 0.7390625 0.02890625 0.05078125
10 0.55625 0.74375 0.06015625 0.1015625
8 0.5421875 0.7640625 0.084375 0.2953125
4 0.50859375 0.7875 0.02890625 0.05546875