6 0.60234375 0.50390625 0.02109375 0.02890625
6 0.6546875 0.51875 0.01796875 0.02421875
6 0.6859375 0.4484375 0.0140625 0.02109375
6 0.746875 0.41171875 0.01484375 0.025
6 0.7453125 0.45078125 0.0140625 0.0203125
8 0.6 0.58125 0.04140625 0.21171875
8 0.65390625 0.59296875 0.028125 0.18515625
8 0.68671875 0.51796875 0.03125 0.18359375
8 0.74609375 0.5296875 0.03359375 0.1703125
8 0.74765625 0.43828125 0.03359375 0.06953125
9 0.596875 0.67265625 0.01640625 0.028125
9 0.61015625 0.67578125 0.0171875 0.02109375
9 0.63984375 0.67578125 0.01640625 0.028125
9 0.65859375 0.66953125 0.01953125 0.02109375
9 0.6890625 0.59921875 0.01953125 0.0234375
9 0.73671875 0.60390625 0.01171875 0.02578125
9 0.7515625 0.60546875 0.0171875 0.034375