6 0.94921875 0.153125 0.046875 0.0515625
6 0.27734375 0.17109375 0.07265625 0.06640625
6 0.77109375 0.1734375 0.0609375 0.05546875
6 0.39609375 0.184375 0.01875 0.01953125
2 0.278125 0.22578125 0.046875 0.06171875
10 0.39765625 0.22578125 0.0203125 0.0390625
8 0.39765625 0.23359375 0.04453125 0.13125
10 0.94765625 0.27265625 0.06484375 0.13828125
8 0.9453125 0.2859375 0.0625 0.315625
10 0.7890625 0.30390625 0.078125 0.1515625
10 0.25390625 0.33125 0.075 0.2109375
8 0.771875 0.3484375 0.0796875 0.45859375
4 0.7328125 0.3828125 0.0296875 0.04921875
8 0.27578125 0.42109375 0.1234375 0.5671875
6 0.42734375 0.60625 0.05859375 0.046875
10 0.60546875 0.68125 0.10703125 0.07578125
6 0.52109375 0.68515625 0.0328125 0.04296875
8 0.59609375 0.69921875 0.1890625 0.09921875
10 0.4828125 0.73359375 0.07578125 0.15390625
8 0.4640625 0.75625 0.13359375 0.33984375
0 0.29609375 0.6328125 0.09453125 0.134375
0 0.759375 0.49921875 0.06953125 0.1140625
0 0.77578125 0.52734375 0.06171875 0.09296875
9 0.5 0.86953125 0.03828125 0.0828125