8 0.15 0.41171875 0.29296875 0.65703125
8 0.51484375 0.45703125 0.38359375 0.83984375
8 0.85 0.5015625 0.29296875 0.88984375
10 0.53828125 0.51015625 0.35703125 0.50703125
10 0.1484375 0.56015625 0.296875 0.3796875
10 0.8546875 0.58203125 0.2765625 0.55703125
4 0.6015625 0.61640625 0.16328125 0.11328125
4 0.46328125 0.66640625 0.13984375 0.09296875
4 0.9484375 0.94140625 0.103125 0.11640625
6 0.521875 0.11640625 0.25 0.153125
6 0.79140625 0.1484375 0.25 0.15
6 0.11640625 0.15859375 0.2 0.1296875
2 0.5484375 0.246875 0.1296875 0.13359375
2 0.121875 0.3015625 0.15 0.15703125
2 0.7703125 0.3015625 0.146875 0.15
3 0.56171875 0.21328125 0.1234375 0.05703125
3 0.1296875 0.26171875 0.14296875 0.05703125