10 0.5578125 0.26875 0.021875 0.04609375
10 0.58046875 0.26953125 0.01796875 0.04375
10 0.51796875 0.27265625 0.0296875 0.0484375
6 0.07421875 0.28203125 0.01796875 0.01953125
8 0.55859375 0.29765625 0.0265625 0.1421875
8 0.509375 0.3015625 0.0484375 0.1640625
8 0.590625 0.30390625 0.028125 0.125
8 0.11015625 0.30703125 0.0296875 0.0796875
8 0.07421875 0.30703125 0.03515625 0.10390625
10 0.07265625 0.309375 0.01796875 0.03125
10 0.07265625 0.3109375 0.01484375 0.03359375
6 0.78046875 0.5515625 0.0515625 0.04375
6 0.48203125 0.5671875 0.053125 0.05078125
2 0.77734375 0.58671875 0.04140625 0.04609375
6 0.66796875 0.590625 0.04296875 0.0578125
6 0.3171875 0.59765625 0.0546875 0.08203125
6 0.571875 0.60625 0.04296875 0.06015625
6 0.53671875 0.61796875 0.03359375 0.05546875
8 0.3390625 0.66171875 0.10859375 0.23359375
10 0.49609375 0.6625 0.05859375 0.115625
10 0.678125 0.6828125 0.06328125 0.12734375
10 0.78828125 0.684375 0.0765625 0.13984375
8 0.48359375 0.6890625 0.0765625 0.2890625
10 0.34453125 0.6890625 0.078125 0.13046875
10 0.54296875 0.725 0.05703125 0.13046875
8 0.79609375 0.7265625 0.08515625 0.4171875
10 0.5984375 0.73359375 0.053125 0.1421875
8 0.67890625 0.740625 0.0484375 0.36875
8 0.53828125 0.740625 0.03984375 0.30625
8 0.59609375 0.76953125 0.03828125 0.3828125
6 0.5625 0.225 0.01796875 0.0265625
6 0.5171875 0.23046875 0.025 0.0171875
6 0.58203125 0.23125 0.01640625 0.02421875
9 0.81328125 0.95625 0.03671875 0.05078125
9 0.77265625 0.93046875 0.0484375 0.06484375