6 0.35390625 0.17734375 0.1921875 0.109375
1 0.6734375 0.2109375 0.1171875 0.1078125
1 0.36328125 0.26953125 0.13125 0.09453125
10 0.68984375 0.384375 0.2796875 0.29765625
10 0.3125 0.39453125 0.29921875 0.25
8 0.31640625 0.49296875 0.3828125 0.75625
8 0.6984375 0.49609375 0.26953125 0.83515625
4 0.309375 0.54609375 0.1546875 0.09765625
4 0.68671875 0.5578125 0.1390625 0.09609375
6 0.69921875 0.128125 0.18046875 0.0765625
9 0.38671875 0.796875 0.13671875 0.178125
9 0.21796875 0.8 0.10703125 0.16171875
9 0.74765625 0.89609375 0.13125 0.12109375
3 0.67578125 0.17578125 0.10546875 0.04765625
3 0.38515625 0.2390625 0.0796875 0.0390625