8 0.153125 0.59296875 0.30546875 0.81328125
8 0.48515625 0.6 0.2546875 0.8
10 0.48125 0.72734375 0.2546875 0.53125
10 0.1625 0.775 0.28046875 0.45
6 0.71953125 0.08125 0.0765625 0.0765625
5 0.234375 0.84921875 0.12421875 0.1578125
10 0.6703125 0.234375 0.0984375 0.18203125
6 0.22578125 0.24375 0.153125 0.153125
6 0.4234375 0.26796875 0.12109375 0.14375
8 0.7296875 0.296875 0.2296875 0.5265625
5 0.7328125 0.36328125 0.1015625 0.2390625
2 0.4328125 0.37578125 0.1015625 0.1671875
2 0.240625 0.3828125 0.0984375 0.1625