6 0.19140625 0.23515625 0.0140625 0.01171875
6 0.41640625 0.2859375 0.025 0.02421875
6 0.278125 0.32109375 0.02265625 0.02421875
6 0.21875 0.3578125 0.0265625 0.01796875
10 0.4 0.36953125 0.0453125 0.08984375
10 0.2765625 0.38984375 0.034375 0.075
10 0.2078125 0.40703125 0.0328125 0.06953125
10 0.1921875 0.27109375 0.015625 0.0375
8 0.41796875 0.41171875 0.08359375 0.28203125
8 0.275 0.4140625 0.059375 0.21328125
8 0.215625 0.41953125 0.04921875 0.15546875
8 0.19375 0.26640625 0.02265625 0.08046875
8 0.128125 0.28515625 0.03515625 0.046875
6 0.8578125 0.25625 0.04375 0.03359375
10 0.8828125 0.37578125 0.0578125 0.14296875
8 0.8796875 0.4140625 0.09453125 0.35546875
0 0.28046875 0.5 0.03125 0.04453125
0 0.39765625 0.52890625 0.04140625 0.05859375
0 0.4390625 0.5015625 0.04609375 0.071875
0 0.25078125 0.4875 0.028125 0.053125
0 0.20859375 0.47578125 0.0265625 0.04453125
0 0.23046875 0.475 0.03125 0.046875
9 0.85 0.571875 0.05234375 0.04375
9 0.9078125 0.58515625 0.0390625 0.04140625