6 0.58359375 0.44375 0.0484375 0.06328125
2 0.58203125 0.4859375 0.03203125 0.0484375
6 0.30703125 0.515625 0.040625 0.0515625
6 0.47890625 0.5203125 0.0453125 0.06015625
2 0.3078125 0.56171875 0.02578125 0.04609375
2 0.48515625 0.56328125 0.02890625 0.0375
10 0.55859375 0.590625 0.06640625 0.16015625
8 0.28125 0.6015625 0.0921875 0.2234375
8 0.47265625 0.6203125 0.06796875 0.24921875
8 0.55859375 0.62578125 0.0921875 0.4328125
10 0.27109375 0.64453125 0.0578125 0.14921875
10 0.4671875 0.65078125 0.053125 0.1203125
5 0.6203125 0.690625 0.02421875 0.05703125
5 0.54140625 0.70078125 0.02421875 0.06015625