6 0.81015625 0.35390625 0.034375 0.0390625
6 0.66171875 0.4 0.03828125 0.059375
6 0.85546875 0.403125 0.034375 0.04921875
5 0.81640625 0.415625 0.02265625 0.04375
4 0.63984375 0.43671875 0.0203125 0.0390625
6 0.25234375 0.44453125 0.05 0.04921875
8 0.859375 0.44453125 0.053125 0.16328125
8 0.80859375 0.4546875 0.0859375 0.2515625
8 0.68203125 0.4921875 0.084375 0.25390625
6 0.48515625 0.50625 0.0328125 0.03359375
4 0.66328125 0.5296875 0.02265625 0.028125
5 0.30703125 0.5609375 0.02734375 0.04921875
8 0.45 0.5671875 0.1 0.17109375
8 0.25 0.56875 0.07578125 0.31328125