6 0.4265625 0.3359375 0.01484375 0.0171875
8 0.41484375 0.3703125 0.03828125 0.09609375
6 0.4921875 0.37421875 0.01484375 0.02578125
8 0.51171875 0.40703125 0.0578125 0.1015625
6 0.384375 0.41640625 0.0296875 0.0421875
8 0.33984375 0.44453125 0.10234375 0.115625
6 0.38125 0.48046875 0.04921875 0.0453125
6 0.81640625 0.5453125 0.06015625 0.084375
8 0.31484375 0.5578125 0.11328125 0.17265625
6 0.39765625 0.6046875 0.05546875 0.0734375
8 0.88984375 0.7234375 0.21171875 0.46875
5 0.86953125 0.7359375 0.03828125 0.04765625
6 0.621875 0.77421875 0.0765625 0.06796875
5 0.371875 0.7796875 0.03828125 0.0453125
8 0.340625 0.78671875 0.203125 0.415625
5 0.35703125 0.82734375 0.03828125 0.03984375
6 0.21015625 0.84609375 0.04921875 0.059375
8 0.6328125 0.86171875 0.175 0.26015625
9 0.88046875 0.8828125 0.06640625 0.04765625
9 0.90625 0.93046875 0.08984375 0.0625