10 0.25078125 0.41484375 0.1640625 0.26328125
10 0.6609375 0.43828125 0.14453125 0.24296875
4 0.46328125 0.45 0.08671875 0.13359375
10 0.4875 0.4984375 0.1625 0.2734375
8 0.68984375 0.51171875 0.2109375 0.9765625
8 0.2140625 0.575 0.2421875 0.85
8 0.48359375 0.5953125 0.19765625 0.78359375
5 0.1203125 0.6296875 0.053125 0.09296875
5 0.3078125 0.70859375 0.0375 0.0765625
5 0.68203125 0.0734375 0.06640625 0.09296875
6 0.28984375 0.19296875 0.09140625 0.09296875
2 0.29140625 0.21640625 0.0578125 0.0796875
6 0.4875 0.24296875 0.08671875 0.09296875
6 0.6546875 0.2453125 0.078125 0.11015625
2 0.65078125 0.26796875 0.053125 0.08359375
2 0.4859375 0.3203125 0.05546875 0.06640625