10 0.1921875 0.359375 0.17109375 0.4515625
8 0.17734375 0.359375 0.2 0.7
2 0.528125 0.3609375 0.07578125 0.1453125
8 0.35390625 0.42109375 0.1890625 0.7515625
10 0.62734375 0.4390625 0.2453125 0.27890625
10 0.346875 0.48203125 0.16953125 0.48515625
8 0.59921875 0.51953125 0.31796875 0.809375
4 0.11953125 0.62890625 0.08046875 0.12421875
6 0.15625 0.07265625 0.090625 0.1390625
4 0.29140625 0.72734375 0.07890625 0.11484375
6 0.365625 0.1515625 0.1078125 0.23046875
2 0.16796875 0.17578125 0.06484375 0.103125
6 0.53203125 0.21796875 0.13515625 0.21796875