6 0.28125 0.19296875 0.14453125 0.12734375
2 0.75859375 0.22109375 0.09296875 0.10859375
2 0.446875 0.2421875 0.07890625 0.09140625
2 0.3234375 0.28671875 0.071875 0.09765625
10 0.47265625 0.4640625 0.2203125 0.37421875
10 0.7953125 0.5046875 0.28125 0.48671875
8 0.79609375 0.5046875 0.30625 0.92734375
5 0.42890625 0.51484375 0.10546875 0.10078125
8 0.4953125 0.5328125 0.2203125 0.9234375
8 0.259375 0.5578125 0.22890625 0.87265625
10 0.2734375 0.64140625 0.20078125 0.5671875
6 0.765625 0.11328125 0.140625 0.121875
6 0.4546875 0.1359375 0.1234375 0.13671875
3 0.73828125 0.1890625 0.059375 0.04140625