2 0.41328125 0.33046875 0.0578125 0.071875
8 0.70078125 0.4921875 0.1140625 0.63046875
8 0.82734375 0.54921875 0.19765625 0.853125
8 0.18203125 0.54921875 0.171875 0.8828125
5 0.64609375 0.55859375 0.03203125 0.0484375
8 0.403125 0.60234375 0.12578125 0.75390625
5 0.3296875 0.63515625 0.05234375 0.06875
5 0.74921875 0.71640625 0.034375 0.06875
6 0.18125 0.16953125 0.15 0.1171875
6 0.8 0.18046875 0.10390625 0.1078125
6 0.70078125 0.1921875 0.065625 0.06640625
2 0.7046875 0.25703125 0.06171875 0.06875
2 0.203125 0.2609375 0.0859375 0.1140625
6 0.4 0.26875 0.084375 0.08125