6 0.5484375 0.32734375 0.3703125 0.353125
6 0.85546875 0.63125 0.11484375 0.11015625
6 0.24296875 0.67578125 0.04296875 0.0625
6 0.16796875 0.678125 0.03671875 0.0578125
6 0.01796875 0.696875 0.0296875 0.03984375
6 0.07578125 0.68828125 0.03828125 0.0375
6 0.36328125 0.696875 0.03359375 0.0296875
6 0.42109375 0.7140625 0.03828125 0.05546875
6 0.715625 0.70703125 0.0484375 0.05546875
6 0.80078125 0.71640625 0.03515625 0.0453125
6 0.76796875 0.70546875 0.03671875 0.04765625
8 0.878125 0.78359375 0.20703125 0.42890625
8 0.578125 0.5578125 0.43359375 0.884375
8 0.2859375 0.81796875 0.0453125 0.2734375
8 0.415625 0.809375 0.0453125 0.2703125
8 0.3609375 0.80234375 0.0453125 0.2703125
8 0.33046875 0.80078125 0.0453125 0.2734375
8 0.2359375 0.7921875 0.0453125 0.2703125
8 0.1734375 0.78046875 0.0703125 0.26796875
8 0.02578125 0.78203125 0.0484375 0.25546875
8 0.06796875 0.78046875 0.05 0.2234375
8 0.790625 0.8171875 0.08203125 0.2359375
8 0.70546875 0.80234375 0.08203125 0.2359375