5 0.88125 0.34140625 0.02421875 0.05
6 0.69765625 0.3703125 0.04921875 0.08671875
8 0.9 0.41484375 0.1109375 0.44296875
2 0.6875 0.41640625 0.0375 0.06640625
8 0.19140625 0.46015625 0.1109375 0.446875
8 0.3375 0.48203125 0.115625 0.5234375
8 0.64140625 0.54140625 0.1578125 0.4296875
4 0.69453125 0.61171875 0.03359375 0.08359375
4 0.66875 0.6265625 0.03984375 0.09296875
6 0.87890625 0.23828125 0.0640625 0.0765625
6 0.3375 0.26328125 0.0578125 0.0796875
6 0.196875 0.2765625 0.0640625 0.06640625
2 0.8796875 0.28984375 0.03984375 0.06015625
2 0.20703125 0.31171875 0.03984375 0.06328125
2 0.3375 0.31484375 0.04453125 0.05