6 0.81640625 0.25078125 0.11640625 0.1296875
6 0.16015625 0.27890625 0.10390625 0.09921875
6 0.25390625 0.30390625 0.06875 0.071875
2 0.7953125 0.3234375 0.06640625 0.103125
6 0.428125 0.32734375 0.0671875 0.0765625
2 0.1796875 0.35546875 0.07421875 0.0984375
6 0.5609375 0.3578125 0.0828125 0.0953125
2 0.25859375 0.375 0.05703125 0.084375
2 0.42734375 0.39296875 0.0484375 0.0765625
2 0.56484375 0.42578125 0.06484375 0.0890625
8 0.3375 0.47578125 0.021875 0.08046875
8 0.815625 0.59453125 0.1515625 0.809375
8 0.165625 0.61171875 0.1703125 0.746875
8 0.2671875 0.63046875 0.11875 0.72890625
8 0.43125 0.64765625 0.134375 0.7046875
8 0.58984375 0.65546875 0.1734375 0.6890625
5 0.23125 0.74765625 0.05546875 0.11640625
8 0.975 0.7828125 0.05 0.43359375
3 0.26328125 0.35625 0.04375 0.0375