6 0.02734375 0.228125 0.0375 0.040625
6 0.0140625 0.278125 0.0265625 0.05546875
6 0.0828125 0.2859375 0.01796875 0.05703125
6 0.2125 0.2890625 0.025 0.03359375
6 0.059375 0.296875 0.0375 0.046875
6 0.1109375 0.30234375 0.0359375 0.04453125
6 0.26484375 0.3109375 0.0296875 0.040625
2 0.215625 0.33125 0.028125 0.05078125
2 0.02265625 0.33359375 0.0328125 0.059375
2 0.06796875 0.33828125 0.02734375 0.065625
2 0.11796875 0.34375 0.02890625 0.059375
2 0.26796875 0.35546875 0.02109375 0.053125
2 0.165625 0.36328125 0.02734375 0.05546875
6 0.78515625 0.36640625 0.03984375 0.06171875
6 0.646875 0.371875 0.02421875 0.046875
5 0.68203125 0.42109375 0.01484375 0.05703125
5 0.284375 0.4265625 0.01484375 0.05078125
5 0.86328125 0.44765625 0.025 0.0421875
5 0.19765625 0.45234375 0.015625 0.0640625
8 0.27109375 0.48203125 0.04765625 0.4078125
8 0.2125 0.50390625 0.06015625 0.503125
8 0.65234375 0.540625 0.06640625 0.396875
8 0.1171875 0.54140625 0.04765625 0.54375
8 0.165625 0.55390625 0.0453125 0.4796875
8 0.06640625 0.57109375 0.04296875 0.58203125
8 0.0265625 0.5921875 0.04609375 0.6578125
8 0.78984375 0.64296875 0.0671875 0.61171875
9 0.78359375 0.94765625 0.04609375 0.04921875
9 0.7671875 0.91796875 0.0453125 0.053125
9 0.64296875 0.71953125 0.0328125 0.053125
9 0.21171875 0.7421875 0.021875 0.040625
9 0.2484375 0.7296875 0.0328125 0.03828125
9 0.159375 0.77265625 0.03515625 0.046875
9 0.109375 0.825 0.03671875 0.04921875
9 0.0671875 0.83671875 0.040625 0.059375
9 0.028125 0.896875 0.0453125 0.0640625
9 0.259375 0.66875 0.0203125 0.0359375
9 0.2734375 0.6578125 0.02265625 0.03203125