6 0.85 0.4546875 0.02578125 0.040625
6 0.77890625 0.73125 0.04296875 0.04765625
6 0.7125 0.23046875 0.04765625 0.0625
6 0.67734375 0.43046875 0.0546875 0.0453125
6 0.58984375 0.3828125 0.04140625 0.05
6 0.41171875 0.46875 0.03984375 0.05546875
6 0.4671875 0.17265625 0.03984375 0.0625
6 0.071875 0.68125 0.03515625 0.0765625
8 0.84375 0.60703125 0.04453125 0.340625
8 0.75703125 0.778125 0.10546875 0.14609375
8 0.71953125 0.25625 0.071875 0.11953125
8 0.65859375 0.49375 0.08125 0.18671875
8 0.56875 0.4953125 0.0671875 0.28515625
8 0.4671875 0.26171875 0.078125 0.2734375
8 0.38203125 0.5515625 0.10234375 0.2109375
8 0.06328125 0.6703125 0.10078125 0.1890625
9 0.465625 0.37890625 0.0546875 0.07421875
9 0.3859375 0.65625 0.04609375 0.053125
9 0.5734375 0.63671875 0.04609375 0.06015625