6 0.96328125 0.31015625 0.0703125 0.125
8 0.9765625 0.39140625 0.04296875 0.24765625
6 0.81640625 0.40390625 0.096875 0.0828125
2 0.81796875 0.4796875 0.05703125 0.1
6 0.68515625 0.50859375 0.06640625 0.0671875
6 0.3046875 0.54140625 0.03359375 0.02734375
5 0.325 0.5515625 0.01328125 0.02734375
2 0.69609375 0.5578125 0.04140625 0.0546875
6 0.6265625 0.5578125 0.04296875 0.06015625
5 0.7515625 0.5734375 0.0265625 0.0625
6 0.553125 0.59375 0.0265625 0.02734375
6 0.33828125 0.6 0.03984375 0.03984375
5 0.9 0.61640625 0.0765625 0.1125
2 0.55390625 0.6203125 0.01796875 0.025
5 0.68359375 0.6359375 0.03359375 0.0875
10 0.2875 0.63984375 0.0546875 0.08984375
8 0.8578125 0.66640625 0.14140625 0.6328125
10 0.875 0.67890625 0.19296875 0.3578125
10 0.628125 0.6875 0.06015625 0.16484375
8 0.27890625 0.68984375 0.08828125 0.31015625
10 0.56171875 0.69140625 0.05703125 0.1125
10 0.33515625 0.7 0.06015625 0.11015625
10 0.71484375 0.71640625 0.103125 0.2421875
8 0.715625 0.7234375 0.11796875 0.50234375
8 0.62890625 0.74375 0.04140625 0.4078125
8 0.5609375 0.7609375 0.08515625 0.3578125
8 0.3265625 0.7921875 0.103125 0.4046875
9 0.2734375 0.94375 0.053125 0.0625
9 0.32578125 0.9671875 0.0484375 0.06484375
9 0.578125 0.9234375 0.03203125 0.0453125
9 0.55546875 0.925 0.0296875 0.03984375
3 0.696875 0.53515625 0.03984375 0.0375