6 0.253125 0.27578125 0.04296875 0.0625
4 0.1609375 0.29921875 0.065625 0.065625
6 0.81953125 0.3203125 0.06171875 0.071875
1 0.82265625 0.365625 0.04296875 0.06953125
10 0.17734375 0.39921875 0.1125 0.15625
6 0.415625 0.41171875 0.03046875 0.04765625
10 0.853125 0.4421875 0.0875 0.17734375
4 0.925 0.4828125 0.04453125 0.05234375
10 0.45078125 0.48515625 0.06796875 0.1109375
4 0.20546875 0.50546875 0.05 0.0546875
8 0.87265625 0.53671875 0.13046875 0.5015625
8 0.1765625 0.54453125 0.19453125 0.575
8 0.44296875 0.55 0.0796875 0.31640625
4 0.84140625 0.5703125 0.046875 0.0640625
4 0.4390625 0.57265625 0.02578125 0.05390625
9 0.93828125 0.7609375 0.075 0.04921875
9 0.8671875 0.76953125 0.04609375 0.04921875
9 0.478125 0.68515625 0.05703125 0.0421875
9 0.19453125 0.809375 0.075 0.0671875
9 0.11171875 0.7921875 0.059375 0.07265625