6 0.66875 0.40078125 0.0109375 0.0125
8 0.66875 0.40703125 0.02109375 0.02890625
8 0.6484375 0.42734375 0.02421875 0.021875
6 0.66640625 0.45859375 0.05625 0.04140625
6 0.8125 0.47578125 0.059375 0.0484375
6 0.45546875 0.5234375 0.034375 0.02578125
6 0.29140625 0.5265625 0.03125 0.028125
6 0.39765625 0.5375 0.0359375 0.03828125
6 0.0609375 0.55 0.02109375 0.01875
6 0.328125 0.5546875 0.03671875 0.03203125
8 0.04921875 0.56171875 0.0515625 0.0484375
10 0.03984375 0.57421875 0.021875 0.02109375
8 0.27578125 0.578125 0.04765625 0.128125
6 0.0421875 0.59296875 0.01796875 0.01640625
8 0.3109375 0.6046875 0.06328125 0.1375
10 0.0296875 0.621875 0.02578125 0.0359375
8 0.03359375 0.625 0.0453125 0.0765625
8 0.37578125 0.6484375 0.0828125 0.25546875
8 0.4484375 0.65078125 0.06796875 0.278125
10 0.8046875 0.665625 0.0796875 0.21328125
8 0.6578125 0.67109375 0.0875 0.46640625
8 0.8015625 0.7140625 0.13203125 0.5578125
5 0.88515625 0.7671875 0.03359375 0.08828125
9 0.69296875 0.89375 0.05625 0.04375
9 0.64609375 0.878125 0.05625 0.05546875
9 0.3421875 0.7640625 0.03828125 0.04296875