6 0.546875 0.41875 0.03046875 0.03359375
6 0.3625 0.4234375 0.0390625 0.04375
6 0.303125 0.42421875 0.05234375 0.05234375
6 0.44609375 0.4296875 0.034375 0.0359375
2 0.54296875 0.434375 0.03046875 0.03828125
6 0.66171875 0.44375 0.040625 0.04140625
2 0.359375 0.453125 0.03046875 0.0421875
2 0.4421875 0.46015625 0.03125 0.04609375
2 0.653125 0.475 0.034375 0.053125
5 0.5296875 0.56640625 0.02578125 0.03671875
5 0.52109375 0.584375 0.028125 0.03671875
8 0.53125 0.58515625 0.07421875 0.36875
5 0.40390625 0.5984375 0.02734375 0.0421875
5 0.4625 0.6 0.0203125 0.03515625
8 0.43359375 0.6140625 0.0984375 0.4109375
5 0.625 0.61953125 0.02578125 0.04765625
8 0.66171875 0.6234375 0.0828125 0.39921875
8 0.34609375 0.62734375 0.07890625 0.44765625
5 0.6984375 0.6359375 0.02578125 0.04765625
5 0.37421875 0.6359375 0.0203125 0.0515625
5 0.26015625 0.675 0.0328125 0.0625
8 0.2828125 0.67578125 0.08984375 0.5609375
9 0.671875 0.80546875 0.03046875 0.040625
9 0.6421875 0.78515625 0.04375 0.03046875
9 0.52265625 0.74765625 0.0265625 0.0390625
9 0.48359375 0.753125 0.03203125 0.04296875
9 0.43515625 0.78984375 0.0375 0.028125
9 0.4046875 0.8078125 0.0265625 0.04375
9 0.34765625 0.81328125 0.0578125 0.0359375
9 0.32109375 0.8265625 0.0328125 0.05
9 0.28671875 0.92890625 0.06171875 0.046875
9 0.1765625 0.9625 0.00625 0.00390625
3 0.5421875 0.42734375 0.02109375 0.02109375