6 0.853125 0.1140625 0.11640625 0.12578125
6 0.61328125 0.17421875 0.11640625 0.12265625
6 0.3421875 0.17734375 0.13359375 0.13203125
6 0.11796875 0.1875 0.153125 0.1546875
2 0.84921875 0.2296875 0.1046875 0.13984375
2 0.3515625 0.28984375 0.11171875 0.18671875
2 0.61015625 0.296875 0.103125 0.11640625
2 0.128125 0.303125 0.1046875 0.13671875
8 0.86796875 0.5296875 0.24921875 0.93828125
10 0.87578125 0.54921875 0.2453125 0.5171875
8 0.61875 0.57734375 0.246875 0.84296875
5 0.54296875 0.58515625 0.06171875 0.13984375
8 0.12109375 0.60234375 0.21640625 0.7953125
8 0.34921875 0.60390625 0.2390625 0.7921875
5 0.21953125 0.60546875 0.06640625 0.11796875
10 0.6265625 0.60703125 0.22265625 0.51015625
10 0.35078125 0.6265625 0.22109375 0.5515625
10 0.1171875 0.68515625 0.22890625 0.628125
5 0.803125 0.79296875 0.0703125 0.13984375
5 0.4625 0.81796875 0.07578125 0.11328125