4 0.625 0.29921875 0.0515625 0.05390625
4 0.54140625 0.32265625 0.05078125 0.078125
10 0.69765625 0.3671875 0.11328125 0.35390625
10 0.54921875 0.4109375 0.109375 0.32578125
4 0.63203125 0.51796875 0.0359375 0.1
8 0.68984375 0.53046875 0.1546875 0.9390625
8 0.540625 0.540625 0.1296875 0.91796875
4 0.50625 0.58828125 0.034375 0.1
6 0.7203125 0.11796875 0.06953125 0.11796875
6 0.559375 0.1390625 0.06484375 0.10234375
2 0.70859375 0.184375 0.04765625 0.09609375
2 0.55078125 0.1953125 0.04140625 0.08203125
9 0.64140625 0.96171875 0.05703125 0.07578125
3 0.70703125 0.14921875 0.03515625 0.05234375