6 0.22421875 0.18671875 0.07890625 0.075
6 0.496875 0.23984375 0.078125 0.06640625
6 0.609375 0.24375 0.07109375 0.05859375
6 0.3765625 0.25078125 0.07890625 0.06953125
2 0.225 0.2546875 0.0578125 0.0984375
6 0.73984375 0.26640625 0.0640625 0.071875
2 0.49765625 0.30625 0.059375 0.07890625
2 0.61015625 0.3078125 0.0546875 0.06640625
2 0.378125 0.315625 0.06015625 0.06953125
2 0.746875 0.325 0.0546875 0.06953125
10 0.75 0.478125 0.13828125 0.2625
10 0.615625 0.4796875 0.13671875 0.2796875
10 0.4875 0.48203125 0.12890625 0.27890625
10 0.2203125 0.48359375 0.1859375 0.40390625
10 0.36875 0.5203125 0.134375 0.31328125
8 0.221875 0.57421875 0.17421875 0.84921875
5 0.2765625 0.59609375 0.04921875 0.09296875
5 0.51015625 0.603125 0.06328125 0.0625
8 0.503125 0.60390625 0.13984375 0.7890625
8 0.62890625 0.6046875 0.14765625 0.76953125
8 0.7703125 0.60546875 0.15 0.75234375
8 0.3703125 0.60703125 0.125 0.78515625
5 0.41015625 0.6125 0.05390625 0.06796875
9 0.79453125 0.946875 0.07578125 0.06796875
9 0.715625 0.9203125 0.08125 0.0703125
9 0.67578125 0.95234375 0.04765625 0.0890625
9 0.5796875 0.9359375 0.08828125 0.0703125
9 0.534375 0.95859375 0.09375 0.0828125
9 0.44921875 0.96015625 0.0609375 0.0796875
3 0.228125 0.2359375 0.05703125 0.04296875
3 0.49921875 0.24765625 0.05234375 0.0453125
3 0.60625 0.2484375 0.05703125 0.0359375