6 0.4 0.43671875 0.01640625 0.0234375
7 0.315625 0.45703125 0.01640625 0.025
6 0.2703125 0.4671875 0.02265625 0.02890625
7 0.06328125 0.46953125 0.025 0.0390625
8 0.4046875 0.54140625 0.0453125 0.25
5 0.38125 0.546875 0.01015625 0.03203125
5 0.3234375 0.546875 0.0078125 0.01953125
5 0.4203125 0.55 0.01328125 0.025
8 0.31640625 0.55546875 0.0390625 0.21640625
5 0.334375 0.55703125 0.00859375 0.025
8 0.27109375 0.5671875 0.0359375 0.23203125
8 0.0734375 0.61953125 0.065625 0.3140625
5 0.09140625 0.63984375 0.0109375 0.0375
9 0.409375 0.653125 0.0171875 0.03046875
9 0.3375 0.65234375 0.0203125 0.021875
9 0.396875 0.65 0.01171875 0.02890625
9 0.26875 0.6796875 0.02578125 0.021875
9 0.2765625 0.6671875 0.01796875 0.025
9 0.096875 0.76640625 0.02109375 0.0265625
9 0.078125 0.7765625 0.02109375 0.03359375