6 0.7609375 0.34765625 0.0859375 0.0546875
2 0.76484375 0.4203125 0.0625 0.1046875
6 0.5921875 0.47109375 0.06953125 0.0671875
6 0.42734375 0.5078125 0.08359375 0.0640625
2 0.5953125 0.52578125 0.053125 0.07109375
2 0.434375 0.55390625 0.06015625 0.08515625
8 0.79375 0.640625 0.19453125 0.615625
10 0.78203125 0.64453125 0.16953125 0.28671875
5 0.6625 0.68125 0.0328125 0.07421875
8 0.6046875 0.7046875 0.125 0.509375
8 0.440625 0.7390625 0.10234375 0.521875
10 0.6125 0.74453125 0.14296875 0.2921875
5 0.46953125 0.7484375 0.05390625 0.07109375
10 0.43125 0.77578125 0.12734375 0.30234375
5 0.58984375 0.78515625 0.0390625 0.06875
5 0.38359375 0.81796875 0.05078125 0.053125
5 0.89765625 0.82109375 0.04140625 0.078125
5 0.72421875 0.84375 0.05625 0.09375