6 0.484375 0.19453125 0.16484375 0.11171875
6 0.30859375 0.24140625 0.24140625 0.171875
2 0.7890625 0.253125 0.1546875 0.11640625
2 0.46796875 0.29921875 0.08984375 0.11484375
2 0.315625 0.3671875 0.13203125 0.1453125
10 0.8390625 0.47109375 0.321875 0.38828125
10 0.47890625 0.47734375 0.25703125 0.296875
8 0.82734375 0.53984375 0.3453125 0.8796875
8 0.521875 0.56171875 0.2796875 0.85703125
8 0.2765625 0.584375 0.403125 0.821875
10 0.309375 0.6265625 0.39140625 0.43671875
5 0.56484375 0.66484375 0.13359375 0.11328125
5 0.31953125 0.77734375 0.14140625 0.10859375
6 0.771875 0.15390625 0.19296875 0.10859375
3 0.7609375 0.25234375 0.10703125 0.06796875
3 0.33671875 0.3234375 0.10703125 0.06171875
3 0.47734375 0.2703125 0.103125 0.0484375