6 0.2265625 0.2015625 0.03515625 0.046875
6 0.50078125 0.2109375 0.04140625 0.0359375
6 0.3 0.2125 0.03515625 0.046875
4 0.4171875 0.22734375 0.025 0.046875
4 0.265625 0.2375 0.025 0.0375
2 0.29609375 0.24609375 0.02109375 0.0390625
6 0.3671875 0.25078125 0.03515625 0.05625
10 0.2046875 0.296875 0.0453125 0.11015625
10 0.284375 0.315625 0.059375 0.09921875
10 0.5078125 0.3359375 0.0578125 0.121875
10 0.36953125 0.34375 0.05625 0.10703125
8 0.5140625 0.3671875 0.075 0.3484375
8 0.2796875 0.3734375 0.07109375 0.35390625
8 0.209375 0.38125 0.05703125 0.3875
8 0.38125 0.39296875 0.09296875 0.321875
4 0.31875 0.41328125 0.01796875 0.0546875