6 0.91484375 0.28203125 0.05703125 0.0484375
6 0.1359375 0.32265625 0.06015625 0.06015625
2 0.91328125 0.328125 0.04453125 0.0625
6 0.3625 0.3328125 0.04140625 0.0390625
6 0.43984375 0.346875 0.03671875 0.0390625
6 0.7234375 0.34765625 0.04296875 0.04609375
6 0.69609375 0.35234375 0.02578125 0.03671875
6 0.24921875 0.35625 0.04921875 0.0484375
6 0.596875 0.35625 0.03671875 0.0390625
2 0.365625 0.37578125 0.03203125 0.05546875
2 0.1453125 0.3765625 0.04140625 0.0625
2 0.44375 0.38125 0.03203125 0.053125
2 0.71953125 0.3859375 0.03828125 0.04375
2 0.246875 0.38671875 0.03515625 0.06015625
2 0.59921875 0.3890625 0.03203125 0.05078125
8 0.6875 0.503125 0.04609375 0.3390625
8 0.91484375 0.50546875 0.09375 0.5
8 0.440625 0.52421875 0.090625 0.38515625
8 0.5953125 0.53125 0.0859375 0.3890625
8 0.73828125 0.54140625 0.1078125 0.41484375
5 0.34765625 0.5453125 0.025 0.04375
8 0.34609375 0.5515625 0.07109375 0.47734375
5 0.2609375 0.55859375 0.03515625 0.04375
8 0.24609375 0.57265625 0.0984375 0.48125
8 0.12890625 0.57578125 0.1140625 0.5671875
9 0.7640625 0.73515625 0.04453125 0.04375
9 0.8859375 0.7546875 0.04609375 0.04609375
9 0.9234375 0.75234375 0.04609375 0.05546875
9 0.71796875 0.72890625 0.03359375 0.04140625
9 0.6234375 0.70703125 0.03046875 0.04140625
9 0.5671875 0.7046875 0.03203125 0.04375
9 0.67265625 0.665625 0.021875 0.03203125
9 0.0984375 0.8453125 0.05078125 0.06484375
9 0.1671875 0.8421875 0.04921875 0.06015625
9 0.196875 0.7890625 0.04140625 0.0390625
9 0.26640625 0.79375 0.03203125 0.05078125
9 0.325 0.759375 0.03828125 0.0484375