6 0.7203125 0.33671875 0.0796875 0.06015625
6 0.0328125 0.3453125 0.06015625 0.05703125
2 0.42734375 0.346875 0.03515625 0.03359375
2 0.23125 0.3484375 0.0328125 0.05
2 0.34375 0.35 0.02734375 0.03359375
2 0.85390625 0.375 0.05234375 0.06328125
2 0.0875 0.375 0.05 0.03671875
2 0.7140625 0.396875 0.0578125 0.053125
2 0.0265625 0.4 0.05234375 0.046875
8 0.425 0.46328125 0.0796875 0.33984375
5 0.40390625 0.4796875 0.0171875 0.046875
8 0.34375 0.48203125 0.0671875 0.38984375
5 0.3171875 0.5015625 0.03515625 0.05
8 0.54609375 0.50859375 0.1078125 0.4296875
8 0.23359375 0.53203125 0.14765625 0.5
5 0.5671875 0.53671875 0.03515625 0.0734375
5 0.1859375 0.53828125 0.02734375 0.0765625
8 0.8609375 0.58359375 0.14765625 0.63359375
5 0.92890625 0.61328125 0.0421875 0.06015625
8 0.06640625 0.6265625 0.1328125 0.6296875
5 0.7984375 0.63359375 0.04765625 0.0734375
5 0.11015625 0.63671875 0.0453125 0.053125
8 0.70390625 0.64140625 0.14765625 0.6296875
5 0.6296875 0.66484375 0.0453125 0.08359375
6 0.6390625 0.29296875 0.0375 0.03359375
6 0.0515625 0.3015625 0.0375 0.04296875
6 0.42109375 0.30703125 0.0625 0.046875
6 0.21484375 0.30703125 0.0796875 0.046875
6 0.18984375 0.31171875 0.0453125 0.03671875
6 0.3484375 0.31328125 0.05234375 0.03984375
6 0.8546875 0.3203125 0.0796875 0.06015625
6 0.5453125 0.321875 0.0546875 0.04296875
6 0.0875 0.3296875 0.0453125 0.03359375
9 0.2703125 0.775 0.0703125 0.06328125
9 0.89140625 0.875 0.0703125 0.06015625
9 0.58984375 0.71171875 0.0546875 0.03671875
9 0.2078125 0.76328125 0.0421875 0.046875
9 0.07265625 0.90703125 0.0578125 0.05703125