6 0.3609375 0.33515625 0.05 0.04375
6 0.25625 0.340625 0.0484375 0.04609375
6 0.52734375 0.35546875 0.05 0.04375
2 0.36640625 0.38203125 0.04140625 0.0546875
6 0.396875 0.384375 0.0515625 0.04609375
2 0.2578125 0.3875 0.0453125 0.05234375
8 0.35703125 0.3875 0.06640625 0.15703125
6 0.64609375 0.3875 0.05 0.04375
8 0.2484375 0.39140625 0.06640625 0.16796875
2 0.53125 0.396875 0.03984375 0.04765625
6 0.7125 0.40234375 0.053125 0.05
6 0.2890625 0.40546875 0.06015625 0.04375
6 0.79921875 0.40546875 0.0515625 0.05703125
6 0.50078125 0.41171875 0.05 0.04375
6 0.18828125 0.41484375 0.05703125 0.05
8 0.5421875 0.41796875 0.06328125 0.17890625
6 0.5984375 0.42265625 0.0484375 0.04375
2 0.64921875 0.42734375 0.03359375 0.04765625
2 0.4015625 0.43359375 0.04140625 0.05703125
8 0.65546875 0.4453125 0.08203125 0.16796875
2 0.29296875 0.4484375 0.0453125 0.0609375
2 0.7125 0.45078125 0.03984375 0.06953125
2 0.8078125 0.45078125 0.053125 0.05703125
2 0.50078125 0.45859375 0.03671875 0.0546875
2 0.1921875 0.46328125 0.05 0.05
2 0.5984375 0.4640625 0.03828125 0.04375
10 0.39765625 0.55546875 0.1 0.20078125
5 0.7953125 0.56328125 0.025 0.0546875
10 0.71640625 0.5765625 0.1 0.19375
10 0.29296875 0.5828125 0.10859375 0.18984375
10 0.609375 0.5859375 0.1 0.19609375
10 0.1875 0.6 0.10859375 0.21171875
8 0.71875 0.65546875 0.10546875 0.553125
8 0.82421875 0.65703125 0.11484375 0.5515625
8 0.50078125 0.66015625 0.10703125 0.553125
8 0.4046875 0.66640625 0.11484375 0.61015625
8 0.609375 0.66640625 0.096875 0.51875
8 0.29453125 0.6765625 0.11484375 0.5640625
5 0.6453125 0.68984375 0.03203125 0.0546875
8 0.17734375 0.690625 0.11328125 0.58359375
5 0.546875 0.696875 0.03203125 0.04375
9 0.203125 0.94765625 0.08046875 0.05859375
9 0.26640625 0.953125 0.04375 0.078125
9 0.3265625 0.92890625 0.06171875 0.0546875
9 0.36796875 0.9484375 0.04140625 0.07421875
9 0.421875 0.9125 0.06875 0.05859375
9 0.484375 0.90703125 0.06015625 0.06953125
9 0.53515625 0.90859375 0.0453125 0.0671875
9 0.69453125 0.9171875 0.05546875 0.05703125
9 0.76015625 0.91953125 0.03984375 0.05234375
9 0.8171875 0.896875 0.06875 0.0546875
9 0.88046875 0.91796875 0.053125 0.0890625
9 0.62578125 0.92578125 0.06484375 0.0546875