2 0.77578125 0.11328125 0.071875 0.1015625
6 0.36796875 0.13125 0.14453125 0.09296875
2 0.37421875 0.1921875 0.071875 0.1
1 0.4953125 0.24296875 0.11875 0.16171875
8 0.56484375 0.328125 0.25234375 0.40390625
4 0.56640625 0.35234375 0.0890625 0.125
10 0.2671875 0.3828125 0.221875 0.35703125
8 0.84296875 0.4796875 0.25546875 0.95546875
8 0.2734375 0.49375 0.35703125 0.909375
6 0.76875 0.0671875 0.1671875 0.13203125
9 0.81328125 0.93203125 0.16015625 0.0765625
9 0.9234375 0.91640625 0.12734375 0.08359375
9 0.209375 0.92265625 0.16328125 0.1140625
5 0.38203125 0.509375 0.10625 0.103125