2 0.3015625 0.346875 0.04453125 0.0890625
2 0.6140625 0.35703125 0.05 0.08203125
2 0.70703125 0.39140625 0.0484375 0.08515625
2 0.465625 0.39453125 0.05 0.08203125
2 0.84609375 0.42890625 0.1296875 0.19375
8 0.45859375 0.48828125 0.13515625 0.56875
8 0.28984375 0.496875 0.12421875 0.53984375
8 0.61171875 0.4984375 0.13125 0.5296875
8 0.70703125 0.5265625 0.140625 0.66484375
8 0.11875 0.53125 0.20390625 0.9375
8 0.87890625 0.54453125 0.23125 0.9109375
10 0.46015625 0.55234375 0.128125 0.309375
10 0.2859375 0.58046875 0.15 0.3453125
10 0.7046875 0.5984375 0.13125 0.38125
10 0.12421875 0.69921875 0.23359375 0.55625
10 0.884375 0.759375 0.21875 0.48125
6 0.12421875 0.17421875 0.178125 0.184375
6 0.87578125 0.2484375 0.20703125 0.2140625
6 0.29140625 0.29140625 0.0703125 0.07265625
6 0.61171875 0.29765625 0.0609375 0.06875
6 0.4703125 0.309375 0.06640625 0.11171875
6 0.70546875 0.31875 0.08125 0.0984375
2 0.15625 0.31875 0.08359375 0.17734375
3 0.296875 0.34375 0.04609375 0.0328125
3 0.165625 0.26953125 0.059375 0.05234375
3 0.60859375 0.3453125 0.040625 0.0359375
3 0.70546875 0.36640625 0.0515625 0.04296875