6 0.7234375 0.4046875 0.04296875 0.0515625
6 0.5421875 0.44609375 0.06328125 0.0640625
2 0.721875 0.446875 0.03359375 0.0390625
6 0.8390625 0.459375 0.03046875 0.040625
6 0.8109375 0.51015625 0.0578125 0.0625
10 0.73828125 0.54140625 0.0734375 0.1390625
8 0.8515625 0.56328125 0.06796875 0.2484375
2 0.803125 0.5640625 0.03984375 0.0640625
5 0.6796875 0.65078125 0.02734375 0.04296875
8 0.72109375 0.653125 0.078125 0.5265625
8 0.5359375 0.68359375 0.12421875 0.54140625
10 0.54375 0.709375 0.12265625 0.30390625
10 0.815625 0.7234375 0.07265625 0.253125
8 0.81328125 0.73359375 0.0796875 0.5140625
5 0.7890625 0.8609375 0.0375 0.0640625
9 0.72734375 0.87890625 0.05234375 0.059375