6 0.18125 0.21328125 0.05625 0.065625
6 0.4765625 0.240625 0.03671875 0.05859375
6 0.571875 0.24921875 0.02890625 0.03203125
6 0.3328125 0.26484375 0.03125 0.0515625
6 0.6015625 0.27890625 0.04453125 0.05546875
6 0.72109375 0.2828125 0.0375 0.0515625
8 0.46015625 0.29609375 0.0734375 0.171875
10 0.190625 0.32890625 0.08515625 0.18046875
4 0.10859375 0.3515625 0.028125 0.04140625
8 0.7078125 0.35234375 0.11796875 0.1875
10 0.2890625 0.36328125 0.06171875 0.140625
8 0.3046875 0.43046875 0.09921875 0.38046875
8 0.178125 0.45546875 0.16328125 0.53046875
8 0.5875 0.47265625 0.08671875 0.4265625
6 0.871875 0.48046875 0.025 0.025
5 0.31640625 0.48828125 0.0265625 0.0515625
10 0.709375 0.50234375 0.16171875 0.134375
8 0.875 0.53515625 0.06484375 0.13203125
8 0.4765625 0.53828125 0.13046875 0.3875
10 0.87578125 0.54921875 0.0578125 0.084375
6 0.8421875 0.57578125 0.05078125 0.14296875
8 0.74453125 0.67734375 0.246875 0.4765625
5 0.7453125 0.81953125 0.0421875 0.10859375