6 0.425 0.14609375 0.134375 0.209375
10 0.5515625 0.17109375 0.13046875 0.1890625
10 0.2796875 0.1890625 0.2046875 0.34140625
6 0.6015625 0.228125 0.0984375 0.17890625
6 0.80546875 0.296875 0.08125 0.1125
8 0.55625 0.32890625 0.175 0.52421875
4 0.59765625 0.396875 0.06171875 0.0921875
10 0.890625 0.4171875 0.13203125 0.22109375
8 0.86328125 0.45 0.19765625 0.428125
8 0.3453125 0.45625 0.29375 0.9125
4 0.70625 0.4828125 0.059375 0.06328125
4 0.58125 0.58046875 0.084375 0.0953125
4 0.42421875 0.6171875 0.09296875 0.121875
9 0.3125 0.88515625 0.11953125 0.13671875
9 0.8953125 0.61953125 0.09921875 0.103125