6 0.7296875 0.1578125 0.08515625 0.07890625
10 0.9609375 0.17265625 0.078125 0.13515625
6 0.24609375 0.2125 0.06484375 0.12578125
8 0.95390625 0.23515625 0.0859375 0.428125
10 0.778125 0.2953125 0.14921875 0.203125
10 0.90546875 0.34921875 0.13125 0.2859375
8 0.89375 0.3859375 0.1203125 0.60625
10 0.17578125 0.40390625 0.11953125 0.2921875
8 0.778125 0.43515625 0.2015625 0.6296875
4 0.7125 0.46484375 0.04375 0.07421875
6 0.959375 0.05234375 0.046875 0.04921875
8 0.1921875 0.57265625 0.19921875 0.8515625
5 0.21640625 0.58359375 0.034375 0.0796875
6 0.915625 0.14609375 0.059375 0.07890625
9 0.23203125 0.9359375 0.103125 0.0875
9 0.11171875 0.94765625 0.06171875 0.084375
9 0.7734375 0.7546875 0.06640625 0.09296875
9 0.90625 0.7421875 0.05625 0.12109375