4 0.5234375 0.27734375 0.03125 0.06015625
6 0.70234375 0.35 0.06484375 0.046875
4 0.528125 0.35546875 0.03359375 0.06171875
2 0.6921875 0.41171875 0.03359375 0.06171875
8 0.44921875 0.4125 0.09375 0.57421875
6 0.59609375 0.43125 0.0453125 0.0484375
4 0.5453125 0.4875 0.0359375 0.0640625
2 0.58984375 0.48984375 0.05234375 0.05625
8 0.70859375 0.49609375 0.07734375 0.34296875
4 0.575 0.5171875 0.0328125 0.046875
8 0.5828125 0.534375 0.08359375 0.25546875
6 0.459375 0.14140625 0.0609375 0.04296875
3 0.590625 0.4703125 0.03984375 0.0296875