6 0.58984375 0.4578125 0.03828125 0.04296875
6 0.68046875 0.4609375 0.04375 0.059375
6 0.48203125 0.46875 0.03828125 0.04296875
2 0.66796875 0.48125 0.028125 0.0484375
2 0.58984375 0.49140625 0.03359375 0.05390625
6 0.36328125 0.496875 0.0375 0.0484375
2 0.47890625 0.5 0.025 0.04375
5 0.50390625 0.51484375 0.02109375 0.03828125
2 0.3828125 0.51640625 0.028125 0.046875
8 0.6828125 0.63359375 0.08203125 0.40625
8 0.60234375 0.63359375 0.075 0.39140625
8 0.47578125 0.64296875 0.10234375 0.38984375
5 0.45859375 0.64453125 0.0234375 0.03046875
8 0.37578125 0.64609375 0.0734375 0.34453125
5 0.70234375 0.68515625 0.0265625 0.04375