7 0.6859375 0.11171875 0.071875 0.046875
7 0.39375 0.1171875 0.071875 0.046875
2 0.40703125 0.18515625 0.053125 0.078125
2 0.67890625 0.1875 0.071875 0.08359375
10 0.68984375 0.32265625 0.140625 0.21875
10 0.403125 0.3515625 0.1140625 0.25546875
8 0.709375 0.4765625 0.1484375 0.74453125
8 0.3953125 0.48671875 0.1671875 0.74453125
9 0.75859375 0.7890625 0.053125 0.14609375
9 0.69765625 0.84140625 0.053125 0.078125
9 0.3609375 0.87265625 0.06484375 0.07265625
9 0.4484375 0.84921875 0.0875 0.05703125