6 0.8640625 0.43984375 0.0265625 0.0203125
6 0.8171875 0.4546875 0.01875 0.0203125
6 0.76875 0.559375 0.025 0.02265625
6 0.7015625 0.47578125 0.02734375 0.02421875
6 0.6609375 0.43125 0.0171875 0.0265625
6 0.63828125 0.396875 0.02109375 0.03203125
6 0.678125 0.58125 0.0265625 0.0265625
6 0.63203125 0.59375 0.03359375 0.0359375
6 0.565625 0.25390625 0.02109375 0.0203125
6 0.52890625 0.23515625 0.01484375 0.0171875
6 0.49453125 0.26953125 0.01640625 0.01328125
6 0.4328125 0.234375 0.025 0.0265625
6 0.490625 0.45390625 0.03359375 0.0296875
6 0.4890625 0.5171875 0.0171875 0.0171875
6 0.4171875 0.46875 0.01875 0.0265625
6 0.3671875 0.56953125 0.025 0.028125
6 0.34140625 0.4109375 0.025 0.0296875
6 0.3203125 0.45234375 0.02265625 0.0296875
6 0.28984375 0.4078125 0.025 0.028125
6 0.22109375 0.21171875 0.02265625 0.0265625
6 0.18203125 0.42578125 0.0265625 0.0265625
6 0.1078125 0.47578125 0.02890625 0.03203125
6 0.0421875 0.41171875 0.02890625 0.02421875
10 0.86953125 0.509375 0.04140625 0.08046875
10 0.7109375 0.55 0.025 0.075
10 0.6828125 0.65390625 0.0390625 0.10703125
10 0.62890625 0.65390625 0.05234375 0.08828125
10 0.63515625 0.46875 0.03515625 0.075
10 0.6671875 0.50390625 0.025 0.0734375
10 0.4671875 0.5125 0.0390625 0.06015625
10 0.39609375 0.496875 0.0421875 0.04140625
10 0.3921875 0.61796875 0.02109375 0.06171875
10 0.30859375 0.51328125 0.03984375 0.0765625
10 0.28984375 0.4484375 0.0296875 0.0484375
10 0.42734375 0.29140625 0.0328125 0.0578125
10 0.10390625 0.54765625 0.04765625 0.07890625
10 0.04296875 0.48203125 0.02890625 0.08984375
10 0.21796875 0.25859375 0.03125 0.0453125
8 0.8671875 0.5421875 0.0484375 0.22890625
8 0.8171875 0.55 0.0375 0.1953125
8 0.76875 0.603125 0.0421875 0.10703125
8 0.7109375 0.57578125 0.0171875 0.20234375
8 0.6671875 0.50078125 0.02734375 0.12734375
8 0.63125 0.471875 0.0421875 0.1484375
8 0.678125 0.69140625 0.04609375 0.24921875
8 0.6265625 0.6953125 0.0515625 0.234375
8 0.56953125 0.33203125 0.04609375 0.1875
8 0.5234375 0.23515625 0.025 0.0546875
8 0.4640625 0.33984375 0.0296875 0.16484375
8 0.42734375 0.31484375 0.05 0.1953125
8 0.51171875 0.57578125 0.05859375 0.075
8 0.4734375 0.540625 0.0671875 0.21796875
8 0.3984375 0.48671875 0.0671875 0.08828125
8 0.36796875 0.61171875 0.0609375 0.12734375
8 0.3125 0.51875 0.04765625 0.15234375
8 0.2828125 0.471875 0.04375 0.1671875
8 0.2171875 0.25859375 0.04375 0.10859375
8 0.1859375 0.525 0.0609375 0.2328125
8 0.103125 0.57890625 0.05859375 0.25703125
8 0.040625 0.51015625 0.05625 0.24375