6 0.70703125 0.37578125 0.17265625 0.1640625
6 0.44453125 0.45234375 0.16171875 0.146875
7 0.128125 0.503125 0.034375 0.02421875
2 0.68046875 0.50859375 0.08828125 0.10234375
2 0.13515625 0.52578125 0.025 0.034375
2 0.48203125 0.58359375 0.1 0.15
5 0.61171875 0.590625 0.0546875 0.184375
5 0.66953125 0.61796875 0.0703125 0.14296875
5 0.1 0.63125 0.01796875 0.04765625
8 0.128125 0.63671875 0.08671875 0.3
8 0.6953125 0.63984375 0.26171875 0.7
8 0.47578125 0.68125 0.19296875 0.62421875
5 0.63828125 0.83125 0.07734375 0.10546875