6 0.69453125 0.1578125 0.24609375 0.1078125
6 0.2796875 0.1734375 0.21484375 0.11484375
2 0.31328125 0.2390625 0.15625 0.08203125
2 0.64921875 0.24765625 0.13359375 0.08828125
4 0.4796875 0.40390625 0.12109375 0.11171875
4 0.16328125 0.42421875 0.10859375 0.11171875
5 0.81953125 0.44140625 0.15625 0.0765625
4 0.2484375 0.465625 0.15859375 0.09140625
8 0.69921875 0.47421875 0.50390625 0.74453125
8 0.2359375 0.4828125 0.4421875 0.7140625
9 0.8765625 0.78203125 0.17265625 0.16640625
9 0.4390625 0.7765625 0.1875 0.15546875
0 0.2859375 0.7625 0.17734375 0.2140625