6 0.665625 0.42421875 0.075 0.053125
6 0.4875 0.42890625 0.06875 0.0515625
6 0.11484375 0.4484375 0.0734375 0.046875
6 0.0421875 0.45703125 0.078125 0.07890625
2 0.6640625 0.47734375 0.059375 0.04921875
2 0.48515625 0.478125 0.0484375 0.059375
10 0.4921875 0.58984375 0.1265625 0.17890625
10 0.67578125 0.60546875 0.1265625 0.18125
4 0.19453125 0.628125 0.0578125 0.05546875
8 0.07890625 0.6828125 0.1546875 0.53515625
8 0.47265625 0.68515625 0.13125 0.55546875
10 0.05625 0.690625 0.109375 0.31875
8 0.67109375 0.690625 0.1578125 0.59453125
5 0.44296875 0.70546875 0.0296875 0.06484375
5 0.6140625 0.72265625 0.04375 0.07890625
9 0.46953125 0.9171875 0.046875 0.0515625
9 0.51875 0.91796875 0.0328125 0.06875
9 0.6265625 0.96640625 0.0546875 0.06484375
9 0.690625 0.9703125 0.0515625 0.059375