6 0.39921875 0.1609375 0.0421875 0.03828125
2 0.6625 0.16796875 0.0390625 0.0453125
6 0.46328125 0.17890625 0.0515625 0.0703125
2 0.16328125 0.1828125 0.046875 0.0703125
6 0.2609375 0.1828125 0.05078125 0.05234375
6 0.87421875 0.18984375 0.05 0.0421875
2 0.396875 0.2015625 0.028125 0.06015625
2 0.87109375 0.2359375 0.03125 0.046875
2 0.25859375 0.2375 0.0390625 0.0640625
8 0.87421875 0.2796875 0.0515625 0.21953125
10 0.66796875 0.290625 0.1015625 0.20078125
5 0.3296875 0.30703125 0.0578125 0.065625
10 0.4703125 0.3078125 0.08515625 0.19609375
10 0.91484375 0.3078125 0.096875 0.259375
10 0.39765625 0.3125 0.0671875 0.1625
10 0.13515625 0.31875 0.1453125 0.29140625
8 0.6734375 0.38359375 0.1390625 0.559375
8 0.38671875 0.3921875 0.09765625 0.4890625
4 0.6109375 0.3953125 0.03125 0.05546875
8 0.47734375 0.4 0.1203125 0.509375
8 0.91328125 0.409375 0.1078125 0.73046875
4 0.4140625 0.4125 0.021875 0.04375
4 0.5265625 0.41953125 0.02421875 0.0421875
8 0.265625 0.42109375 0.109375 0.52265625
4 0.3546875 0.42421875 0.028125 0.05859375
4 0.709375 0.428125 0.0390625 0.06015625
8 0.14375 0.4359375 0.15 0.71875
4 0.3015625 0.459375 0.0265625 0.0515625
4 0.240625 0.48046875 0.0296875 0.05546875
5 0.09921875 0.48515625 0.03828125 0.11875
6 0.925 0.08046875 0.0796875 0.07578125
6 0.15 0.11953125 0.0796875 0.075
6 0.675 0.12421875 0.05625 0.05234375
2 0.90546875 0.1453125 0.0421875 0.08046875
3 0.396875 0.18984375 0.0375 0.028125
3 0.1734375 0.15703125 0.02421875 0.03828125
3 0.89375 0.134375 0.028125 0.03203125
3 0.865625 0.22734375 0.021875 0.025
3 0.65859375 0.1546875 0.034375 0.025
9 0.8859375 0.76171875 0.0765625 0.0734375