5 0.1890625 0.4953125 0.03125 0.040625
6 0.375 0.51484375 0.02109375 0.01875
6 0.57734375 0.56015625 0.03125 0.028125
10 0.371875 0.5625 0.02578125 0.0578125
4 0.39609375 0.60234375 0.0203125 0.02890625
8 0.36796875 0.603125 0.0375 0.2109375
4 0.37578125 0.60546875 0.01953125 0.034375
5 0.57109375 0.6140625 0.01171875 0.02890625
5 0.20859375 0.6265625 0.04140625 0.0734375
8 0.0859375 0.62890625 0.15859375 0.49921875
10 0.6015625 0.63359375 0.03828125 0.08984375
8 0.615625 0.66953125 0.1078125 0.24609375
0 0.56640625 0.74453125 0.0328125 0.05703125
0 0.65390625 0.76640625 0.04765625 0.06796875