6 0.4328125 0.396875 0.01484375 0.0203125
6 0.37578125 0.40390625 0.0171875 0.01796875
6 0.4890625 0.421875 0.0171875 0.02109375
8 0.434375 0.43046875 0.02734375 0.08984375
6 0.44140625 0.44296875 0.01640625 0.0203125
6 0.3828125 0.45625 0.01484375 0.0203125
8 0.36875 0.46484375 0.02421875 0.15546875
8 0.496875 0.49140625 0.04765625 0.16875
8 0.44296875 0.51875 0.03125 0.16875
8 0.3875 0.52265625 0.03671875 0.153125
5 0.440625 0.5265625 0.0109375 0.01796875
9 0.45546875 0.590625 0.01875 0.025
9 0.4890625 0.56015625 0.01328125 0.02109375
9 0.509375 0.55625 0.01640625 0.02421875
9 0.4296875 0.58203125 0.01328125 0.02421875
9 0.39453125 0.5859375 0.01171875 0.01953125
9 0.384375 0.59375 0.01171875 0.028125
9 0.365625 0.53671875 0.01484375 0.02109375