8 0.2515625 0.60859375 0.0703125 0.57109375
8 0.32734375 0.62578125 0.05703125 0.53515625
8 0.740625 0.63046875 0.1234375 0.5265625
5 0.271875 0.6390625 0.0265625 0.04921875
8 0.5703125 0.64296875 0.075 0.50625
5 0.66953125 0.64609375 0.02578125 0.0515625
8 0.43046875 0.6609375 0.096875 0.45859375
6 0.25859375 0.34375 0.05703125 0.0515625
7 0.32890625 0.3609375 0.04765625 0.04296875
7 0.73828125 0.37578125 0.05 0.05
2 0.27421875 0.39453125 0.03359375 0.05078125
7 0.58828125 0.403125 0.0515625 0.06328125
2 0.33046875 0.41328125 0.0375 0.05625
2 0.74453125 0.41953125 0.04765625 0.0546875
2 0.59140625 0.44609375 0.03125 0.04921875
6 0.41328125 0.45546875 0.0515625 0.059375
5 0.4453125 0.50703125 0.02734375 0.06171875
9 0.58828125 0.871875 0.04765625 0.05078125
9 0.6828125 0.88203125 0.04609375 0.03828125
9 0.7296875 0.8796875 0.05859375 0.0375
9 0.490625 0.88515625 0.0625 0.05078125
9 0.534375 0.878125 0.04375 0.05390625