6 0.87109375 0.33515625 0.04375 0.04609375
4 0.3828125 0.33671875 0.0125 0.03203125
8 0.334375 0.33671875 0.090625 0.39609375
6 0.62890625 0.34375 0.03671875 0.04609375
6 0.5375 0.35703125 0.0421875 0.0375
4 0.30703125 0.35703125 0.02578125 0.04296875
6 0.81484375 0.35859375 0.03984375 0.034375
2 0.859375 0.3609375 0.02734375 0.034375
2 0.62890625 0.37109375 0.02578125 0.0375
2 0.80703125 0.38125 0.02890625 0.02890625
2 0.53515625 0.384375 0.0234375 0.040625
10 0.87890625 0.4390625 0.06015625 0.12109375
8 0.621875 0.4953125 0.0875 0.3671875
8 0.80625 0.5015625 0.07421875 0.32109375
8 0.87578125 0.5046875 0.08203125 0.384375
8 0.5328125 0.52578125 0.08359375 0.38125
4 0.56171875 0.5375 0.01796875 0.04609375
4 0.5078125 0.54296875 0.02734375 0.04609375
6 0.31484375 0.16640625 0.0328125 0.04296875
9 0.63515625 0.66875 0.03671875 0.034375
9 0.85546875 0.68359375 0.04921875 0.0375
9 0.78359375 0.64765625 0.034375 0.0375
9 0.5421875 0.696875 0.03984375 0.03203125