8 0.64375 0.54140625 0.07421875 0.10078125
8 0.19140625 0.62421875 0.33828125 0.74375
8 0.4625 0.64765625 0.1953125 0.43828125
10 0.45859375 0.6484375 0.165625 0.2671875
5 0.196875 0.6515625 0.08515625 0.090625
4 0.53984375 0.69765625 0.053125 0.0890625
5 0.38671875 0.709375 0.05859375 0.08359375
4 0.49609375 0.73046875 0.04921875 0.071875
6 0.2359375 0.32421875 0.11953125 0.14375
2 0.24921875 0.4125 0.065625 0.08828125
6 0.4609375 0.4953125 0.08046875 0.1375
9 0.19765625 0.96015625 0.1421875 0.0796875
9 0.45625 0.80859375 0.06875 0.09765625