6 0.40703125 0.2984375 0.078125 0.06875
6 0.6171875 0.30859375 0.046875 0.05234375
6 0.221875 0.3484375 0.11328125 0.0875
2 0.4078125 0.34921875 0.046875 0.06796875
8 0.6546875 0.459375 0.11328125 0.3609375
4 0.628125 0.4625 0.0375 0.06640625
4 0.5 0.49375 0.0375 0.0609375
8 0.3828125 0.62421875 0.1421875 0.7203125
5 0.1 0.6421875 0.04375 0.07578125
8 0.1984375 0.653125 0.1875 0.69375
8 0.17890625 0.10859375 0.05 0.21484375
8 0.3328125 0.10859375 0.0890625 0.21484375
9 0.32734375 0.95859375 0.0890625 0.05625
9 0.40546875 0.8515625 0.08125 0.053125