7 0.846875 0.22109375 0.0484375 0.05390625
2 0.68828125 0.23671875 0.05703125 0.06796875
2 0.43828125 0.246875 0.06796875 0.08046875
7 0.115625 0.2671875 0.040625 0.034375
7 0.28359375 0.27421875 0.03046875 0.03203125
7 0.01875 0.2828125 0.0234375 0.03203125
2 0.8421875 0.2859375 0.07109375 0.078125
5 0.01953125 0.3046875 0.025 0.03984375
7 0.215625 0.30625 0.0265625 0.03984375
5 0.0234375 0.33671875 0.01953125 0.03203125
10 0.2921875 0.36875 0.059375 0.0921875
10 0.13125 0.3734375 0.08203125 0.1140625
10 0.42734375 0.39765625 0.134375 0.19453125
8 0.21484375 0.40390625 0.05390625 0.19453125
10 0.671875 0.40546875 0.14140625 0.21875
10 0.85390625 0.4171875 0.171875 0.16015625
5 0.6359375 0.4265625 0.04453125 0.06796875
8 0.284375 0.42890625 0.08359375 0.30859375
8 0.03515625 0.44296875 0.06796875 0.32890625
8 0.12265625 0.44375 0.1015625 0.36640625
5 0.81875 0.47578125 0.065625 0.06640625
5 0.41953125 0.503125 0.05 0.0640625
8 0.6671875 0.525 0.15703125 0.69765625
8 0.43671875 0.55625 0.1734375 0.7671875
8 0.8515625 0.6015625 0.2140625 0.79375
7 0.434375 0.18203125 0.046875 0.05234375
7 0.6859375 0.1875 0.046875 0.05
9 0.625 0.85 0.09140625 0.09609375
9 0.7328125 0.88046875 0.0609375 0.0984375
9 0.88203125 0.95390625 0.05703125 0.0921875
9 0.7890625 0.94765625 0.06796875 0.08828125
9 0.47421875 0.9109375 0.07890625 0.07421875
9 0.11484375 0.609375 0.0390625 0.05
9 0.1546875 0.61328125 0.03203125 0.0484375
9 0.0515625 0.5953125 0.05390625 0.0421875