6 0.98671875 0.17734375 0.02578125 0.053125
10 0.9734375 0.30390625 0.053125 0.1421875
8 0.9703125 0.37421875 0.059375 0.4515625
6 0.36640625 0.4671875 0.04296875 0.04296875
6 0.4078125 0.4703125 0.03828125 0.0453125
6 0.54296875 0.4890625 0.05703125 0.053125
2 0.4109375 0.49296875 0.03671875 0.04140625
2 0.36953125 0.4984375 0.0359375 0.0453125
5 0.4734375 0.5046875 0.0265625 0.04296875
2 0.53203125 0.52109375 0.03515625 0.040625
10 0.36015625 0.59296875 0.059375 0.1359375
10 0.42890625 0.59453125 0.0734375 0.12421875
10 0.54453125 0.6109375 0.0609375 0.1421875
5 0.3859375 0.63359375 0.0265625 0.0453125
4 0.49453125 0.671875 0.03203125 0.0578125
8 0.4328125 0.67265625 0.09921875 0.428125
8 0.3515625 0.67890625 0.0640625 0.44765625
8 0.546875 0.68984375 0.06328125 0.45546875
5 0.571875 0.70859375 0.03203125 0.053125
0 0.3578125 0.8671875 0.05703125 0.0984375
9 0.4109375 0.88046875 0.03828125 0.03671875
9 0.465625 0.88984375 0.028125 0.03828125
9 0.546875 0.90078125 0.04140625 0.03671875