10 0.2640625 0.41328125 0.1921875 0.33671875
5 0.48125 0.46640625 0.0625 0.08125
8 0.67734375 0.4875 0.175 0.87578125
5 0.7359375 0.50390625 0.07265625 0.09921875
8 0.26484375 0.53046875 0.1953125 0.87578125
5 0.4234375 0.540625 0.04765625 0.08828125
5 0.175 0.6859375 0.075 0.08125
6 0.6765625 0.0796875 0.0828125 0.06015625
6 0.2546875 0.13125 0.0953125 0.078125
2 0.26015625 0.225 0.0703125 0.11015625
10 0.6875 0.328125 0.1703125 0.2734375
9 0.6203125 0.91328125 0.0796875 0.09609375
9 0.725 0.9203125 0.0796875 0.103125