10 0.7296875 0.38828125 0.35625 0.27265625
5 0.609375 0.415625 0.0921875 0.05859375
8 0.29296875 0.49140625 0.425 0.8796875
5 0.08359375 0.51875 0.0859375 0.0796875
5 0.50859375 0.5203125 0.0859375 0.06875
8 0.72421875 0.53828125 0.34453125 0.85546875
5 0.9140625 0.5828125 0.08046875 0.0484375
6 0.25859375 0.096875 0.1953125 0.08984375
6 0.68984375 0.14296875 0.18984375 0.06875
2 0.25546875 0.17265625 0.109375 0.06171875
2 0.68359375 0.21875 0.1265625 0.0796875
10 0.31875 0.3359375 0.4078125 0.2796875
9 0.140625 0.89296875 0.18984375 0.07265625
9 0.50859375 0.8484375 0.1203125 0.11015625
9 0.27890625 0.91875 0.11484375 0.065625
9 0.6953125 0.94140625 0.1203125 0.06875
3 0.66640625 0.196875 0.13828125 0.03828125