6 0.88828125 0.40625 0.05625 0.07890625
6 0.4671875 0.42421875 0.19296875 0.10703125
6 0.1796875 0.440625 0.14375 0.0765625
5 0.84296875 0.459375 0.0890625 0.0796875
2 0.2015625 0.484375 0.08359375 0.05859375
6 0.1078125 0.515625 0.06328125 0.03046875
10 0.92109375 0.621875 0.10390625 0.253125
10 0.18828125 0.66875 0.1984375 0.25703125
8 0.9125 0.68046875 0.1671875 0.6390625
8 0.54609375 0.6828125 0.3875 0.634375
8 0.18515625 0.70625 0.21640625 0.58671875
10 0.5453125 0.72109375 0.35625 0.359375
5 0.1890625 0.81796875 0.09453125 0.06328125