7 0.45078125 0.3703125 0.02109375 0.04296875
8 0.46171875 0.39375 0.0453125 0.10546875
10 0.47265625 0.403125 0.0390625 0.046875
6 0.91171875 0.48125 0.0421875 0.0375
6 0.7296875 0.52734375 0.028125 0.03046875
7 0.58828125 0.53046875 0.02578125 0.03203125
6 0.290625 0.53046875 0.0328125 0.0265625
6 0.8703125 0.53828125 0.02734375 0.028125
10 0.634375 0.59921875 0.02421875 0.06484375
10 0.9328125 0.60234375 0.06015625 0.12734375
10 0.75234375 0.603125 0.0375 0.08984375
10 0.28984375 0.60546875 0.0640625 0.109375
10 0.875 0.61171875 0.034375 0.07109375
10 0.59296875 0.615625 0.0546875 0.09453125
8 0.8765625 0.64921875 0.046875 0.24453125
8 0.74453125 0.65 0.065625 0.2765625
8 0.6296875 0.6609375 0.046875 0.24609375
8 0.92578125 0.66328125 0.0703125 0.39140625
8 0.29453125 0.67265625 0.0640625 0.3109375
8 0.590625 0.6828125 0.053125 0.31015625
9 0.2859375 0.8078125 0.021875 0.04296875
9 0.31171875 0.8109375 0.02578125 0.04140625
9 0.58125 0.8203125 0.02578125 0.0375
9 0.603125 0.82734375 0.0265625 0.0375
9 0.91875 0.840625 0.0546875 0.04765625
9 0.74921875 0.778125 0.03203125 0.02890625
9 0.73359375 0.7609375 0.03203125 0.02734375
9 0.86796875 0.76015625 0.034375 0.02890625