6 0.32890625 0.14609375 0.0953125 0.10625
6 0.51015625 0.2125 0.11640625 0.10546875
6 0.68203125 0.2140625 0.09375 0.08984375
2 0.325 0.21484375 0.0734375 0.12734375
2 0.68203125 0.28359375 0.075 0.1015625
2 0.4984375 0.30078125 0.09453125 0.15390625
8 0.309375 0.534375 0.1765625 0.90625
8 0.50390625 0.55546875 0.23984375 0.81875
8 0.70234375 0.56875 0.21015625 0.8203125
5 0.2734375 0.7296875 0.0625 0.08828125
5 0.596875 0.8859375 0.05703125 0.10078125
5 0.4046875 0.89296875 0.05625 0.08671875
3 0.50546875 0.271875 0.07421875 0.04453125