6 0.571875 0.31015625 0.04921875 0.0921875
6 0.4125 0.31328125 0.07265625 0.09765625
6 0.50625 0.32734375 0.06015625 0.0859375
2 0.565625 0.3609375 0.03984375 0.06640625
2 0.421875 0.3703125 0.05078125 0.0859375
2 0.5 0.3796875 0.05078125 0.08046875
8 0.55546875 0.515625 0.065625 0.48828125
5 0.59765625 0.5328125 0.03828125 0.0546875
8 0.48984375 0.61953125 0.10390625 0.65234375
8 0.38828125 0.621875 0.10703125 0.74453125
5 0.4515625 0.6234375 0.0453125 0.06328125
9 0.459375 0.91953125 0.0578125 0.08046875