6 0.64375 0.40078125 0.0390625 0.04140625
6 0.69609375 0.471875 0.03125 0.03671875
6 0.5078125 0.4109375 0.040625 0.05
6 0.6171875 0.46484375 0.0234375 0.021875
6 0.5359375 0.42890625 0.0203125 0.0296875
6 0.440625 0.5046875 0.02421875 0.028125
6 0.39765625 0.471875 0.03515625 0.03671875
6 0.3578125 0.45625 0.0328125 0.03984375
6 0.29921875 0.403125 0.03984375 0.0484375
8 0.64140625 0.62578125 0.08984375 0.490625
8 0.5046875 0.64140625 0.0875 0.49921875
8 0.44453125 0.65 0.04609375 0.31875
8 0.29375 0.61953125 0.1015625 0.46953125
8 0.3734375 0.640625 0.06953125 0.40859375
8 0.7046875 0.646875 0.0625 0.38359375
8 0.575 0.6546875 0.03515625 0.3140625
10 0.7125 0.5984375 0.065625 0.15390625
10 0.65078125 0.55625 0.09453125 0.18515625
10 0.5078125 0.56875 0.0953125 0.2015625
10 0.41328125 0.58984375 0.03828125 0.1453125
10 0.3703125 0.57890625 0.05859375 0.1703125
10 0.3046875 0.54921875 0.09765625 0.190625
9 0.65859375 0.85390625 0.0359375 0.04296875
9 0.63125 0.83671875 0.02421875 0.04375
9 0.49296875 0.85234375 0.0296875 0.06875
9 0.440625 0.78984375 0.01953125 0.028125