6 0.03828125 0.2515625 0.07265625 0.07265625
6 0.50078125 0.2671875 0.06484375 0.05
6 0.2921875 0.27109375 0.07265625 0.0546875
2 0.69765625 0.2953125 0.0625 0.0703125
2 0.04140625 0.3125 0.06640625 0.08515625
2 0.5 0.31484375 0.05078125 0.06484375
2 0.29765625 0.32109375 0.0625 0.0625
10 0.92265625 0.34140625 0.1546875 0.2828125
10 0.70625 0.44765625 0.11953125 0.23515625
10 0.3078125 0.45 0.11953125 0.23515625
10 0.51015625 0.45 0.11953125 0.23515625
10 0.06875 0.4515625 0.13359375 0.24765625
8 0.91484375 0.475 0.16171875 0.825
8 0.06640625 0.5328125 0.12890625 0.66015625
4 0.86484375 0.5328125 0.06484375 0.0796875
8 0.7 0.53359375 0.11484375 0.64765625
4 0.65546875 0.5375 0.03828125 0.05
8 0.30078125 0.53984375 0.14921875 0.6
8 0.51484375 0.53984375 0.1375 0.5953125
4 0.478125 0.5609375 0.0421875 0.05234375
4 0.28203125 0.58125 0.03828125 0.0578125
4 0.04765625 0.6171875 0.0421875 0.0703125
6 0.89375 0.1234375 0.0828125 0.0796875
2 0.8953125 0.19140625 0.07265625 0.07734375
6 0.696875 0.2375 0.06875 0.0546875
0 0.33359375 0.8171875 0.07265625 0.07734375
0 0.2765625 0.7859375 0.0828125 0.06484375
0 0.540625 0.8109375 0.06875 0.0703125
9 0.7109375 0.8375 0.08515625 0.0953125
0 0.8734375 0.8265625 0.103125 0.0703125
0 0.92421875 0.88125 0.12890625 0.0875
9 0.0921875 0.8390625 0.07109375 0.0796875