6 0.37265625 0.10703125 0.06328125 0.065625
2 0.4890625 0.15625 0.05234375 0.08046875
6 0.26015625 0.16484375 0.06328125 0.065625
2 0.37421875 0.16796875 0.04609375 0.0703125
2 0.2578125 0.22578125 0.0453125 0.075
10 0.52421875 0.31328125 0.12734375 0.25390625
10 0.24921875 0.3640625 0.121875 0.246875
5 0.2078125 0.39765625 0.03359375 0.0609375
5 0.365625 0.39765625 0.04453125 0.06484375
8 0.38359375 0.4546875 0.13984375 0.77265625
8 0.52734375 0.45703125 0.15546875 0.77421875
5 0.56015625 0.46484375 0.0390625 0.0703125
8 0.2328125 0.478125 0.16328125 0.715625
6 0.49453125 0.0984375 0.06953125 0.0484375
9 0.584375 0.8140625 0.0609375 0.0828125
9 0.484375 0.80390625 0.0875 0.07734375
9 0.41796875 0.80625 0.06640625 0.0703125
9 0.33984375 0.82109375 0.075 0.0703125
9 0.20859375 0.8265625 0.053125 0.0703125