6 0.1453125 0.2140625 0.153125 0.1375
6 0.675 0.284375 0.1234375 0.12890625
2 0.1734375 0.30546875 0.075 0.1359375
6 0.5046875 0.35703125 0.084375 0.09921875
2 0.6734375 0.359375 0.0828125 0.1390625
2 0.5078125 0.4453125 0.0640625 0.1171875
8 0.10234375 0.5703125 0.20390625 0.85078125
8 0.74140625 0.596875 0.25078125 0.7890625
10 0.0921875 0.65390625 0.18359375 0.584375
10 0.74921875 0.6546875 0.20390625 0.49765625
8 0.5234375 0.6546875 0.17578125 0.6734375
10 0.525 0.67421875 0.1875 0.3734375
5 0.61484375 0.759375 0.10625 0.115625
5 0.20859375 0.83125 0.07734375 0.11875
5 0.41484375 0.8796875 0.05390625 0.10234375