6 0.78203125 0.140625 0.0234375 0.03203125
6 0.75546875 0.17578125 0.01875 0.028125
6 0.88984375 0.2296875 0.03671875 0.03359375
6 0.85390625 0.440625 0.03984375 0.04140625
6 0.28828125 0.4375 0.0421875 0.0484375
6 0.10390625 0.5625 0.03046875 0.0546875
6 0.0265625 0.4640625 0.04140625 0.0515625
6 0.94140625 0.7640625 0.04375 0.0546875
8 0.95546875 0.82265625 0.08671875 0.16796875
8 0.840625 0.5546875 0.08359375 0.2765625
8 0.171875 0.6390625 0.17421875 0.2015625
8 0.04609375 0.52265625 0.08203125 0.18203125
8 0.31015625 0.55859375 0.08828125 0.28359375
8 0.74375 0.228125 0.046875 0.1234375
8 0.88203125 0.31015625 0.05390625 0.18359375
8 0.78359375 0.19296875 0.0328125 0.14296875