8 0.43671875 0.46484375 0.22890625 0.84140625
6 0.11640625 0.46953125 0.18359375 0.33359375
5 0.27734375 0.540625 0.04609375 0.1515625
6 0.9140625 0.6109375 0.0390625 0.05078125
6 0.7625 0.61640625 0.03359375 0.05390625
8 0.159375 0.62421875 0.28359375 0.70390625
6 0.71640625 0.628125 0.05 0.07109375
10 0.4515625 0.6328125 0.18359375 0.46484375
2 0.76484375 0.66640625 0.02890625 0.0609375
2 0.9078125 0.6703125 0.03203125 0.07421875
2 0.72421875 0.696875 0.034375 0.07421875
5 0.8796875 0.7421875 0.0234375 0.09765625
10 0.1890625 0.74375 0.18359375 0.46484375
5 0.765625 0.74765625 0.028125 0.0609375
5 0.86328125 0.75390625 0.0234375 0.08046875
8 0.76875 0.7890625 0.0625 0.421875
8 0.915625 0.79296875 0.0640625 0.4140625
10 0.765625 0.79453125 0.06796875 0.2359375
8 0.7015625 0.8046875 0.0859375 0.38359375
10 0.9203125 0.825 0.06796875 0.2359375
10 0.7046875 0.83828125 0.06796875 0.2359375
6 0.4421875 0.21015625 0.18203125 0.30625
5 0.28671875 0.3 0.059375 0.134375