6 0.10625 0.4578125 0.2078125 0.1859375
6 0.54765625 0.4671875 0.22109375 0.20546875
6 0.778125 0.5765625 0.171875 0.17578125
2 0.5734375 0.60390625 0.10703125 0.153125
2 0.13203125 0.61875 0.1296875 0.1953125
8 0.48515625 0.68046875 0.3328125 0.63828125
2 0.79140625 0.6875 0.11796875 0.14296875
8 0.134375 0.68671875 0.265625 0.6265625
8 0.75078125 0.7421875 0.2296875 0.515625
10 0.4859375 0.8171875 0.3 0.365625
10 0.13046875 0.87109375 0.25703125 0.25703125
10 0.75 0.8859375 0.21875 0.228125
3 0.13515625 0.571875 0.11796875 0.06171875
3 0.81953125 0.66484375 0.0578125 0.05546875