6 0.57265625 0.12265625 0.0328125 0.03203125
6 0.1765625 0.14765625 0.0390625 0.0734375
8 0.1734375 0.1609375 0.146875 0.3203125
6 0.63828125 0.16953125 0.02890625 0.0359375
8 0.64765625 0.190625 0.06328125 0.0890625
8 0.57734375 0.19296875 0.07265625 0.1796875
8 0.18046875 0.21015625 0.05546875 0.17578125
8 0.38515625 0.24140625 0.1671875 0.45625
4 0.38671875 0.30625 0.053125 0.071875
4 0.43828125 0.3234375 0.0515625 0.06015625
6 0.4609375 0.4296875 0.0765625 0.12578125
8 0.81484375 0.4375 0.1796875 0.8734375
4 0.7921875 0.44609375 0.06171875 0.09609375
6 0.77578125 0.05546875 0.08515625 0.109375
8 0.37109375 0.57109375 0.26875 0.403125
6 0.4015625 0.06796875 0.07890625 0.1140625
4 0.48671875 0.703125 0.0515625 0.08984375
9 0.83671875 0.8234375 0.1 0.06640625
9 0.79453125 0.8203125 0.09375 0.06640625
9 0.38046875 0.771875 0.090625 0.071875
3 0.403125 0.12578125 0.05390625 0.0390625
3 0.7609375 0.10390625 0.02578125 0.03203125