6 0.3421875 0.18671875 0.0546875 0.05390625
2 0.21953125 0.203125 0.05 0.096875
6 0.60703125 0.26484375 0.01875 0.06796875
10 0.1671875 0.36015625 0.128125 0.30390625
10 0.72890625 0.3640625 0.1046875 0.32109375
8 0.615625 0.4484375 0.05078125 0.42890625
10 0.61484375 0.45234375 0.03203125 0.25859375
10 0.34296875 0.465625 0.1140625 0.309375
8 0.7609375 0.5234375 0.165625 0.86953125
8 0.178125 0.5265625 0.11875 0.91875
8 0.34453125 0.5703125 0.1234375 0.8140625
5 0.4109375 0.5734375 0.034375 0.078125
5 0.20703125 0.6015625 0.0546875 0.09921875
10 0.93125 0.625 0.1375 0.1390625
5 0.31953125 0.64609375 0.03828125 0.08671875
8 0.91484375 0.7625 0.1703125 0.475
6 0.22265625 0.12265625 0.084375 0.140625
6 0.8140625 0.13515625 0.0875 0.1421875