6 0.71015625 0.35859375 0.10390625 0.14140625
6 0.54296875 0.421875 0.12578125 0.1828125
2 0.69296875 0.4546875 0.0859375 0.1234375
2 0.52890625 0.51953125 0.1140625 0.1625
8 0.67734375 0.56484375 0.18203125 0.60078125
8 0.45703125 0.6609375 0.30234375 0.6484375
6 0.4171875 0.06875 0.10234375 0.13203125
4 0.76328125 0.7265625 0.065625 0.13828125
4 0.66875 0.9234375 0.09765625 0.10546875
2 0.40703125 0.14296875 0.065625 0.09921875
8 0.36328125 0.24296875 0.15 0.47421875
3 0.5578125 0.5078125 0.04609375 0.06328125