6 0.65390625 0.3046875 0.134375 0.13515625
5 0.9078125 0.3125 0.04765625 0.13828125
6 0.2953125 0.32109375 0.08203125 0.084375
2 0.121875 0.32734375 0.0796875 0.1078125
2 0.75 0.35859375 0.06015625 0.1171875
5 0.5796875 0.38125 0.05234375 0.1140625
5 0.68984375 0.390625 0.03984375 0.08984375
2 0.64296875 0.40390625 0.0703125 0.12890625
2 0.28515625 0.4140625 0.05390625 0.08984375
5 0.08671875 0.43828125 0.078125 0.1078125
5 0.190625 0.45625 0.05390625 0.13203125
5 0.9796875 0.459375 0.03984375 0.1921875
5 0.625 0.5046875 0.0859375 0.078125
8 0.93359375 0.52890625 0.1328125 0.8671875
8 0.4359375 0.54375 0.19609375 0.853125
8 0.78671875 0.5828125 0.18203125 0.75703125
8 0.09609375 0.5859375 0.1921875 0.81953125
8 0.65 0.6171875 0.2 0.7625
5 0.2796875 0.63515625 0.06015625 0.1109375
8 0.278125 0.6421875 0.1375 0.715625
5 0.8453125 0.740625 0.05 0.146875
6 0.95390625 0.159375 0.0921875 0.13203125
6 0.46875 0.2 0.1421875 0.153125
6 0.1296875 0.225 0.115625 0.10234375
6 0.7421875 0.2625 0.1 0.075
2 0.9640625 0.2640625 0.071875 0.13203125
2 0.46171875 0.28515625 0.0640625 0.1203125