6 0.61640625 0.58515625 0.021875 0.01640625
6 0.23515625 0.590625 0.02890625 0.0375
6 0.54609375 0.603125 0.0296875 0.0296875
2 0.61484375 0.60546875 0.02109375 0.034375
6 0.69921875 0.6078125 0.02421875 0.025
6 0.10234375 0.609375 0.0265625 0.025
6 0.3125 0.61796875 0.0203125 0.01796875
6 0.36953125 0.62109375 0.02265625 0.03046875
6 0.76796875 0.62265625 0.02578125 0.0234375
6 0.41796875 0.62421875 0.0203125 0.0234375
6 0.478125 0.6328125 0.02578125 0.021875
6 0.67421875 0.634375 0.01953125 0.02109375
8 0.61953125 0.7078125 0.05234375 0.29609375
5 0.55 0.70859375 0.01953125 0.0296875
8 0.23125 0.709375 0.06015625 0.2890625
8 0.10078125 0.71875 0.06328125 0.25859375
8 0.29921875 0.7203125 0.04453125 0.225
8 0.67734375 0.72109375 0.03046875 0.18359375
8 0.36796875 0.72421875 0.0453125 0.2375
8 0.55546875 0.72734375 0.04765625 0.27109375
8 0.42109375 0.72734375 0.034375 0.225
5 0.39609375 0.72734375 0.01875 0.0328125
8 0.771875 0.72734375 0.0453125 0.2390625
8 0.71015625 0.7296875 0.03515625 0.2765625
8 0.4796875 0.73125 0.040625 0.2265625
5 0.38046875 0.7359375 0.01640625 0.0296875
5 0.61640625 0.7359375 0.01796875 0.0359375
5 0.20703125 0.73671875 0.01484375 0.02421875
5 0.071875 0.73984375 0.0171875 0.028125
5 0.7625 0.74609375 0.015625 0.0359375
5 0.46015625 0.746875 0.01484375 0.028125
5 0.71640625 0.759375 0.01640625 0.03125
9 0.66328125 0.8640625 0.02265625 0.04375
9 0.4390625 0.8453125 0.0265625 0.02578125
9 0.3859375 0.83515625 0.02421875 0.03515625
9 0.3203125 0.84140625 0.03359375 0.03125
9 0.12421875 0.828125 0.02265625 0.0546875
9 0.08125 0.84140625 0.03203125 0.0359375