6 0.80078125 0.49609375 0.0203125 0.03046875
6 0.8359375 0.50390625 0.03046875 0.0390625
8 0.73984375 0.62890625 0.0515625 0.31796875
8 0.79375 0.63046875 0.040625 0.290625
5 0.71796875 0.64375 0.0109375 0.03203125
5 0.76875 0.64453125 0.0109375 0.04453125
8 0.8390625 0.671875 0.05546875 0.40546875
5 0.8609375 0.696875 0.0203125 0.04296875
5 0.7984375 0.703125 0.01953125 0.0359375
9 0.828125 0.85390625 0.0328125 0.0359375
9 0.7515625 0.77734375 0.0203125 0.04453125
9 0.7328125 0.784375 0.02265625 0.03203125