10 0.55234375 0.33984375 0.121875 0.17890625
10 0.696875 0.35546875 0.1265625 0.19140625
10 0.815625 0.37421875 0.11328125 0.22890625
5 0.74921875 0.3984375 0.03984375 0.05625
5 0.68359375 0.4078125 0.046875 0.0375
5 0.60078125 0.459375 0.03359375 0.053125
8 0.5453125 0.4625 0.14921875 0.67421875
8 0.68125 0.4640625 0.14921875 0.67109375
5 0.5046875 0.4859375 0.0359375 0.0625
8 0.80703125 0.4890625 0.13359375 0.75859375
6 0.7890625 0.15234375 0.084375 0.084375
6 0.5640625 0.17421875 0.07109375 0.078125
6 0.6875 0.17734375 0.0640625 0.078125
2 0.79140625 0.21328125 0.06640625 0.06875
2 0.56875 0.22578125 0.03125 0.0625
2 0.684375 0.23046875 0.0578125 0.053125
9 0.76640625 0.83984375 0.1046875 0.065625
9 0.82890625 0.79296875 0.06875 0.065625
9 0.71328125 0.78046875 0.0421875 0.065625
9 0.6203125 0.76484375 0.07109375 0.065625
9 0.5203125 0.76484375 0.06640625 0.06875