6 0.64609375 0.24140625 0.0953125 0.06640625
2 0.3796875 0.253125 0.06640625 0.06640625
2 0.2015625 0.26171875 0.05390625 0.07578125
6 0.84140625 0.2703125 0.1015625 0.078125
2 0.528125 0.27890625 0.04609375 0.06875
2 0.634375 0.30625 0.06796875 0.08203125
2 0.8140625 0.3421875 0.06640625 0.0890625
8 0.16875 0.403125 0.1984375 0.5078125
8 0.63203125 0.41171875 0.19375 0.4140625
8 0.3421875 0.41953125 0.1953125 0.5609375
4 0.12265625 0.421875 0.09375 0.0890625
4 0.39765625 0.42890625 0.05859375 0.084375
4 0.46796875 0.44375 0.0765625 0.08203125
8 0.83828125 0.4484375 0.184375 0.453125
8 0.50390625 0.45546875 0.13203125 0.55859375
5 0.28046875 0.46015625 0.05859375 0.0640625
4 0.60625 0.52421875 0.06640625 0.08671875
5 0.84140625 0.5390625 0.06015625 0.103125
4 0.659375 0.55 0.06796875 0.1125
5 0.88671875 0.6109375 0.07109375 0.11875
6 0.38984375 0.19140625 0.0875 0.07578125
6 0.190625 0.1953125 0.06015625 0.06640625
6 0.52421875 0.21875 0.07109375 0.06171875
9 0.703125 0.78828125 0.06796875 0.23359375
9 0.5328125 0.675 0.08125 0.18515625
9 0.40390625 0.625 0.07109375 0.20859375
9 0.31953125 0.628125 0.1125 0.2125
9 0.25078125 0.58046875 0.0828125 0.1625
9 0.14765625 0.5765625 0.090625 0.1375