6 0.4765625 0.08671875 0.1 0.0375
2 0.4859375 0.11640625 0.04609375 0.03359375
4 0.5453125 0.17109375 0.0390625 0.03828125
8 0.4578125 0.20078125 0.0953125 0.26953125
6 0.521875 0.41328125 0.08359375 0.0796875
2 0.5703125 0.440625 0.05390625 0.0484375
10 0.7390625 0.465625 0.26875 0.14921875
4 0.6734375 0.571875 0.0640625 0.03671875
4 0.59296875 0.575 0.0640625 0.03359375
8 0.68046875 0.58046875 0.3609375 0.41640625
9 0.759375 0.771875 0.13515625 0.05546875
9 0.696875 0.67421875 0.10234375 0.04609375
9 0.4296875 0.33203125 0.075 0.0390625