6 0.08125 0.37734375 0.0296875 0.03984375
6 0.16484375 0.33359375 0.06640625 0.05703125
6 0.15703125 0.1515625 0.02421875 0.021875
6 0.2484375 0.18984375 0.02109375 0.01328125
6 0.43515625 0.08203125 0.028125 0.021875
6 0.4421875 0.14921875 0.021875 0.01875
6 0.43515625 0.17578125 0.02421875 0.015625
6 0.478125 0.19140625 0.021875 0.02421875
6 0.65390625 0.171875 0.03203125 0.025
6 0.80859375 0.13671875 0.0234375 0.02109375
6 0.884375 0.1859375 0.03125 0.02578125
10 0.0296875 0.40859375 0.05078125 0.071875
10 0.14921875 0.52109375 0.096875 0.22734375
10 0.16171875 0.22109375 0.04453125 0.084375
10 0.2484375 0.215625 0.025 0.01640625
10 0.40546875 0.15 0.0296875 0.10234375
10 0.434375 0.23046875 0.0359375 0.07734375
10 0.51796875 0.25390625 0.05078125 0.07265625
10 0.66015625 0.25625 0.04765625 0.1
10 0.8125 0.2015625 0.03515625 0.07421875
10 0.865625 0.27265625 0.034375 0.11171875
8 0.04765625 0.43125 0.08515625 0.14609375
8 0.1734375 0.60703125 0.16015625 0.60390625
8 0.1609375 0.2046875 0.065625 0.134375
8 0.24921875 0.21953125 0.046875 0.071875
8 0.41796875 0.14296875 0.05234375 0.14453125
8 0.43515625 0.28359375 0.03828125 0.22734375
8 0.4984375 0.28359375 0.06484375 0.209375
8 0.6546875 0.23828125 0.075 0.16015625
8 0.8078125 0.228125 0.04375 0.20234375
8 0.87734375 0.31875 0.0625 0.2875
9 0.8921875 0.43203125 0.046875 0.07265625
9 0.8609375 0.42734375 0.03125 0.06953125
9 0.44375 0.36328125 0.02734375 0.065625
9 0.21796875 0.8453125 0.0921875 0.121875
9 0.159375 0.84375 0.0640625 0.125