6 0.796875 0.246875 0.2875 0.3359375
6 0.45859375 0.27890625 0.19140625 0.23671875
2 0.29921875 0.3125 0.140625 0.33359375
2 0.48125 0.4765625 0.14296875 0.19765625
8 0.19375 0.50703125 0.315625 0.98515625
8 0.803125 0.51875 0.3609375 0.928125
8 0.47265625 0.56640625 0.26796875 0.86640625
10 0.15078125 0.67890625 0.29296875 0.63671875
10 0.82578125 0.74921875 0.31796875 0.5015625
10 0.49296875 0.7765625 0.33046875 0.4421875
6 0.26953125 0.11953125 0.2234375 0.2390625
3 0.47578125 0.4171875 0.1359375 0.0890625
3 0.334375 0.259375 0.08203125 0.1234375