8 0.846875 0.59296875 0.30546875 0.81328125
8 0.51484375 0.6 0.2546875 0.8
10 0.51875 0.72734375 0.2546875 0.53125
10 0.8375 0.775 0.28046875 0.45
6 0.28046875 0.08125 0.0765625 0.0765625
5 0.765625 0.84921875 0.12421875 0.1578125
10 0.3296875 0.234375 0.0984375 0.18203125
6 0.77421875 0.24375 0.153125 0.153125
6 0.5765625 0.26796875 0.12109375 0.14375
8 0.2703125 0.296875 0.2296875 0.5265625
5 0.2671875 0.36328125 0.1015625 0.2390625
2 0.5671875 0.37578125 0.1015625 0.1671875
2 0.759375 0.3828125 0.0984375 0.1625