6 0.303125 0.55625 0.02109375 0.02421875
10 0.3125 0.61484375 0.0375 0.07109375
8 0.30703125 0.6234375 0.04921875 0.1578125
4 0.425 0.6609375 0.01875 0.034375
6 0.58671875 0.68671875 0.046875 0.040625
6 0.15 0.6890625 0.0265625 0.02421875
6 0.04375 0.69375 0.02109375 0.02421875
6 0.07421875 0.69375 0.0234375 0.02421875
6 0.40546875 0.69609375 0.0375 0.0328125
6 0.2828125 0.70078125 0.0234375 0.01484375
6 0.21796875 0.71171875 0.02109375 0.01875
6 0.121875 0.71640625 0.0203125 0.0140625
10 0.40859375 0.7515625 0.05078125 0.0609375
10 0.29296875 0.753125 0.034375 0.05703125
10 0.15859375 0.7578125 0.0359375 0.0578125
10 0.11796875 0.7625 0.03984375 0.05078125
10 0.228125 0.7671875 0.03984375 0.059375
5 0.1890625 0.76953125 0.01875 0.02109375
10 0.58828125 0.77109375 0.071875 0.0875
10 0.0640625 0.77109375 0.04765625 0.08828125
8 0.11640625 0.79296875 0.0359375 0.16953125
8 0.2890625 0.79765625 0.05 0.22109375
8 0.153125 0.8 0.046875 0.24609375
8 0.22734375 0.80234375 0.04765625 0.20859375
8 0.40546875 0.809375 0.0953125 0.3109375
8 0.06015625 0.8125 0.053125 0.2484375
8 0.58671875 0.8265625 0.084375 0.33984375
4 0.5546875 0.853125 0.01796875 0.034375
9 0.1625 0.90625 0.0390625 0.03046875
9 0.0609375 0.9265625 0.0421875 0.0265625
9 0.2109375 0.8953125 0.0203125 0.02109375
9 0.24296875 0.9 0.02421875 0.01875
9 0.40390625 0.92890625 0.0296875 0.0640625
9 0.42734375 0.92890625 0.02890625 0.0671875