6 0.55078125 0.4515625 0.0515625 0.04453125
6 0.74453125 0.46328125 0.08828125 0.06796875
6 0.6734375 0.48828125 0.03984375 0.040625
2 0.54375 0.49140625 0.03671875 0.05
6 0.34765625 0.496875 0.03984375 0.040625
6 0.459375 0.50546875 0.05 0.04765625
6 0.63828125 0.5109375 0.05390625 0.0640625
2 0.7359375 0.521875 0.053125 0.065625
2 0.3515625 0.52578125 0.02109375 0.02890625
6 0.39609375 0.5265625 0.06640625 0.08046875
2 0.45703125 0.5375 0.03125 0.05
2 0.63203125 0.546875 0.03828125 0.0515625
8 0.67578125 0.5546875 0.05703125 0.190625
4 0.4796875 0.56484375 0.0390625 0.06015625
10 0.34375 0.60859375 0.05859375 0.14765625
10 0.546875 0.61796875 0.08671875 0.19609375
4 0.5375 0.6234375 0.03828125 0.0375
10 0.453125 0.659375 0.06640625 0.1828125
8 0.3421875 0.6625 0.0734375 0.37734375
8 0.55625 0.69296875 0.08515625 0.5390625
10 0.40703125 0.6953125 0.08125 0.2203125
10 0.628125 0.70234375 0.1 0.23828125
10 0.75859375 0.70703125 0.1203125 0.26640625
8 0.75859375 0.71640625 0.1234375 0.5609375
8 0.4640625 0.71640625 0.059375 0.46953125
8 0.640625 0.7390625 0.0890625 0.5109375
8 0.41015625 0.73984375 0.0796875 0.5125
4 0.57578125 0.78828125 0.03359375 0.075
4 0.67890625 0.83203125 0.03046875 0.08203125
4 0.78125 0.86640625 0.04140625 0.0609375
3 0.725 0.5109375 0.0296875 0.03203125
3 0.63203125 0.5359375 0.04296875 0.02890625
9 0.54609375 0.9328125 0.05625 0.065625
9 0.596875 0.9515625 0.03828125 0.0796875
9 0.4578125 0.9390625 0.0390625 0.06015625
9 0.33203125 0.83046875 0.028125 0.05703125
9 0.3640625 0.8265625 0.0390625 0.05