6 0.65546875 0.3 0.01640625 0.01171875
6 0.56328125 0.303125 0.01640625 0.01796875
2 0.08984375 0.30625 0.03984375 0.0484375
8 0.6625 0.34375 0.0296875 0.10546875
5 0.4171875 0.40859375 0.05234375 0.0484375
5 0.38984375 0.41171875 0.0484375 0.0453125
8 0.0640625 0.43828125 0.07578125 0.45078125
8 0.4640625 0.48671875 0.10234375 0.5765625
8 0.309375 0.52890625 0.08203125 0.66640625
5 0.034375 0.55546875 0.028125 0.06640625
8 0.13359375 0.55859375 0.0984375 0.75078125
6 0.13125 0.21953125 0.06640625 0.06015625
6 0.82890625 0.221875 0.021875 0.01796875
6 0.31171875 0.2265625 0.07421875 0.05703125
6 0.44921875 0.228125 0.06015625 0.05390625
6 0.075 0.24921875 0.05 0.06015625
2 0.14765625 0.28515625 0.04609375 0.071875
6 0.80234375 0.28671875 0.021875 0.01484375
2 0.45625 0.29609375 0.04609375 0.075
2 0.3265625 0.29765625 0.028125 0.071875
9 0.4421875 0.74140625 0.06015625 0.05703125
9 0.503125 0.75390625 0.0421875 0.06640625
9 0.321875 0.83515625 0.07578125 0.05703125
9 0.32578125 0.78671875 0.05390625 0.05078125
9 0.184375 0.8390625 0.04609375 0.08671875
9 0.10859375 0.91015625 0.05625 0.12890625