6 0.88984375 0.246875 0.0234375 0.01953125
6 0.95625 0.25234375 0.0203125 0.01796875
6 0.79921875 0.27734375 0.021875 0.02578125
6 0.74609375 0.28125 0.01875 0.0140625
8 0.89453125 0.3109375 0.04296875 0.146875
8 0.95859375 0.31875 0.05 0.178125
6 0.8390625 0.3546875 0.08671875 0.08203125
8 0.8 0.3546875 0.04140625 0.1765625
8 0.74609375 0.35703125 0.03984375 0.184375
6 0.3703125 0.35859375 0.0734375 0.0546875
6 0.184375 0.3609375 0.05703125 0.05859375
6 0.259375 0.3875 0.0515625 0.0765625
6 0.66875 0.40234375 0.075 0.09375
2 0.36875 0.41015625 0.0484375 0.05859375
2 0.83671875 0.41171875 0.046875 0.0625
2 0.665625 0.46484375 0.0453125 0.046875
6 0.44375 0.53515625 0.0453125 0.0546875
5 0.28125 0.5453125 0.03515625 0.0390625
5 0.2078125 0.55703125 0.028125 0.0390625
8 0.16640625 0.56875 0.08203125 0.44296875
8 0.2546875 0.5765625 0.096875 0.46640625
8 0.06875 0.5765625 0.0734375 0.353125
6 0.096875 0.5921875 0.04140625 0.04296875
5 0.2984375 0.59296875 0.03203125 0.0609375
8 0.4484375 0.59375 0.0703125 0.15703125
8 0.378125 0.61015625 0.09375 0.54921875
5 0.45703125 0.61953125 0.0234375 0.0390625
5 0.43125 0.6203125 0.01484375 0.02578125
8 0.88984375 0.65390625 0.1296875 0.6765625
5 0.9078125 0.66484375 0.05703125 0.078125
8 0.66015625 0.67578125 0.13203125 0.63359375
5 0.728125 0.70703125 0.0234375 0.0453125
5 0.62265625 0.71484375 0.03125 0.0453125
9 0.4 0.85625 0.06015625 0.06484375
9 0.36015625 0.821875 0.06640625 0.04921875
9 0.27578125 0.7953125 0.03984375 0.0546875
9 0.19375 0.7921875 0.046875 0.0609375
9 0.63828125 0.96484375 0.06015625 0.0703125
9 0.7125 0.96640625 0.06796875 0.06640625
9 0.14375 0.7625 0.04140625 0.046875
9 0.80703125 0.44140625 0.01875 0.021875
9 0.78984375 0.44140625 0.01328125 0.0234375
9 0.775 0.43203125 0.01875 0.021875
9 0.74765625 0.434375 0.01796875 0.01953125