6 0.48828125 0.2203125 0.06796875 0.06015625
6 0.3484375 0.246875 0.06015625 0.05390625
6 0.55546875 0.28203125 0.0359375 0.0328125
2 0.48828125 0.2875 0.04296875 0.0765625
6 0.7796875 0.30703125 0.059375 0.046875
6 0.7 0.3109375 0.0484375 0.05234375
6 0.8375 0.31328125 0.0625 0.05703125
2 0.365625 0.31796875 0.0515625 0.071875
2 0.5484375 0.3203125 0.03046875 0.05703125
8 0.56640625 0.32890625 0.0515625 0.14296875
6 0.64296875 0.33359375 0.05625 0.05859375
2 0.7921875 0.34140625 0.025 0.040625
2 0.7 0.34765625 0.0203125 0.0375
7 0.878125 0.35625 0.0203125 0.03125
2 0.82734375 0.35859375 0.02578125 0.04921875
7 0.95 0.3640625 0.01953125 0.02734375
8 0.878125 0.37109375 0.02265625 0.05234375
2 0.64296875 0.378125 0.02890625 0.05546875
8 0.90546875 0.4125 0.01875 0.13203125
8 0.9203125 0.42734375 0.025 0.1515625
8 0.94921875 0.43125 0.028125 0.1625
8 0.6984375 0.49140625 0.0453125 0.41171875
8 0.78125 0.496875 0.06171875 0.4140625
5 0.76015625 0.5109375 0.01953125 0.02734375
5 0.7890625 0.5125 0.01484375 0.02734375
8 0.834375 0.52109375 0.05859375 0.459375
5 0.84296875 0.54375 0.01953125 0.0328125
8 0.65859375 0.54609375 0.0625 0.51328125
5 0.6484375 0.5578125 0.0421875 0.06015625
8 0.50859375 0.56796875 0.11328125 0.74453125
8 0.35078125 0.603125 0.0703125 0.7703125
9 0.47109375 0.91640625 0.053125 0.0796875
9 0.553125 0.90703125 0.078125 0.078125
9 0.365625 0.95703125 0.06953125 0.06484375
9 0.82421875 0.7390625 0.04296875 0.06015625
9 0.646875 0.79765625 0.0484375 0.0734375
9 0.6828125 0.75 0.046875 0.078125
3 0.3703125 0.29375 0.04140625 0.03125
9 0.78828125 0.69140625 0.0375 0.05078125
9 0.5625 0.715625 0.034375 0.05703125