6 0.5953125 0.14140625 0.0609375 0.075
2 0.6 0.2 0.03828125 0.07265625
10 0.609375 0.32578125 0.1015625 0.2046875
5 0.571875 0.33046875 0.040625 0.05390625
6 0.24453125 0.41484375 0.05546875 0.06484375
8 0.603125 0.43046875 0.1328125 0.65625
6 0.42578125 0.43125 0.0234375 0.025
10 0.41796875 0.4859375 0.0390625 0.07109375
8 0.4140625 0.4984375 0.07109375 0.16640625
10 0.1640625 0.51171875 0.134375 0.1234375
8 0.1984375 0.5453125 0.19296875 0.325
5 0.290625 0.6515625 0.02734375 0.04375
5 0.265625 0.6828125 0.0234375 0.0515625
9 0.64296875 0.7328125 0.046875 0.0765625
9 0.58203125 0.7 0.0765625 0.04765625
9 0.19453125 0.68828125 0.06953125 0.05390625
9 0.39296875 0.56640625 0.01953125 0.02890625
9 0.41796875 0.5671875 0.01796875 0.02890625