6 0.84453125 0.1375 0.15390625 0.18515625
6 0.5390625 0.1390625 0.11484375 0.18125
6 0.290625 0.17109375 0.12265625 0.16015625
2 0.55859375 0.23828125 0.103125 0.1265625
2 0.31484375 0.2765625 0.1140625 0.1421875
2 0.84921875 0.30078125 0.11796875 0.19140625
10 0.56953125 0.4734375 0.1875 0.36484375
10 0.29609375 0.509375 0.2375 0.38125
8 0.5828125 0.52890625 0.253125 0.9375
8 0.83046875 0.53046875 0.3375 0.9390625
8 0.3203125 0.54765625 0.26015625 0.9046875
5 0.2953125 0.5484375 0.0890625 0.1015625
4 0.53359375 0.578125 0.11328125 0.11640625
10 0.82734375 0.5875 0.2515625 0.4671875
4 0.3109375 0.628125 0.1 0.14609375
4 0.771875 0.67890625 0.1421875 0.14765625
4 0.83671875 0.7640625 0.1453125 0.1953125
3 0.8453125 0.2796875 0.1 0.06015625
3 0.5421875 0.2328125 0.07265625 0.05390625
3 0.309375 0.25625 0.0765625 0.0671875