2 0.6984375 0.434375 0.10234375 0.27578125
2 0.2859375 0.45 0.07265625 0.115625
8 0.56640625 0.46796875 0.2328125 0.68828125
8 0.8 0.58203125 0.2703125 0.8359375
8 0.25625 0.63828125 0.22265625 0.7
10 0.59765625 0.6703125 0.1703125 0.53984375
10 0.85625 0.73984375 0.2671875 0.43984375
10 0.24609375 0.75234375 0.1875 0.43203125
5 0.3578125 0.79765625 0.1203125 0.115625
6 0.5296875 0.2296875 0.1296875 0.21171875
6 0.74375 0.24609375 0.2328125 0.1796875
6 0.27890625 0.33984375 0.12734375 0.11171875
2 0.5578125 0.35625 0.0953125 0.2078125