8 0.30859375 0.646875 0.1625 0.37734375
10 0.528125 0.6765625 0.1046875 0.15546875
8 0.50234375 0.71484375 0.11640625 0.45625
5 0.34609375 0.809375 0.053125 0.09609375
5 0.453125 0.84453125 0.03984375 0.05859375
5 0.52265625 0.90078125 0.0484375 0.0671875
6 0.4421875 0.26953125 0.06640625 0.07421875
2 0.4421875 0.33203125 0.0453125 0.06171875
8 0.4359375 0.4390625 0.09609375 0.45390625
5 0.48671875 0.47421875 0.02890625 0.05390625
6 0.3109375 0.50234375 0.07109375 0.1078125
5 0.40234375 0.5109375 0.03203125 0.053125
6 0.51640625 0.53359375 0.06484375 0.096875
2 0.3078125 0.5765625 0.0484375 0.071875
2 0.509375 0.59765625 0.04921875 0.05859375
3 0.30625 0.5671875 0.05234375 0.0296875