6 0.75390625 0.36796875 0.06796875 0.078125
6 0.42890625 0.378125 0.078125 0.0796875
6 0.47890625 0.3953125 0.06796875 0.0796875
7 0.52265625 0.3953125 0.028125 0.0359375
7 0.928125 0.396875 0.03671875 0.05078125
6 0.3515625 0.39921875 0.05 0.06875
7 0.56640625 0.40234375 0.03359375 0.0625
7 0.96171875 0.421875 0.046875 0.04921875
10 0.76171875 0.54140625 0.1203125 0.2109375
10 0.41953125 0.5625 0.128125 0.24921875
8 0.93671875 0.5703125 0.1234375 0.39765625
8 0.74921875 0.60703125 0.16171875 0.61796875
8 0.57421875 0.6078125 0.10859375 0.478125
8 0.65703125 0.60859375 0.103125 0.44921875
8 0.32421875 0.6390625 0.09140625 0.5
8 0.43671875 0.65546875 0.175 0.65078125
8 0.0453125 0.6875 0.08671875 0.59296875