6 0.4265625 0.2828125 0.140625 0.15703125
6 0.22578125 0.31328125 0.109375 0.17265625
2 0.78984375 0.34296875 0.159375 0.2
2 0.43125 0.390625 0.0921875 0.109375
2 0.2234375 0.41171875 0.1046875 0.11796875
8 0.8328125 0.5359375 0.28125 0.928125
8 0.45390625 0.603125 0.1890625 0.79296875
8 0.2140625 0.609375 0.1953125 0.7546875
10 0.4640625 0.64296875 0.15 0.37734375
10 0.2046875 0.68828125 0.20625 0.41796875
10 0.8421875 0.75 0.27265625 0.5
5 0.34296875 0.8 0.06484375 0.0953125
6 0.79375 0.1671875 0.196875 0.1703125
3 0.7796875 0.29453125 0.12265625 0.0703125