4 0.4203125 0.3609375 0.05703125 0.06171875
8 0.47265625 0.4140625 0.19765625 0.65078125
4 0.57265625 0.43671875 0.0296875 0.06328125
8 0.65390625 0.4453125 0.1671875 0.38828125
4 0.6296875 0.5171875 0.03125 0.06171875
6 0.46171875 0.10859375 0.0828125 0.05546875
2 0.45859375 0.175 0.05625 0.065625
10 0.49609375 0.275 0.12578125 0.15859375
6 0.628125 0.27890625 0.059375 0.05234375
4 0.43203125 0.28046875 0.040625 0.0875
2 0.63359375 0.33125 0.03125 0.04140625
9 0.3515625 0.70703125 0.1125 0.1375
9 0.56953125 0.71171875 0.0859375 0.1015625