6 0.4578125 0.509375 0.0265625 0.02265625
6 0.371875 0.51796875 0.0234375 0.02109375
6 0.77265625 0.51796875 0.0390625 0.0359375
2 0.76953125 0.54921875 0.02890625 0.03125
8 0.371875 0.5890625 0.05390625 0.1828125
8 0.46875 0.5953125 0.059375 0.18984375
4 0.35234375 0.60546875 0.015625 0.03046875
4 0.38359375 0.60546875 0.0140625 0.03046875
6 0.0703125 0.6328125 0.03125 0.03125
4 0.728125 0.65703125 0.03203125 0.05390625
8 0.775 0.68671875 0.071875 0.35546875
8 0.1125 0.70703125 0.15390625 0.190625
4 0.0234375 0.7265625 0.0203125 0.046875
9 0.78359375 0.8375 0.028125 0.05234375
9 0.76015625 0.78984375 0.025 0.065625