5 0.45625 0.38984375 0.03984375 0.0875
5 0.196875 0.43984375 0.0703125 0.11640625
8 0.41484375 0.4484375 0.22578125 0.56640625
8 0.64296875 0.46953125 0.25625 0.4953125
10 0.390625 0.5 0.1703125 0.33359375
10 0.1390625 0.51484375 0.20234375 0.37890625
8 0.17109375 0.52109375 0.30625 0.71875
5 0.7 0.57578125 0.0796875 0.090625
5 0.440625 0.5875 0.05 0.08125
6 0.37890625 0.221875 0.10234375 0.10703125
6 0.103125 0.2234375 0.11015625 0.14921875
7 0.66328125 0.2265625 0.0859375 0.06484375
2 0.39921875 0.2765625 0.065625 0.09375
2 0.140625 0.29296875 0.09375 0.10703125
2 0.65703125 0.315625 0.0859375 0.1
9 0.78984375 0.853125 0.1 0.096875
9 0.63828125 0.9 0.07578125 0.16796875
9 0.446875 0.93515625 0.14609375 0.1296875