6 0.6578125 0.31640625 0.046875 0.04765625
6 0.55078125 0.34609375 0.05 0.05078125
2 0.65625 0.35625 0.046875 0.0734375
2 0.546875 0.3984375 0.0421875 0.065625
10 0.671875 0.49140625 0.1078125 0.215625
10 0.55 0.5265625 0.1078125 0.215625
8 0.678125 0.615625 0.1453125 0.63984375
5 0.44140625 0.6203125 0.0453125 0.05859375
8 0.52578125 0.62265625 0.18515625 0.6015625
5 0.60625 0.6546875 0.03203125 0.05859375
9 0.5234375 0.86953125 0.04921875 0.1109375
9 0.565625 0.87578125 0.040625 0.1109375
9 0.6359375 0.859375 0.06171875 0.1046875
9 0.72421875 0.88203125 0.05078125 0.12421875