6 0.221875 0.33046875 0.0734375 0.0890625
6 0.79765625 0.33359375 0.11171875 0.11171875
6 0.62734375 0.3484375 0.09609375 0.084375
6 0.36796875 0.371875 0.0734375 0.0921875
6 0.5296875 0.3734375 0.0890625 0.09921875
6 0.1234375 0.378125 0.1078125 0.11171875
6 0.72109375 0.40234375 0.08359375 0.08125
2 0.778125 0.403125 0.0640625 0.1
2 0.2203125 0.40546875 0.06328125 0.0765625
2 0.515625 0.41484375 0.053125 0.084375
2 0.35234375 0.4171875 0.0546875 0.0953125
2 0.61796875 0.42578125 0.05859375 0.09140625
2 0.13203125 0.434375 0.0546875 0.103125
2 0.7109375 0.48125 0.0578125 0.1
8 0.51015625 0.55546875 0.1328125 0.465625
8 0.63515625 0.55859375 0.1125 0.4859375
8 0.3546875 0.56015625 0.15 0.4875
8 0.728125 0.57109375 0.08203125 0.4046875
5 0.23125 0.590625 0.07734375 0.0765625
5 0.27578125 0.5953125 0.0625 0.10703125
10 0.63515625 0.62421875 0.10546875 0.33046875
10 0.3421875 0.6296875 0.1359375 0.3109375
10 0.5328125 0.6296875 0.1125 0.31953125
8 0.22421875 0.63046875 0.1234375 0.71328125
8 0.11484375 0.63359375 0.121875 0.68125
8 0.83125 0.63984375 0.15 0.7203125
10 0.8265625 0.6703125 0.1546875 0.4203125
5 0.50625 0.7578125 0.046875 0.06484375
5 0.62421875 0.790625 0.04453125 0.07265625
5 0.7 0.81484375 0.04921875 0.04921875
5 0.8328125 0.8953125 0.065625 0.0796875
3 0.50703125 0.4078125 0.04140625 0.03125
3 0.1546875 0.4109375 0.025 0.0296875
10 0.75234375 0.6390625 0.09453125 0.30625