6 0.78828125 0.25859375 0.0671875 0.06640625
6 0.5328125 0.28515625 0.05390625 0.05078125
5 0.61796875 0.2875 0.03828125 0.065625
2 0.79375 0.30390625 0.03671875 0.04296875
2 0.55 0.33515625 0.0484375 0.06484375
10 0.75546875 0.4015625 0.09765625 0.18203125
8 0.75078125 0.50078125 0.19140625 0.5625
8 0.55546875 0.51328125 0.15703125 0.50546875
5 0.621875 0.52109375 0.0296875 0.05625
9 0.81875 0.7578125 0.06640625 0.0625
9 0.684375 0.75 0.07265625 0.06171875
9 0.45546875 0.715625 0.05859375 0.09921875