6 0.7734375 0.2015625 0.03515625 0.046875
6 0.49921875 0.2109375 0.04140625 0.0359375
6 0.7 0.2125 0.03515625 0.046875
4 0.5828125 0.22734375 0.025 0.046875
4 0.734375 0.2375 0.025 0.0375
2 0.70390625 0.24609375 0.02109375 0.0390625
6 0.6328125 0.25078125 0.03515625 0.05625
10 0.7953125 0.296875 0.0453125 0.11015625
10 0.715625 0.315625 0.059375 0.09921875
10 0.4921875 0.3359375 0.0578125 0.121875
10 0.63046875 0.34375 0.05625 0.10703125
8 0.4859375 0.3671875 0.075 0.3484375
8 0.7203125 0.3734375 0.07109375 0.35390625
8 0.790625 0.38125 0.05703125 0.3875
8 0.61875 0.39296875 0.09296875 0.321875
4 0.68125 0.41328125 0.01796875 0.0546875