6 0.55859375 0.26484375 0.11640625 0.053125
6 0.284375 0.27578125 0.13125 0.06796875
10 0.57890625 0.46171875 0.2140625 0.20703125
10 0.284375 0.4671875 0.22109375 0.21484375
8 0.56875 0.58828125 0.25234375 0.71015625
8 0.26171875 0.59140625 0.2234375 0.68984375
5 0.71875 0.621875 0.06171875 0.06015625
5 0.45234375 0.62578125 0.04296875 0.06484375
5 0.40703125 0.63984375 0.04765625 0.06328125
9 0.1640625 0.9203125 0.1046875 0.0484375
9 0.3296875 0.92109375 0.10234375 0.0515625
9 0.51640625 0.9140625 0.10703125 0.06484375
9 0.6609375 0.91953125 0.109375 0.05859375