8 0.74765625 0.63828125 0.13671875 0.6046875
8 0.896875 0.6390625 0.1765625 0.6671875
8 0.56328125 0.69140625 0.09609375 0.6078125
5 0.37578125 0.821875 0.03359375 0.04296875
5 0.5796875 0.971875 0.0578125 0.05546875
5 0.3203125 0.3625 0.065625 0.08515625
6 0.47421875 0.39375 0.059375 0.075
6 0.7609375 0.39375 0.11640625 0.1015625
6 0.91171875 0.4234375 0.17578125 0.24765625
6 0.559375 0.4453125 0.0890625 0.1359375
2 0.453125 0.44921875 0.0484375 0.08828125
2 0.7390625 0.4671875 0.071875 0.1078125
2 0.53359375 0.4734375 0.05703125 0.09453125
2 0.8375 0.49140625 0.09453125 0.19296875
8 0.46171875 0.5234375 0.078125 0.3453125
3 0.45 0.42578125 0.03984375 0.0359375