6 0.50625 0.4640625 0.08359375 0.14375
6 0.3484375 0.50625 0.071875 0.128125
6 0.63515625 0.50625 0.10234375 0.1640625
2 0.50703125 0.578125 0.0578125 0.12421875
8 0.51484375 0.61875 0.13671875 0.45390625
2 0.63046875 0.6203125 0.05546875 0.13203125
2 0.353125 0.62421875 0.06875 0.13984375
8 0.3609375 0.65390625 0.1734375 0.428125
8 0.66953125 0.7140625 0.14765625 0.571875
10 0.52421875 0.7328125 0.1390625 0.23828125
10 0.3390625 0.803125 0.13828125 0.2578125
10 0.66875 0.80703125 0.1546875 0.33828125
5 0.321875 0.9609375 0.05234375 0.078125
5 0.63671875 0.9640625 0.06875 0.071875