2 0.290625 0.21640625 0.1 0.16171875
8 0.26328125 0.5265625 0.34375 0.93828125
6 0.7859375 0.58984375 0.08125 0.07578125
10 0.27265625 0.60390625 0.28828125 0.54375
6 0.65859375 0.61015625 0.08359375 0.07578125
2 0.8015625 0.66015625 0.05703125 0.0984375
2 0.65078125 0.68359375 0.07265625 0.12265625
8 0.81328125 0.76328125 0.18984375 0.44453125
8 0.62421875 0.77890625 0.209375 0.4421875
10 0.8171875 0.8578125 0.165625 0.2703125
10 0.640625 0.87734375 0.1640625 0.24453125
5 0.6359375 0.90234375 0.065625 0.10625
6 0.28984375 0.12109375 0.14453125 0.13046875