6 0.7203125 0.178125 0.05390625 0.06875
6 0.2109375 0.2140625 0.059375 0.0546875
2 0.721875 0.23125 0.0359375 0.0484375
6 0.609375 0.234375 0.05 0.0609375
6 0.45703125 0.25625 0.05390625 0.07265625
6 0.38984375 0.27265625 0.04765625 0.0421875
2 0.21484375 0.27421875 0.04296875 0.06796875
2 0.61015625 0.28046875 0.034375 0.05234375
2 0.46328125 0.31328125 0.0390625 0.05
2 0.3875 0.31796875 0.03203125 0.04765625
4 0.76171875 0.34453125 0.03359375 0.0609375
10 0.7328125 0.35 0.115625 0.20390625
10 0.62734375 0.3984375 0.09765625 0.19921875
4 0.3546875 0.421875 0.034375 0.0578125
4 0.40546875 0.421875 0.0390625 0.06484375
10 0.209375 0.4328125 0.1234375 0.2375
10 0.4640625 0.43984375 0.1046875 0.215625
8 0.7328125 0.4421875 0.12890625 0.60234375
10 0.384375 0.4515625 0.05078125 0.21015625
8 0.61796875 0.4875 0.1234375 0.56484375
4 0.690625 0.5046875 0.03203125 0.0625
8 0.37890625 0.52734375 0.078125 0.55703125
5 0.14921875 0.5296875 0.04296875 0.0578125
8 0.47734375 0.5421875 0.14765625 0.6421875
8 0.20390625 0.5546875 0.1875 0.73984375
4 0.53984375 0.55625 0.03046875 0.09140625
5 0.28828125 0.578125 0.02734375 0.06015625
9 0.24609375 0.88046875 0.06015625 0.08046875
9 0.17890625 0.87890625 0.04296875 0.0640625
9 0.378125 0.78828125 0.04453125 0.0609375
9 0.44453125 0.84765625 0.0421875 0.06015625
9 0.478125 0.78046875 0.03828125 0.07734375
9 0.61796875 0.75546875 0.03671875 0.04765625
9 0.6609375 0.728125 0.034375 0.0625
3 0.6078125 0.26953125 0.03828125 0.0359375