6 0.5328125 0.4 0.01640625 0.01484375
6 0.5875 0.49296875 0.01640625 0.02578125
6 0.65234375 0.58359375 0.01796875 0.02578125
6 0.63515625 0.40390625 0.02109375 0.01875
6 0.84375 0.3703125 0.01171875 0.01640625
8 0.53203125 0.4671875 0.03359375 0.153125
8 0.58671875 0.5734375 0.03515625 0.1796875
8 0.65390625 0.6640625 0.034375 0.18359375
8 0.6296875 0.4796875 0.04140625 0.16875
8 0.840625 0.44609375 0.028125 0.1609375
9 0.52890625 0.53671875 0.0109375 0.025
9 0.5390625 0.53515625 0.009375 0.0234375
9 0.575 0.6421875 0.01484375 0.0234375
9 0.5890625 0.65078125 0.01640625 0.01796875
9 0.61640625 0.5546875 0.01640625 0.025
9 0.640625 0.553125 0.0203125 0.025
9 0.83359375 0.521875 0.0109375 0.025
9 0.65703125 0.75078125 0.0203125 0.025