6 0.70078125 0.2921875 0.09375 0.08984375
2 0.3 0.29609375 0.071875 0.1140625
2 0.70390625 0.365625 0.0796875 0.06796875
8 0.46796875 0.48671875 0.184375 0.89140625
8 0.28125 0.52734375 0.21015625 0.84765625
8 0.7328125 0.59140625 0.2421875 0.76875
5 0.51484375 0.7375 0.05390625 0.12265625
4 0.60703125 0.81015625 0.05390625 0.11953125
4 0.82890625 0.81484375 0.0578125 0.11953125
5 0.2 0.8546875 0.1 0.08984375
6 0.46171875 0.1375 0.1 0.1171875
6 0.30703125 0.1890625 0.1140625 0.1328125
2 0.45703125 0.2265625 0.06171875 0.1171875