6 0.4875 0.1953125 0.04375 0.040625
6 0.5328125 0.21640625 0.040625 0.0453125
6 0.4734375 0.22109375 0.05 0.05703125
6 0.4328125 0.221875 0.0375 0.04453125
6 0.16484375 0.225 0.0484375 0.04609375
6 0.09765625 0.23046875 0.05625 0.0578125
6 0.24609375 0.23125 0.03515625 0.03984375
6 0.3828125 0.2390625 0.03671875 0.0265625
6 0.20390625 0.24140625 0.0453125 0.04296875
6 0.328125 0.24765625 0.04921875 0.0453125
8 0.2484375 0.2484375 0.04140625 0.090625
5 0.28515625 0.2546875 0.0328125 0.0578125
5 0.4296875 0.2625 0.0296875 0.05078125
8 0.15859375 0.26328125 0.06171875 0.12734375
5 0.471875 0.26796875 0.02890625 0.0578125
8 0.334375 0.26953125 0.06015625 0.09296875
6 0.390625 0.27109375 0.04609375 0.0359375
5 0.1671875 0.27578125 0.0328125 0.0546875
5 0.10078125 0.2828125 0.03828125 0.0640625
5 0.20859375 0.29140625 0.04375 0.0609375
8 0.52265625 0.2953125 0.07109375 0.2546875
5 0.38671875 0.31484375 0.028125 0.06796875
10 0.51171875 0.31640625 0.040625 0.10390625
8 0.56484375 0.34296875 0.08125 0.3140625
10 0.5453125 0.37890625 0.046875 0.19453125
10 0.27890625 0.403125 0.0921875 0.20546875
10 0.19140625 0.403125 0.075 0.196875
10 0.4640625 0.41015625 0.08515625 0.19453125
10 0.090625 0.43046875 0.1046875 0.2140625
8 0.4609375 0.4390625 0.115625 0.475
8 0.0875 0.44140625 0.11015625 0.47890625
10 0.37890625 0.4484375 0.075 0.196875
8 0.27578125 0.46015625 0.10859375 0.540625
8 0.18828125 0.46015625 0.09765625 0.484375
5 0.24453125 0.47890625 0.03984375 0.04921875
8 0.36875 0.5046875 0.1078125 0.49921875