6 0.53984375 0.3984375 0.03515625 0.03515625
7 0.25390625 0.42421875 0.03515625 0.03046875
6 0.6671875 0.4453125 0.03515625 0.03515625
6 0.79765625 0.446875 0.03515625 0.03515625
2 0.24296875 0.453125 0.01875 0.03359375
6 0.43515625 0.48046875 0.0453125 0.03515625
8 0.5390625 0.5109375 0.05859375 0.28046875
6 0.353125 0.52421875 0.0390625 0.0421875
8 0.25859375 0.5265625 0.06484375 0.21796875
8 0.6640625 0.56015625 0.05390625 0.27890625
8 0.7953125 0.5703125 0.05234375 0.28203125
8 0.4390625 0.6125 0.0640625 0.2984375
8 0.34453125 0.64921875 0.0734375 0.2984375
9 0.4171875 0.76953125 0.0390625 0.0265625
9 0.45390625 0.74921875 0.03359375 0.03671875
9 0.5328125 0.65078125 0.04375 0.02890625
9 0.36328125 0.80546875 0.03359375 0.03359375