6 0.5171875 0.20078125 0.07421875 0.08125
6 0.69296875 0.21484375 0.06640625 0.0796875
6 0.81328125 0.26015625 0.11328125 0.12109375
2 0.525 0.27109375 0.05390625 0.06484375
2 0.67734375 0.27421875 0.0421875 0.0921875
2 0.77265625 0.34140625 0.053125 0.0765625
4 0.6 0.45234375 0.03984375 0.075
10 0.6765625 0.45625 0.15390625 0.3203125
10 0.5109375 0.45703125 0.140625 0.3578125
8 0.475 0.46328125 0.2484375 0.6140625
8 0.6515625 0.5515625 0.20078125 0.75703125
10 0.971875 0.5546875 0.0546875 0.73671875
8 0.81953125 0.5984375 0.2140625 0.803125
10 0.8109375 0.6 0.21328125 0.49296875
9 0.5921875 0.88359375 0.07109375 0.06953125
3 0.67734375 0.26015625 0.04375 0.034375