7 0.2140625 0.184375 0.0703125 0.053125
6 0.27890625 0.19375 0.06953125 0.0375
6 0.39765625 0.21484375 0.053125 0.04296875
2 0.2140625 0.2296875 0.0453125 0.07109375
2 0.27734375 0.2390625 0.03671875 0.05546875
2 0.39375 0.2578125 0.034375 0.04375
6 0.54609375 0.259375 0.0234375 0.0125
10 0.5421875 0.29921875 0.034375 0.04375
8 0.70703125 0.3046875 0.0328125 0.07109375
10 0.69921875 0.3140625 0.0171875 0.046875
8 0.54296875 0.328125 0.04609375 0.14375
8 0.68125 0.35078125 0.03671875 0.16484375
10 0.290625 0.378125 0.08515625 0.21484375
10 0.390625 0.38046875 0.09296875 0.1796875
10 0.190625 0.40078125 0.1234375 0.2390625
6 0.9359375 0.446875 0.025 0.02109375
8 0.29375 0.46328125 0.07890625 0.584375
8 0.3875 0.478125 0.11015625 0.55390625
6 0.984375 0.490625 0.0296875 0.02421875
10 0.9375 0.51328125 0.04296875 0.05703125
5 0.440625 0.51796875 0.0390625 0.0578125
8 0.184375 0.53046875 0.13046875 0.71484375
4 0.3484375 0.5421875 0.0390625 0.07890625
8 0.92578125 0.55390625 0.06484375 0.21640625
8 0.96328125 0.57109375 0.07109375 0.190625
10 0.96171875 0.5734375 0.06484375 0.09375
0 0.39921875 0.6796875 0.05078125 0.115625
0 0.36640625 0.69140625 0.0390625 0.134375
0 0.303125 0.696875 0.075 0.15
0 0.2546875 0.75234375 0.0953125 0.1625
0 0.20625 0.8078125 0.0765625 0.16171875
0 0.5484375 0.38359375 0.01875 0.028125
0 0.53515625 0.3859375 0.01796875 0.0296875