8 0.25 0.25234375 0.16640625 0.403125
6 0.47734375 0.321875 0.03984375 0.09140625
8 0.47421875 0.36171875 0.0828125 0.21640625
5 0.321875 0.37109375 0.0296875 0.0703125
5 0.1765625 0.3890625 0.02578125 0.07578125
6 0.8046875 0.3984375 0.03828125 0.0921875
5 0.51015625 0.4 0.0125 0.04140625
6 0.55390625 0.40234375 0.0421875 0.09375
5 0.4625 0.42734375 0.0140625 0.034375
5 0.54140625 0.4640625 0.0140625 0.059375
8 0.55859375 0.4671875 0.0578125 0.31015625
8 0.78046875 0.5046875 0.11328125 0.32265625
6 0.240625 0.1171875 0.0546875 0.1328125
9 0.55390625 0.590625 0.0421875 0.0703125
9 0.30625 0.4046875 0.0265625 0.08984375
9 0.73125 0.63125 0.03046875 0.075