6 0.3671875 0.24765625 0.11015625 0.13515625
6 0.76015625 0.2484375 0.16328125 0.23515625
6 0.5546875 0.290625 0.1421875 0.13125
2 0.37109375 0.3421875 0.06640625 0.09140625
2 0.765625 0.3734375 0.10078125 0.1625
2 0.5421875 0.39375 0.06796875 0.1
10 0.89921875 0.50703125 0.2 0.44140625
8 0.36875 0.50859375 0.25234375 0.65234375
10 0.415625 0.540625 0.17265625 0.33984375
10 0.6515625 0.54609375 0.24296875 0.23515625
8 0.840625 0.54765625 0.31875 0.8703125
8 0.61015625 0.56328125 0.2921875 0.6734375
5 0.3109375 0.5875 0.06953125 0.07265625
4 0.7671875 0.7390625 0.05703125 0.125
5 0.521875 0.8515625 0.0640625 0.1265625
5 0.44921875 0.8609375 0.06953125 0.12109375
5 0.70546875 0.9421875 0.0796875 0.11484375