6 0.28828125 0.3578125 0.1 0.0890625
6 0.59765625 0.38984375 0.09140625 0.0921875
2 0.74140625 0.39453125 0.07265625 0.12578125
2 0.45625 0.40625 0.0609375 0.0953125
2 0.28828125 0.43828125 0.05625 0.0953125
2 0.59375 0.4609375 0.07890625 0.1203125
5 0.7390625 0.58984375 0.0578125 0.08125
10 0.43515625 0.5921875 0.1625 0.35234375
10 0.825 0.6 0.1734375 0.4359375
8 0.240625 0.6390625 0.23203125 0.721875
8 0.4296875 0.640625 0.21171875 0.71875
10 0.2234375 0.6515625 0.17734375 0.390625
5 0.59453125 0.65546875 0.06328125 0.08828125
8 0.2234375 0.65625 0.20859375 0.6875
10 0.62421875 0.671875 0.15078125 0.35625
8 0.62265625 0.6765625 0.1671875 0.646875
5 0.26640625 0.72421875 0.0640625 0.08828125
5 0.534375 0.7546875 0.04921875 0.0703125
6 0.4640625 0.31640625 0.0859375 0.08515625
6 0.7390625 0.33046875 0.10390625 0.13671875