6 0.425 0.4015625 0.06796875 0.07265625
6 0.515625 0.403125 0.01171875 0.0125
6 0.63828125 0.40546875 0.01171875 0.0140625
6 0.6703125 0.43203125 0.01328125 0.02109375
8 0.51640625 0.44296875 0.02265625 0.09609375
8 0.728125 0.44375 0.034375 0.040625
8 0.640625 0.44921875 0.03046875 0.1015625
6 0.31484375 0.46640625 0.01328125 0.0140625
8 0.69765625 0.4671875 0.06953125 0.090625
6 0.83828125 0.46796875 0.01328125 0.0109375
8 0.8390625 0.4890625 0.03046875 0.06015625
8 0.325 0.49765625 0.04375 0.0765625
4 0.34140625 0.64765625 0.0453125 0.05703125
8 0.425 0.6546875 0.14375 0.5796875
4 0.49921875 0.696875 0.04140625 0.06953125