6 0.29375 0.159375 0.04921875 0.03515625
5 0.26640625 0.21171875 0.01796875 0.0421875
5 0.24296875 0.228125 0.0265625 0.03671875
10 0.29765625 0.24765625 0.04140625 0.078125
8 0.29609375 0.27578125 0.0890625 0.2734375
6 0.6625 0.3828125 0.03515625 0.03671875
6 0.753125 0.38828125 0.040625 0.028125
8 0.65546875 0.42109375 0.053125 0.13046875
8 0.74921875 0.4296875 0.0734375 0.13359375
6 0.3859375 0.45078125 0.05234375 0.03984375
6 0.33046875 0.46640625 0.03515625 0.0453125
8 0.3921875 0.525 0.0625 0.184375
8 0.32421875 0.5328125 0.065625 0.165625
10 0.33515625 0.5546875 0.04921875 0.11953125
6 0.37265625 0.6734375 0.04453125 0.0734375
8 0.35390625 0.73359375 0.1234375 0.1875
4 0.38046875 0.7515625 0.0328125 0.0484375