7 0.26171875 0.25625 0.0265625 0.02890625
6 0.22734375 0.3421875 0.034375 0.0390625
8 0.2640625 0.34453125 0.0484375 0.215625
6 0.6203125 0.3546875 0.0296875 0.0390625
8 0.20859375 0.41171875 0.06640625 0.18515625
8 0.6265625 0.4390625 0.0546875 0.17734375
7 0.7265625 0.4703125 0.03046875 0.04375
8 0.721875 0.5625 0.06171875 0.22421875
5 0.746875 0.5890625 0.01484375 0.0265625
6 0.91015625 0.59921875 0.025 0.0421875
8 0.78046875 0.61328125 0.05078125 0.2078125
5 0.79140625 0.615625 0.01640625 0.02734375
5 0.140625 0.62265625 0.015625 0.02109375
7 0.10625 0.64296875 0.02734375 0.04140625
8 0.89765625 0.690625 0.0640625 0.24921875
8 0.10078125 0.7375 0.04921875 0.2375
5 0.096875 0.74375 0.01640625 0.02734375
8 0.58203125 0.75 0.078125 0.14609375
5 0.571875 0.8015625 0.01796875 0.0390625
8 0.35703125 0.86796875 0.046875 0.14609375
9 0.2171875 0.51171875 0.02578125 0.0234375
9 0.18984375 0.49609375 0.025 0.0265625
9 0.6265625 0.5171875 0.0234375 0.0390625