5 0.44765625 0.50078125 0.05390625 0.0796875
5 0.23359375 0.50625 0.034375 0.08125
8 0.9390625 0.54453125 0.1 0.7640625
8 0.2765625 0.6703125 0.1265625 0.65546875
8 0.73046875 0.67109375 0.1328125 0.6578125
8 0.484375 0.6875 0.1109375 0.625
8 0.63671875 0.70078125 0.0546875 0.53828125
5 0.59140625 0.73125 0.02109375 0.04140625
5 0.6546875 0.746875 0.028125 0.065625
5 0.771875 0.7953125 0.05625 0.09296875
6 0.93359375 0.21328125 0.1328125 0.17578125
2 0.91875 0.31640625 0.05546875 0.115625
6 0.28828125 0.3671875 0.09453125 0.0875
6 0.71171875 0.371875 0.0859375 0.071875
6 0.51328125 0.3984375 0.06015625 0.05078125
5 0.89453125 0.40390625 0.0703125 0.1203125
2 0.28046875 0.43515625 0.0546875 0.103125
2 0.7078125 0.43984375 0.05234375 0.071875
6 0.63671875 0.45078125 0.0578125 0.03359375
2 0.5078125 0.45078125 0.05390625 0.071875
2 0.63984375 0.48828125 0.02890625 0.0609375
3 0.271875 0.40546875 0.0578125 0.0390625