6 0.12890625 0.33515625 0.04375 0.04609375
4 0.6171875 0.33671875 0.0125 0.03203125
8 0.665625 0.33671875 0.090625 0.39609375
6 0.37109375 0.34375 0.03671875 0.04609375
6 0.4625 0.35703125 0.0421875 0.0375
4 0.69296875 0.35703125 0.02578125 0.04296875
6 0.18515625 0.35859375 0.03984375 0.034375
2 0.140625 0.3609375 0.02734375 0.034375
2 0.37109375 0.37109375 0.02578125 0.0375
2 0.19296875 0.38125 0.02890625 0.02890625
2 0.46484375 0.384375 0.0234375 0.040625
10 0.12109375 0.4390625 0.06015625 0.12109375
8 0.378125 0.4953125 0.0875 0.3671875
8 0.19375 0.5015625 0.07421875 0.32109375
8 0.12421875 0.5046875 0.08203125 0.384375
8 0.4671875 0.52578125 0.08359375 0.38125
4 0.43828125 0.5375 0.01796875 0.04609375
4 0.4921875 0.54296875 0.02734375 0.04609375
6 0.68515625 0.16640625 0.0328125 0.04296875
9 0.36484375 0.66875 0.03671875 0.034375
9 0.14453125 0.68359375 0.04921875 0.0375
9 0.21640625 0.64765625 0.034375 0.0375
9 0.4578125 0.696875 0.03984375 0.03203125