2 0.3046875 0.475 0.096875 0.2203125
2 0.5078125 0.51484375 0.06328125 0.234375
2 0.76640625 0.52578125 0.09296875 0.15078125
8 0.7625 0.596875 0.2796875 0.7953125
8 0.22265625 0.59765625 0.29921875 0.8046875
8 0.4875 0.63671875 0.25 0.7265625
5 0.74375 0.6453125 0.078125 0.2015625
10 0.2375 0.76875 0.2609375 0.4625
10 0.78046875 0.7890625 0.2 0.421875
10 0.48984375 0.7890625 0.2 0.421875
6 0.284375 0.29453125 0.17109375 0.23984375
6 0.79921875 0.33515625 0.178125 0.20859375
6 0.47890625 0.37890625 0.14140625 0.25
3 0.765625 0.48828125 0.07109375 0.1