6 0.10546875 0.284375 0.10546875 0.13046875
6 0.6796875 0.30390625 0.1328125 0.1578125
6 0.765625 0.33046875 0.09765625 0.14921875
6 0.25234375 0.34140625 0.10546875 0.13046875
2 0.9140625 0.365625 0.08125 0.1421875
2 0.10859375 0.37109375 0.0875 0.1140625
2 0.50078125 0.37265625 0.09921875 0.14765625
2 0.69453125 0.43671875 0.0859375 0.1359375
2 0.26015625 0.43984375 0.06328125 0.09609375
8 0.89765625 0.546875 0.19140625 0.784375
8 0.50546875 0.559375 0.37734375 0.865625
8 0.09921875 0.58359375 0.1890625 0.803125
8 0.2546875 0.58671875 0.09375 0.72265625
8 0.71875 0.58984375 0.16796875 0.78125
5 0.778125 0.87109375 0.06484375 0.1109375
6 0.50078125 0.2390625 0.16171875 0.165625
6 0.9015625 0.259375 0.1328125 0.1578125