6 0.13359375 0.20078125 0.0640625 0.06015625
6 0.3015625 0.21953125 0.05390625 0.05390625
6 0.728125 0.2390625 0.05390625 0.05390625
6 0.378125 0.24140625 0.05390625 0.05390625
6 0.82265625 0.24609375 0.0734375 0.06328125
6 0.21171875 0.2515625 0.0640625 0.06015625
6 0.4890625 0.2546875 0.05390625 0.05390625
2 0.1359375 0.25625 0.040625 0.06484375
2 0.30390625 0.2671875 0.034375 0.05390625
2 0.728125 0.2984375 0.0421875 0.071875
2 0.3765625 0.29921875 0.03671875 0.06015625
2 0.4921875 0.30234375 0.04765625 0.05390625
2 0.215625 0.3046875 0.04453125 0.0609375
6 0.596875 0.3046875 0.05390625 0.05390625
2 0.821875 0.30625 0.05390625 0.07734375
2 0.6015625 0.36484375 0.0421875 0.0609375
10 0.125 0.39765625 0.09453125 0.21953125
10 0.30234375 0.4015625 0.0703125 0.203125
10 0.728125 0.42109375 0.1140625 0.19921875
10 0.49375 0.43046875 0.0859375 0.2015625
10 0.3765625 0.43984375 0.09296875 0.21953125
10 0.8296875 0.45078125 0.12265625 0.21953125
10 0.221875 0.459375 0.1 0.234375
10 0.60390625 0.4984375 0.0859375 0.22890625
8 0.30390625 0.51015625 0.0734375 0.6375
8 0.725 0.52578125 0.11484375 0.62265625
8 0.125 0.5265625 0.10546875 0.69140625
8 0.4953125 0.52890625 0.11484375 0.60703125
8 0.3796875 0.53203125 0.1046875 0.62734375
8 0.21640625 0.54375 0.0984375 0.6484375
5 0.0765625 0.54609375 0.03828125 0.04921875
8 0.83984375 0.56640625 0.15625 0.675
8 0.6078125 0.57265625 0.10234375 0.58984375
5 0.44609375 0.57890625 0.0265625 0.05859375
5 0.7640625 0.59765625 0.04453125 0.0609375
5 0.8921875 0.60234375 0.046875 0.0765625
5 0.5546875 0.625 0.02578125 0.04453125
5 0.65390625 0.625 0.021875 0.0421875
9 0.09375 0.85546875 0.04375 0.0765625
9 0.90078125 0.934375 0.04609375 0.06953125
9 0.8109375 0.89453125 0.075 0.06328125
9 0.6875 0.815625 0.05546875 0.0578125
9 0.778125 0.84140625 0.04296875 0.0515625
9 0.54375 0.8140625 0.046875 0.06953125
9 0.4640625 0.8125 0.0421875 0.0578125
9 0.41953125 0.8375 0.0421875 0.06328125
9 0.35 0.8375 0.04609375 0.06015625
9 0.2828125 0.80546875 0.0390625 0.05390625
9 0.23828125 0.84296875 0.053125 0.0625
9 0.196875 0.8609375 0.05703125 0.065625
9 0.153125 0.82890625 0.04609375 0.06015625
9 0.5828125 0.85546875 0.04765625 0.05625
9 0.62265625 0.8671875 0.05 0.06015625