6 0.146875 0.17109375 0.28984375 0.1734375
6 0.8421875 0.25234375 0.29140625 0.1984375
2 0.16328125 0.35234375 0.18046875 0.20546875
2 0.86640625 0.421875 0.20546875 0.196875
8 0.19609375 0.53984375 0.3921875 0.89921875
8 0.8046875 0.56953125 0.3875 0.85
10 0.16015625 0.73515625 0.3203125 0.503125
10 0.834375 0.784375 0.328125 0.40546875
5 0.22421875 0.8625 0.16875 0.15859375
5 0.34296875 0.92109375 0.16796875 0.1578125
3 0.16875 0.303125 0.18984375 0.1046875
3 0.84375 0.3671875 0.22734375 0.09609375