6 0.6328125 0.24765625 0.11015625 0.13515625
6 0.23984375 0.2484375 0.16328125 0.23515625
6 0.4453125 0.290625 0.1421875 0.13125
2 0.62890625 0.3421875 0.06640625 0.09140625
2 0.234375 0.3734375 0.10078125 0.1625
2 0.4578125 0.39375 0.06796875 0.1
10 0.10078125 0.50703125 0.2 0.44140625
8 0.63125 0.50859375 0.25234375 0.65234375
10 0.584375 0.540625 0.17265625 0.33984375
10 0.3484375 0.54609375 0.24296875 0.23515625
8 0.159375 0.54765625 0.31875 0.8703125
8 0.38984375 0.56328125 0.2921875 0.6734375
5 0.6890625 0.5875 0.06953125 0.07265625
4 0.2328125 0.7390625 0.05703125 0.125
5 0.478125 0.8515625 0.0640625 0.1265625
5 0.55078125 0.8609375 0.06953125 0.12109375
5 0.29453125 0.9421875 0.0796875 0.11484375