6 0.25703125 0.40234375 0.1359375 0.11953125
6 0.48515625 0.43125 0.1140625 0.075
6 0.74765625 0.434375 0.1171875 0.09921875
2 0.26171875 0.478125 0.08515625 0.1015625
2 0.4890625 0.50625 0.0640625 0.09765625
2 0.74921875 0.52109375 0.075 0.10390625
6 0.60390625 0.553125 0.09921875 0.0796875
2 0.603125 0.621875 0.059375 0.07109375
8 0.23046875 0.665625 0.23359375 0.6546875
8 0.78671875 0.67890625 0.1890625 0.58828125
8 0.44765625 0.6859375 0.190625 0.59296875
10 0.7609375 0.69140625 0.1734375 0.3078125
10 0.45546875 0.696875 0.1890625 0.3140625
10 0.23203125 0.7453125 0.21484375 0.40234375
8 0.6046875 0.75 0.16171875 0.4734375
10 0.6 0.821875 0.15859375 0.31640625
4 0.271875 0.93046875 0.09140625 0.121875
4 0.8453125 0.95546875 0.08828125 0.08828125
3 0.6015625 0.5984375 0.0578125 0.0328125
3 0.48984375 0.4765625 0.0625 0.0375
3 0.26015625 0.459375 0.08203125 0.0421875
3 0.74453125 0.484375 0.075 0.0375