7 0.55078125 0.15546875 0.05546875 0.06640625
2 0.5515625 0.2171875 0.05390625 0.06328125
6 0.46328125 0.2359375 0.075 0.06953125
2 0.47265625 0.284375 0.03671875 0.05390625
6 0.33203125 0.2921875 0.159375 0.18203125
8 0.565625 0.30546875 0.0796875 0.31796875
8 0.471875 0.40625 0.134375 0.40703125
2 0.31796875 0.41171875 0.09296875 0.16171875
10 0.47890625 0.4234375 0.115625 0.2453125
5 0.52890625 0.44609375 0.03515625 0.05859375
8 0.275 0.57421875 0.2734375 0.7625
10 0.25078125 0.68984375 0.2140625 0.48828125
5 0.42265625 0.721875 0.1046875 0.128125