6 0.54140625 0.2703125 0.04296875 0.0484375
4 0.715625 0.28828125 0.021875 0.04375
8 0.78671875 0.30546875 0.05 0.18984375
2 0.53515625 0.30625 0.0296875 0.04375
8 0.72578125 0.33828125 0.05859375 0.215625
4 0.5203125 0.34453125 0.0296875 0.0484375
8 0.5328125 0.40390625 0.08515625 0.32578125
6 0.140625 0.4359375 0.078125 0.0921875
2 0.125 0.5015625 0.03671875 0.0796875
8 0.1296875 0.62578125 0.1765625 0.46640625
6 0.79765625 0.23359375 0.025 0.03046875
6 0.73828125 0.2484375 0.0296875 0.0359375