8 0.36015625 0.41328125 0.0640625 0.13515625
10 0.36796875 0.4515625 0.065625 0.078125
6 0.359375 0.47421875 0.03828125 0.04453125
6 0.54296875 0.49140625 0.03671875 0.040625
2 0.359375 0.5 0.03828125 0.04375
6 0.44140625 0.5 0.03984375 0.04453125
6 0.275 0.503125 0.0390625 0.0390625
6 0.21015625 0.50390625 0.03671875 0.0375
6 0.6421875 0.50703125 0.0375 0.03984375
6 0.8765625 0.5125 0.03828125 0.0421875
2 0.54296875 0.53359375 0.034375 0.04921875
2 0.4421875 0.53359375 0.0359375 0.03125
2 0.21171875 0.540625 0.0359375 0.03828125
2 0.2765625 0.5421875 0.040625 0.04921875
2 0.63984375 0.5453125 0.04140625 0.04375
2 0.88203125 0.5484375 0.03046875 0.04375
6 0.73984375 0.55625 0.03828125 0.040625
6 0.80390625 0.57109375 0.03828125 0.03984375
2 0.740625 0.5875 0.03828125 0.03125
2 0.80390625 0.59765625 0.028125 0.03671875
10 0.3671875 0.60703125 0.0859375 0.165625
10 0.45 0.6109375 0.075 0.15546875
10 0.27734375 0.61328125 0.0921875 0.1453125
10 0.8828125 0.640625 0.08984375 0.16875
10 0.54765625 0.65234375 0.10546875 0.21484375
5 0.6625 0.6546875 0.02578125 0.04140625
10 0.20078125 0.65625 0.09140625 0.21328125
5 0.3765625 0.6578125 0.0359375 0.02578125
5 0.61484375 0.66015625 0.0265625 0.04140625
5 0.296875 0.6625 0.0296875 0.0234375
5 0.47109375 0.6640625 0.025 0.03828125
5 0.76015625 0.6640625 0.01953125 0.03125
5 0.7125 0.665625 0.0234375 0.034375
5 0.25234375 0.66796875 0.02734375 0.03828125
10 0.6421875 0.66875 0.090625 0.2
5 0.56953125 0.67421875 0.025 0.03984375
5 0.42578125 0.67578125 0.02421875 0.02890625
5 0.51484375 0.67890625 0.01953125 0.04921875
10 0.7359375 0.6890625 0.0796875 0.16484375
8 0.36484375 0.6953125 0.09609375 0.47265625
5 0.82265625 0.6984375 0.025 0.03125
8 0.19453125 0.70234375 0.096875 0.43046875
8 0.453125 0.70390625 0.0828125 0.45390625
8 0.54765625 0.7046875 0.1078125 0.471875
8 0.2796875 0.70546875 0.08984375 0.44296875
10 0.8109375 0.70703125 0.07109375 0.1640625
8 0.64375 0.7171875 0.0953125 0.45625
8 0.8890625 0.71953125 0.09609375 0.45
8 0.7265625 0.74375 0.096875 0.41328125
8 0.8078125 0.7453125 0.075 0.38984375
6 0.43984375 0.11640625 0.0359375 0.03984375
6 0.5265625 0.1296875 0.034375 0.03671875
2 0.44375 0.1546875 0.0328125 0.046875
2 0.5265625 0.16640625 0.03046875 0.034375
10 0.44296875 0.246875 0.0765625 0.16484375
5 0.5375 0.25 0.02578125 0.04140625
10 0.53125 0.25546875 0.07734375 0.140625
5 0.4359375 0.26328125 0.025 0.0546875
8 0.53515625 0.3046875 0.09453125 0.38046875
8 0.44609375 0.30703125 0.1046875 0.42421875
6 0.36328125 0.3625 0.03671875 0.03828125
9 0.3984375 0.90625 0.03046875 0.04375
9 0.3453125 0.9046875 0.0515625 0.046875
9 0.30078125 0.90859375 0.0328125 0.05078125
9 0.25703125 0.9109375 0.0328125 0.034375
9 0.20703125 0.9046875 0.0328125 0.03671875
9 0.2296875 0.90234375 0.02109375 0.0375
9 0.4375 0.90703125 0.03203125 0.046875
9 0.478125 0.90703125 0.03203125 0.046875
8 0.52890625 0.90859375 0.0453125 0.0515625
8 0.58046875 0.9109375 0.028125 0.05546875
8 0.61875 0.9078125 0.0296875 0.0578125
8 0.6453125 0.90703125 0.02734375 0.0625
8 0.69453125 0.9234375 0.034375 0.04453125
8 0.75 0.9234375 0.0296875 0.03984375
8 0.92109375 0.9265625 0.0359375 0.0453125
8 0.878125 0.925 0.03203125 0.04140625
8 0.84296875 0.90859375 0.0265625 0.07734375
3 0.80390625 0.59609375 0.025 0.0171875
3 0.88046875 0.53203125 0.02734375 0.01796875
3 0.540625 0.51796875 0.025 0.015625