5 0.3984375 0.1734375 0.0421875 0.053125
6 0.2953125 0.24296875 0.08671875 0.090625
2 0.321875 0.2890625 0.0515625 0.05546875
6 0.9921875 0.359375 0.015625 0.04140625
10 0.3390625 0.48125 0.11796875 0.30390625
10 0.98671875 0.52109375 0.0265625 0.1609375
6 0.8 0.540625 0.06953125 0.084375
8 0.33828125 0.57421875 0.159375 0.8515625
8 0.984375 0.584375 0.03125 0.496875
2 0.790625 0.615625 0.0453125 0.06796875
8 0.84375 0.74609375 0.22890625 0.49453125
10 0.8640625 0.78359375 0.17421875 0.30546875
5 0.74375 0.8 0.03828125 0.09140625
5 0.7265625 0.896875 0.03203125 0.0734375