6 0.2203125 0.1484375 0.13046875 0.13359375
6 0.50625 0.1765625 0.13046875 0.13359375
6 0.66796875 0.2015625 0.13046875 0.13359375
6 0.37734375 0.2046875 0.13046875 0.13359375
6 0.82890625 0.23828125 0.13046875 0.13359375
2 0.21484375 0.2515625 0.071875 0.12734375
2 0.50625 0.2703125 0.0640625 0.1140625
2 0.38984375 0.29921875 0.08515625 0.1125
2 0.66328125 0.30546875 0.07109375 0.12734375
2 0.81640625 0.35078125 0.07734375 0.1390625
8 0.21328125 0.49296875 0.18984375 0.81484375
8 0.21171875 0.49609375 0.18984375 0.81484375
8 0.5375 0.52578125 0.18984375 0.81484375
8 0.6796875 0.53515625 0.18984375 0.81484375
8 0.371875 0.53515625 0.18984375 0.81484375
8 0.83203125 0.57890625 0.18984375 0.81484375
5 0.85390625 0.87421875 0.06328125 0.10390625
3 0.50390625 0.24765625 0.0609375 0.04140625
3 0.38828125 0.27421875 0.0625 0.0296875
3 0.21796875 0.22890625 0.06328125 0.03984375