6 0.596875 0.371875 0.065625 0.05625
6 0.478125 0.39453125 0.059375 0.05234375
6 0.33046875 0.396875 0.0578125 0.05625
2 0.590625 0.41875 0.05 0.05390625
6 0.3875 0.425 0.053125 0.0625
2 0.47890625 0.4375 0.0421875 0.05390625
2 0.3296875 0.44140625 0.034375 0.05859375
2 0.38671875 0.46796875 0.0390625 0.04765625
5 0.4875 0.596875 0.0375 0.05625
8 0.58984375 0.61484375 0.1046875 0.55
8 0.4890625 0.634375 0.103125 0.53125
8 0.39375 0.65078125 0.0625 0.48984375
8 0.3125 0.65078125 0.10625 0.55859375
5 0.43515625 0.66796875 0.0265625 0.05625
5 0.36640625 0.67265625 0.0421875 0.08359375
5 0.2609375 0.68046875 0.040625 0.06875
9 0.61796875 0.88125 0.0375 0.0625
9 0.56953125 0.87890625 0.0421875 0.05390625
9 0.51875 0.87890625 0.0484375 0.05625
9 0.46328125 0.86015625 0.0515625 0.05234375
9 0.3390625 0.91328125 0.0484375 0.06015625
9 0.28671875 0.93359375 0.0375 0.05625