2 0.30625 0.24609375 0.0890625 0.134375
6 0.590625 0.2578125 0.090625 0.10546875
6 0.4375 0.265625 0.1234375 0.10390625
2 0.58046875 0.33671875 0.06328125 0.07578125
2 0.4421875 0.3578125 0.07890625 0.11875
5 0.5859375 0.4203125 0.0625 0.10234375
8 0.2203125 0.53203125 0.2265625 0.9359375
10 0.571875 0.57421875 0.15546875 0.3984375
5 0.49453125 0.59921875 0.07734375 0.075
8 0.58125 0.60234375 0.165625 0.7953125
8 0.4109375 0.61015625 0.1765625 0.77890625
5 0.5640625 0.6234375 0.0390625 0.0734375
5 0.29453125 0.6421875 0.06953125 0.10703125
5 0.5203125 0.6453125 0.0546875 0.06875
6 0.29765625 0.13359375 0.13671875 0.1140625
3 0.46015625 0.33984375 0.0625 0.05