2 0.24140625 0.23671875 0.0765625 0.1
6 0.634375 0.26953125 0.10546875 0.134375
2 0.44140625 0.284375 0.071875 0.10390625
2 0.6375 0.3671875 0.06640625 0.10390625
4 0.2921875 0.4234375 0.08203125 0.134375
10 0.43203125 0.49609375 0.21796875 0.315625
10 0.17265625 0.5296875 0.21171875 0.4484375
8 0.1765625 0.53671875 0.23046875 0.915625
8 0.44375 0.54296875 0.1921875 0.8671875
4 0.28359375 0.546875 0.0921875 0.12890625
8 0.66640625 0.58828125 0.18359375 0.7734375
10 0.69453125 0.6375 0.19453125 0.5015625
6 0.240625 0.134375 0.12421875 0.115625
6 0.4484375 0.190625 0.1140625 0.1