7 0.4828125 0.20703125 0.015625 0.02734375
8 0.25859375 0.21484375 0.05859375 0.1484375
8 0.4390625 0.21796875 0.0359375 0.05234375
2 0.63828125 0.21875 0.028125 0.01484375
7 0.58671875 0.23046875 0.0328125 0.0234375
2 0.63125 0.2390625 0.021875 0.02890625
8 0.4859375 0.24609375 0.04375 0.06875
7 0.44609375 0.24765625 0.01484375 0.04375
2 0.58515625 0.25625 0.01953125 0.02734375
8 0.584375 0.265625 0.04765625 0.1015625
8 0.640625 0.26875 0.05859375 0.1171875
8 0.4421875 0.2828125 0.06171875 0.08828125
7 0.23515625 0.35 0.0484375 0.09921875
2 0.246875 0.4265625 0.04453125 0.06171875
7 0.36953125 0.45390625 0.0546875 0.10859375
8 0.253125 0.61640625 0.1171875 0.553125
8 0.42109375 0.68984375 0.18125 0.56953125
7 0.24921875 0.16796875 0.02421875 0.0328125