2 0.28359375 0.24765625 0.06796875 0.08046875
6 0.49453125 0.41875 0.08046875 0.06484375
2 0.521875 0.496875 0.06640625 0.0921875
8 0.26640625 0.50703125 0.1734375 0.84140625
5 0.2546875 0.51171875 0.053125 0.078125
5 0.4515625 0.5453125 0.05703125 0.09765625
4 0.73046875 0.63359375 0.0703125 0.08984375
8 0.49765625 0.653125 0.15859375 0.553125
4 0.4828125 0.87421875 0.071875 0.11796875
6 0.27109375 0.15234375 0.10390625 0.1078125
9 0.240625 0.8890625 0.0546875 0.08203125
9 0.3234375 0.90390625 0.0640625 0.09375