6 0.81875 0.21328125 0.05625 0.065625
6 0.5234375 0.240625 0.03671875 0.05859375
6 0.428125 0.24921875 0.02890625 0.03203125
6 0.6671875 0.26484375 0.03125 0.0515625
6 0.3984375 0.27890625 0.04453125 0.05546875
6 0.27890625 0.2828125 0.0375 0.0515625
8 0.53984375 0.29609375 0.0734375 0.171875
10 0.809375 0.32890625 0.08515625 0.18046875
4 0.89140625 0.3515625 0.028125 0.04140625
8 0.2921875 0.35234375 0.11796875 0.1875
10 0.7109375 0.36328125 0.06171875 0.140625
8 0.6953125 0.43046875 0.09921875 0.38046875
8 0.821875 0.45546875 0.16328125 0.53046875
8 0.4125 0.47265625 0.08671875 0.4265625
6 0.128125 0.48046875 0.025 0.025
5 0.68359375 0.48828125 0.0265625 0.0515625
10 0.290625 0.50234375 0.16171875 0.134375
8 0.125 0.53515625 0.06484375 0.13203125
8 0.5234375 0.53828125 0.13046875 0.3875
10 0.12421875 0.54921875 0.0578125 0.084375
6 0.1578125 0.57578125 0.05078125 0.14296875
8 0.25546875 0.67734375 0.246875 0.4765625
5 0.2546875 0.81953125 0.0421875 0.10859375