4 0.4765625 0.27734375 0.03125 0.06015625
6 0.29765625 0.35 0.06484375 0.046875
4 0.471875 0.35546875 0.03359375 0.06171875
2 0.3078125 0.41171875 0.03359375 0.06171875
8 0.55078125 0.4125 0.09375 0.57421875
6 0.40390625 0.43125 0.0453125 0.0484375
4 0.4546875 0.4875 0.0359375 0.0640625
2 0.41015625 0.48984375 0.05234375 0.05625
8 0.29140625 0.49609375 0.07734375 0.34296875
4 0.425 0.5171875 0.0328125 0.046875
8 0.4171875 0.534375 0.08359375 0.25546875
6 0.540625 0.14140625 0.0609375 0.04296875
3 0.409375 0.4703125 0.03984375 0.0296875