6 0.190625 0.2515625 0.03828125 0.04609375
6 0.2421875 0.27421875 0.0359375 0.06328125
6 0.47578125 0.28203125 0.03671875 0.05859375
4 0.309375 0.3 0.01796875 0.06328125
10 0.25546875 0.41953125 0.10546875 0.1890625
10 0.16796875 0.4296875 0.065625 0.2109375
10 0.421875 0.4375 0.03046875 0.2203125
10 0.4828125 0.44140625 0.08046875 0.23515625
4 0.15078125 0.471875 0.01953125 0.05859375
4 0.43046875 0.50703125 0.02421875 0.06484375
4 0.52734375 0.5171875 0.02265625 0.06015625
8 0.16484375 0.5234375 0.05546875 0.590625
8 0.25 0.528125 0.0765625 0.5796875
8 0.49609375 0.53515625 0.1 0.56796875
4 0.14140625 0.54296875 0.02734375 0.04453125
8 0.42734375 0.546875 0.05234375 0.46484375
3 0.19921875 0.28515625 0.02578125 0.0234375
9 0.1703125 0.79453125 0.0515625 0.04765625
9 0.24921875 0.80546875 0.03671875 0.05390625
9 0.52265625 0.78359375 0.0421875 0.07109375