6 0.82734375 0.3984375 0.025 0.02421875
6 0.75234375 0.5921875 0.02265625 0.0140625
6 0.39453125 0.525 0.0328125 0.03515625
6 0.334375 0.665625 0.02734375 0.0296875
6 0.16171875 0.6375 0.02421875 0.028125
6 0.12734375 0.48984375 0.0328125 0.03203125
10 0.82578125 0.446875 0.028125 0.03359375
10 0.75078125 0.63984375 0.0328125 0.0421875
10 0.41328125 0.5796875 0.0296875 0.0671875
10 0.38203125 0.68671875 0.03203125 0.0703125
10 0.3390625 0.721875 0.03828125 0.08125
10 0.16328125 0.7 0.04375 0.07421875
8 0.82265625 0.46640625 0.0359375 0.153125
10 0.13515625 0.53828125 0.0328125 0.04921875
8 0.75078125 0.65234375 0.06875 0.14375
8 0.41484375 0.58671875 0.03515625 0.17421875
8 0.378125 0.70078125 0.02578125 0.14609375
8 0.3359375 0.7390625 0.04765625 0.18125
8 0.16875 0.70546875 0.06328125 0.16484375
8 0.128125 0.5453125 0.05078125 0.13671875