6 0.4484375 0.1953125 0.03828125 0.05546875
6 0.85 0.2546875 0.05625 0.04296875
6 0.7453125 0.2671875 0.05078125 0.0390625
6 0.15390625 0.26796875 0.05390625 0.0578125
6 0.8015625 0.27265625 0.0484375 0.02890625
6 0.6 0.27578125 0.05625 0.04296875
10 0.39140625 0.2890625 0.090625 0.1171875
4 0.0890625 0.3578125 0.034375 0.06484375
10 0.15078125 0.3625 0.07890625 0.12265625
8 0.40234375 0.36640625 0.1015625 0.4078125
10 0.7265625 0.37265625 0.06640625 0.10390625
10 0.8921875 0.39765625 0.06640625 0.15546875
4 0.496875 0.4296875 0.02578125 0.0671875
8 0.13203125 0.4390625 0.10546875 0.39765625
4 0.15390625 0.4421875 0.02734375 0.0625
10 0.8296875 0.44375 0.08671875 0.171875
10 0.5875 0.4484375 0.0921875 0.18828125
8 0.88046875 0.49453125 0.090625 0.51328125
4 0.6953125 0.52265625 0.02890625 0.06484375
8 0.7359375 0.52265625 0.084375 0.55234375
8 0.57734375 0.53671875 0.10234375 0.5546875
4 0.89453125 0.5546875 0.04375 0.06875
8 0.80234375 0.5578125 0.1125 0.5546875
4 0.6625 0.565625 0.03203125 0.06875
9 0.0953125 0.60234375 0.05625 0.053125
9 0.16640625 0.62421875 0.046875 0.05625
9 0.40234375 0.55078125 0.0625 0.04609375
9 0.54453125 0.78984375 0.0515625 0.06171875
9 0.6078125 0.80234375 0.059375 0.065625
9 0.8140625 0.83515625 0.06953125 0.0625
9 0.72421875 0.73671875 0.05078125 0.0625
9 0.76640625 0.77890625 0.046875 0.09296875
9 0.8640625 0.72265625 0.059375 0.05234375