6 0.825 0.37421875 0.10234375 0.03515625
6 0.4703125 0.40625 0.08828125 0.084375
6 0.29296875 0.440625 0.1140625 0.07890625
4 0.953125 0.4984375 0.07421875 0.09375
4 0.78515625 0.509375 0.08984375 0.08046875
8 0.87734375 0.52109375 0.19375 0.3453125
8 0.56171875 0.54765625 0.2921875 0.39765625
8 0.203125 0.60625 0.2703125 0.40390625
4 0.21796875 0.646875 0.0796875 0.0859375
9 0.50625 0.703125 0.0703125 0.03984375
9 0.6359375 0.7171875 0.05390625 0.04765625
9 0.85234375 0.64453125 0.06796875 0.0875