6 0.39921875 0.28203125 0.03203125 0.02734375
6 0.31640625 0.290625 0.0296875 0.0296875
2 0.81640625 0.2984375 0.03671875 0.05546875
6 0.46640625 0.29921875 0.0265625 0.02734375
6 0.53671875 0.309375 0.0234375 0.0171875
2 0.40390625 0.32109375 0.03828125 0.03515625
2 0.32421875 0.33046875 0.03203125 0.0453125
2 0.47265625 0.33046875 0.03203125 0.03515625
6 0.58671875 0.33203125 0.0265625 0.0328125
2 0.54140625 0.346875 0.03359375 0.02734375
6 0.65703125 0.35625 0.01640625 0.0203125
2 0.59140625 0.36328125 0.0265625 0.0296875
2 0.65546875 0.3796875 0.028125 0.02265625
8 0.4640625 0.4734375 0.04140625 0.37578125
8 0.396875 0.4796875 0.053125 0.41328125
8 0.53203125 0.4796875 0.03671875 0.36875
5 0.36796875 0.4859375 0.01640625 0.03515625
8 0.5828125 0.4890625 0.03515625 0.340625
8 0.64453125 0.4890625 0.0484375 0.3109375
5 0.42890625 0.48984375 0.021875 0.0375
8 0.31171875 0.4921875 0.03984375 0.43828125
5 0.4421875 0.50625 0.01796875 0.03984375
4 0.62734375 0.50625 0.021875 0.0453125
5 0.50546875 0.51015625 0.01484375 0.0375
5 0.76484375 0.525 0.03359375 0.0578125
8 0.82890625 0.5765625 0.0984375 0.721875
6 0.83671875 0.24296875 0.05703125 0.05
9 0.284375 0.70703125 0.0265625 0.04296875
9 0.32578125 0.70390625 0.04296875 0.05
9 0.37109375 0.690625 0.0296875 0.03984375
9 0.409375 0.67421875 0.046875 0.0375
9 0.44609375 0.66796875 0.0234375 0.03515625
9 0.478125 0.6640625 0.03984375 0.0375
9 0.80546875 0.8875 0.096875 0.06484375
9 0.5140625 0.6578125 0.0296875 0.03984375
9 0.5375 0.6453125 0.04140625 0.03515625
9 0.56015625 0.64765625 0.0265625 0.0375
9 0.584375 0.634375 0.03203125 0.03515625
9 0.65078125 0.6328125 0.0265625 0.0328125
9 0.628125 0.6375 0.0234375 0.0296875