6 0.03671875 0.31015625 0.0703125 0.125
8 0.0234375 0.39140625 0.04296875 0.24765625
6 0.18359375 0.40390625 0.096875 0.0828125
2 0.18203125 0.4796875 0.05703125 0.1
6 0.31484375 0.50859375 0.06640625 0.0671875
6 0.6953125 0.54140625 0.03359375 0.02734375
5 0.675 0.5515625 0.01328125 0.02734375
2 0.30390625 0.5578125 0.04140625 0.0546875
6 0.3734375 0.5578125 0.04296875 0.06015625
5 0.2484375 0.5734375 0.0265625 0.0625
6 0.446875 0.59375 0.0265625 0.02734375
6 0.66171875 0.6 0.03984375 0.03984375
5 0.1 0.61640625 0.0765625 0.1125
2 0.44609375 0.6203125 0.01796875 0.025
5 0.31640625 0.6359375 0.03359375 0.0875
10 0.7125 0.63984375 0.0546875 0.08984375
8 0.1421875 0.66640625 0.14140625 0.6328125
10 0.125 0.67890625 0.19296875 0.3578125
10 0.371875 0.6875 0.06015625 0.16484375
8 0.72109375 0.68984375 0.08828125 0.31015625
10 0.43828125 0.69140625 0.05703125 0.1125
10 0.66484375 0.7 0.06015625 0.11015625
10 0.28515625 0.71640625 0.103125 0.2421875
8 0.284375 0.7234375 0.11796875 0.50234375
8 0.37109375 0.74375 0.04140625 0.4078125
8 0.4390625 0.7609375 0.08515625 0.3578125
8 0.6734375 0.7921875 0.103125 0.4046875
9 0.7265625 0.94375 0.053125 0.0625
9 0.67421875 0.9671875 0.0484375 0.06484375
9 0.421875 0.9234375 0.03203125 0.0453125
9 0.44453125 0.925 0.0296875 0.03984375
3 0.303125 0.53515625 0.03984375 0.0375