6 0.71640625 0.3140625 0.0234375 0.0234375
6 0.57578125 0.19453125 0.01796875 0.021875
6 0.35078125 0.3421875 0.01953125 0.01875
6 0.071875 0.60078125 0.025 0.03671875
6 0.490625 0.34765625 0.01796875 0.0203125
6 0.45703125 0.37421875 0.0140625 0.01484375
6 0.4234375 0.36328125 0.01796875 0.0265625
6 0.471875 0.365625 0.01640625 0.025
8 0.715625 0.375 0.05625 0.16015625
8 0.57109375 0.26796875 0.04453125 0.1703125
8 0.49921875 0.39453125 0.02890625 0.12578125
8 0.42578125 0.41875 0.03515625 0.13359375
8 0.47578125 0.42265625 0.02421875 0.13359375
8 0.453125 0.4328125 0.01875 0.140625
8 0.34375 0.41328125 0.04453125 0.1671875
8 0.07421875 0.67265625 0.0515625 0.19921875