6 0.13046875 0.2140625 0.05390625 0.0640625
6 0.64921875 0.215625 0.0453125 0.05390625
6 0.29921875 0.225 0.04375 0.05625
2 0.22734375 0.228125 0.0453125 0.0828125
6 0.559375 0.23515625 0.04609375 0.04765625
6 0.79609375 0.2390625 0.040625 0.05625
6 0.484375 0.2453125 0.04375 0.05625
2 0.06953125 0.2640625 0.04609375 0.09296875
6 0.96796875 0.26796875 0.0453125 0.0640625
6 0.4015625 0.271875 0.04375 0.05625
2 0.646875 0.27734375 0.0375 0.09140625
2 0.13984375 0.2796875 0.034375 0.0703125
6 0.71875 0.29296875 0.040625 0.05625
2 0.3015625 0.29296875 0.03828125 0.08046875
2 0.790625 0.29609375 0.03515625 0.0625
2 0.4859375 0.296875 0.034375 0.08046875
2 0.5578125 0.2984375 0.028125 0.06640625
2 0.4 0.32109375 0.034375 0.05
6 0.8828125 0.32421875 0.040625 0.05625
2 0.9625 0.32734375 0.04375 0.09140625
2 0.71796875 0.34375 0.03125 0.07421875
2 0.88125 0.36953125 0.0375 0.0640625
10 0.21640625 0.4046875 0.07734375 0.2671875
10 0.55625 0.43515625 0.07890625 0.2234375
10 0.47734375 0.4359375 0.06640625 0.2046875
10 0.64140625 0.4390625 0.07890625 0.2234375
10 0.78984375 0.4546875 0.06953125 0.2546875
10 0.29921875 0.4546875 0.0734375 0.2546875
10 0.39375 0.4703125 0.078125 0.2359375
10 0.13828125 0.47109375 0.0578125 0.32109375
10 0.0546875 0.48125 0.1078125 0.3625
10 0.96171875 0.48828125 0.07421875 0.25234375
10 0.7140625 0.496875 0.0578125 0.228125
10 0.8765625 0.51875 0.06953125 0.2421875
8 0.21640625 0.56328125 0.0890625 0.8734375
8 0.05859375 0.56640625 0.1171875 0.8671875
5 0.4875 0.57578125 0.0296875 0.05390625
5 0.5671875 0.57734375 0.02265625 0.05390625
8 0.3 0.5796875 0.0859375 0.7578125
8 0.6453125 0.58046875 0.08984375 0.78046875
8 0.56171875 0.58671875 0.0921875 0.7640625
8 0.134375 0.58671875 0.08203125 0.82578125
8 0.96015625 0.5953125 0.07734375 0.73515625
8 0.475 0.5953125 0.0921875 0.7640625
5 0.8625 0.59609375 0.0265625 0.05390625
8 0.78984375 0.59765625 0.0765625 0.78046875
5 0.56328125 0.5984375 0.03515625 0.0453125
8 0.3953125 0.60546875 0.0875 0.7390625
5 0.30546875 0.60625 0.0328125 0.0828125
8 0.7203125 0.621875 0.06875 0.7140625
8 0.88359375 0.63046875 0.0765625 0.69375
5 0.34921875 0.63359375 0.0203125 0.05390625
5 0.8609375 0.64296875 0.0234375 0.04765625
5 0.42109375 0.64296875 0.0203125 0.0640625
5 0.9671875 0.646875 0.03046875 0.08046875
5 0.68359375 0.65390625 0.025 0.0578125
5 0.73515625 0.68125 0.02421875 0.0578125
5 0.11796875 0.6984375 0.025 0.06796875
6 0.225 0.146875 0.05 0.0578125
6 0.0625 0.184375 0.078125 0.08671875
6 0.16953125 0.1875 0.04765625 0.0640625