8 0.33046875 0.27578125 0.1265625 0.5484375
7 0.45 0.3140625 0.1953125 0.1296875
7 0.20859375 0.37109375 0.09765625 0.1703125
7 0.0984375 0.38359375 0.09296875 0.1546875
2 0.40078125 0.446875 0.115625 0.24609375
8 0.20859375 0.46796875 0.1515625 0.31640625
8 0.071875 0.4734375 0.1390625 0.26015625
8 0.41953125 0.5140625 0.2328125 0.55234375
7 0.69765625 0.52734375 0.265625 0.3953125
8 0.7390625 0.63984375 0.45 0.63984375
7 0.315625 0.0703125 0.0671875 0.0875
2 0.3140625 0.1171875 0.05390625 0.10625
5 0.24921875 0.75625 0.08671875 0.12890625