6 0.7765625 0.140625 0.015625 0.0234375
6 0.88203125 0.15078125 0.0125 0.01796875
6 0.859375 0.1546875 0.02578125 0.0375
10 0.7765625 0.1734375 0.01953125 0.04140625
10 0.88203125 0.1859375 0.015625 0.04140625
8 0.884375 0.18828125 0.02734375 0.09296875
8 0.7734375 0.19375 0.04140625 0.12109375
10 0.8578125 0.2203125 0.0328125 0.0765625
8 0.8515625 0.253125 0.04296875 0.2234375
6 0.384375 0.50625 0.0796875 0.10390625
10 0.20625 0.584375 0.10234375 0.084375
8 0.17421875 0.63203125 0.14375 0.2015625
6 0.13984375 0.64921875 0.075 0.10390625
4 0.246875 0.65703125 0.040625 0.071875
8 0.3921875 0.721875 0.18671875 0.540625
10 0.421875 0.75078125 0.1203125 0.240625