6 0.6 0.43671875 0.01640625 0.0234375
7 0.684375 0.45703125 0.01640625 0.025
6 0.7296875 0.4671875 0.02265625 0.02890625
7 0.93671875 0.46953125 0.025 0.0390625
8 0.5953125 0.54140625 0.0453125 0.25
5 0.61875 0.546875 0.01015625 0.03203125
5 0.6765625 0.546875 0.0078125 0.01953125
5 0.5796875 0.55 0.01328125 0.025
8 0.68359375 0.55546875 0.0390625 0.21640625
5 0.665625 0.55703125 0.00859375 0.025
8 0.72890625 0.5671875 0.0359375 0.23203125
8 0.9265625 0.61953125 0.065625 0.3140625
5 0.90859375 0.63984375 0.0109375 0.0375
9 0.590625 0.653125 0.0171875 0.03046875
9 0.6625 0.65234375 0.0203125 0.021875
9 0.603125 0.65 0.01171875 0.02890625
9 0.73125 0.6796875 0.02578125 0.021875
9 0.7234375 0.6671875 0.01796875 0.025
9 0.903125 0.76640625 0.02109375 0.0265625
9 0.921875 0.7765625 0.02109375 0.03359375