6 0.290625 0.2125 0.05859375 0.03984375
2 0.29921875 0.24453125 0.053125 0.03984375
6 0.7640625 0.2734375 0.05390625 0.05546875
6 0.2375 0.315625 0.06875 0.078125
2 0.76328125 0.315625 0.05859375 0.04765625
2 0.22890625 0.36796875 0.053125 0.053125
8 0.29453125 0.390625 0.07421875 0.3921875
4 0.2953125 0.415625 0.0296875 0.053125
4 0.81875 0.43203125 0.034375 0.04609375
8 0.7609375 0.4484375 0.1359375 0.41328125
4 0.70390625 0.4640625 0.03828125 0.059375
8 0.190625 0.50390625 0.15390625 0.4421875
4 0.2203125 0.58359375 0.03125 0.0515625
9 0.11796875 0.65625 0.05703125 0.11015625
9 0.3015625 0.55390625 0.0484375 0.08359375