2 0.296875 0.28203125 0.071875 0.096875
5 0.0234375 0.30859375 0.046875 0.078125
7 0.6671875 0.34609375 0.096875 0.11953125
8 0.55546875 0.346875 0.2046875 0.40546875
8 0.28359375 0.3515625 0.1765625 0.3140625
8 0.86328125 0.35546875 0.2734375 0.378125
7 0.40703125 0.384375 0.1046875 0.09140625
2 0.84453125 0.04140625 0.0328125 0.0609375
2 0.66015625 0.490625 0.0953125 0.203125
2 0.65 0.05 0.053125 0.078125
2 0.3859375 0.50390625 0.084375 0.15859375
5 0.871875 0.521875 0.065625 0.071875
5 0.56328125 0.5265625 0.0484375 0.06953125
5 0.5109375 0.52890625 0.046875 0.0640625
2 0.4859375 0.05703125 0.04375 0.06953125
5 0.28359375 0.59296875 0.0828125 0.14140625
8 0.35390625 0.6140625 0.2984375 0.50859375
8 0.6875 0.625 0.35 0.621875
2 0.309375 0.06796875 0.0375 0.06953125
7 0.125 0.0765625 0.059375 0.046875
7 0.7640625 0.08203125 0.059375 0.046875
8 0.83203125 0.084375 0.1015625 0.16875
7 0.5421875 0.090625 0.05 0.053125
7 0.36953125 0.090625 0.0484375 0.053125
5 0.5625 0.909375 0.078125 0.10859375
8 0.65703125 0.09296875 0.1234375 0.18046875
5 0.709375 0.93046875 0.090625 0.13359375
8 0.48046875 0.0984375 0.1203125 0.19140625
8 0.29765625 0.1140625 0.1578125 0.221875
7 0.490625 0.015625 0.05 0.03046875
7 0.31328125 0.015625 0.0421875 0.025
2 0.76015625 0.14453125 0.0578125 0.08359375
2 0.11484375 0.14609375 0.0640625 0.096875
2 0.5421875 0.159375 0.05 0.096875
7 0.59375 0.16953125 0.05625 0.0890625
2 0.3640625 0.16953125 0.059375 0.1
7 0.85 0.18203125 0.075 0.08046875
8 0.7515625 0.18359375 0.153125 0.26640625
8 0.11640625 0.18359375 0.1765625 0.278125
8 0.51796875 0.1875 0.1359375 0.20859375
8 0.35234375 0.1984375 0.1765625 0.2640625
7 0.30390625 0.2015625 0.0671875 0.053125
2 0.846875 0.25859375 0.06875 0.11640625
2 0.575 0.2734375 0.084375 0.10859375