10 0.78828125 0.31015625 0.14921875 0.35703125
6 0.51171875 0.36328125 0.0828125 0.1359375
4 0.715625 0.45546875 0.06953125 0.0796875
10 0.43671875 0.471875 0.16328125 0.19765625
6 0.31015625 0.47734375 0.1 0.0875
8 0.78203125 0.49140625 0.21796875 0.95
2 0.33125 0.56015625 0.0453125 0.0859375
8 0.46328125 0.62578125 0.20625 0.64453125
5 0.52421875 0.69453125 0.04765625 0.09609375
5 0.396875 0.696875 0.04921875 0.071875
6 0.7140625 0.07109375 0.08515625 0.12578125
10 0.2953125 0.709375 0.14921875 0.2890625
8 0.32421875 0.715625 0.19453125 0.56875
2 0.71875 0.14375 0.06484375 0.0796875
4 0.3984375 0.9453125 0.06015625 0.09765625
9 0.840625 0.93515625 0.07421875 0.065625
9 0.7703125 0.9375 0.07734375 0.071875
9 0.5359375 0.921875 0.078125 0.06171875