6 0.628125 0.4375 0.11328125 0.090625
6 0.509375 0.4546875 0.08515625 0.05703125
2 0.6265625 0.51640625 0.078125 0.11875
5 0.25078125 0.51953125 0.06171875 0.10546875
2 0.5015625 0.5328125 0.08671875 0.10234375
5 0.51640625 0.621875 0.096875 0.10390625
8 0.65703125 0.6953125 0.15 0.609375
8 0.4671875 0.7046875 0.20703125 0.5546875
10 0.659375 0.75859375 0.14765625 0.35703125
10 0.4796875 0.8015625 0.1921875 0.35
5 0.53515625 0.87265625 0.05625 0.090625
3 0.4984375 0.50078125 0.06328125 0.046875
3 0.60859375 0.4890625 0.0609375 0.07578125