6 0.44140625 0.26484375 0.11640625 0.053125
6 0.715625 0.27578125 0.13125 0.06796875
10 0.42109375 0.46171875 0.2140625 0.20703125
10 0.715625 0.4671875 0.22109375 0.21484375
8 0.43125 0.58828125 0.25234375 0.71015625
8 0.73828125 0.59140625 0.2234375 0.68984375
5 0.28125 0.621875 0.06171875 0.06015625
5 0.54765625 0.62578125 0.04296875 0.06484375
5 0.59296875 0.63984375 0.04765625 0.06328125
9 0.8359375 0.9203125 0.1046875 0.0484375
9 0.6703125 0.92109375 0.10234375 0.0515625
9 0.48359375 0.9140625 0.10703125 0.06484375
9 0.3390625 0.91953125 0.109375 0.05859375