6 0.64765625 0.2859375 0.0796875 0.06015625
6 0.815625 0.3109375 0.06328125 0.0546875
2 0.64609375 0.35 0.05234375 0.0734375
2 0.81328125 0.35859375 0.04921875 0.0625
6 0.5421875 0.38671875 0.06875 0.0765625
2 0.54453125 0.44453125 0.04921875 0.08203125
10 0.72578125 0.48125 0.1015625 0.2640625
10 0.82421875 0.4875 0.0671875 0.19609375
10 0.62265625 0.52578125 0.11796875 0.190625
8 0.5921875 0.52734375 0.16171875 0.3625
8 0.815625 0.54765625 0.0890625 0.53984375
8 0.69921875 0.5859375 0.1875 0.66484375
4 0.52734375 0.6578125 0.04765625 0.12265625
4 0.69609375 0.6671875 0.065625 0.15234375
9 0.76171875 0.89921875 0.0796875 0.1171875
9 0.628125 0.92109375 0.0984375 0.0875