6 0.21875 0.12734375 0.12109375 0.1515625
6 0.52421875 0.13515625 0.1328125 0.10703125
2 0.65078125 0.1703125 0.05546875 0.0828125
5 0.25625 0.3796875 0.0671875 0.06953125
5 0.13671875 0.390625 0.0640625 0.0734375
8 0.19140625 0.44375 0.25859375 0.87578125
8 0.3921875 0.48828125 0.2046875 0.95078125
8 0.725 0.51875 0.22734375 0.91953125
8 0.584375 0.52890625 0.26875 0.91328125
6 0.36640625 0.08515625 0.11015625 0.14375
6 0.6515625 0.10703125 0.10625 0.10625
9 0.07734375 0.8875 0.10546875 0.10625
9 0.23359375 0.87421875 0.0984375 0.109375
9 0.35078125 0.8765625 0.10078125 0.10625
9 0.43984375 0.9375 0.096875 0.10703125