6 0.54296875 0.1921875 0.08828125 0.07890625
6 0.3265625 0.2046875 0.08671875 0.0859375
6 0.17421875 0.20859375 0.0984375 0.09140625
2 0.53359375 0.2609375 0.05234375 0.07578125
2 0.31015625 0.26640625 0.0546875 0.065625
2 0.19609375 0.27578125 0.0390625 0.06875
10 0.153125 0.434375 0.08984375 0.221875
10 0.30703125 0.4359375 0.11640625 0.26171875
10 0.553125 0.4453125 0.10234375 0.27578125
5 0.2359375 0.475 0.0484375 0.06328125
5 0.340625 0.4953125 0.05625 0.0546875
5 0.20625 0.5109375 0.06328125 0.0546875
5 0.471875 0.52109375 0.04765625 0.06015625
5 0.2625 0.53515625 0.034375 0.06015625
8 0.55234375 0.5765625 0.1140625 0.83515625
8 0.15234375 0.5796875 0.13515625 0.8296875
8 0.30234375 0.58046875 0.14765625 0.83828125
5 0.60390625 0.615625 0.05234375 0.07578125
3 0.528125 0.23828125 0.04921875 0.0296875
3 0.31328125 0.24765625 0.04765625 0.0484375
9 0.6234375 0.9421875 0.0765625 0.115625