10 0.92421875 0.2484375 0.05703125 0.1203125
6 0.34609375 0.26328125 0.01953125 0.021875
6 0.50390625 0.2734375 0.02109375 0.0171875
8 0.9203125 0.31484375 0.09453125 0.375
10 0.34765625 0.32109375 0.0359375 0.05859375
10 0.4921875 0.3234375 0.0359375 0.06875
8 0.49453125 0.35546875 0.05703125 0.19140625
8 0.34609375 0.3640625 0.05234375 0.21328125
6 0.76484375 0.5296875 0.0359375 0.04921875
6 0.375 0.5390625 0.034375 0.02421875
6 0.621875 0.58828125 0.03125 0.05390625
8 0.37265625 0.5921875 0.078125 0.13984375
8 0.3734375 0.59453125 0.08359375 0.14453125
10 0.35703125 0.61640625 0.05390625 0.0859375
10 0.77578125 0.640625 0.075 0.125
8 0.59453125 0.65703125 0.06875 0.2109375
8 0.78203125 0.675 0.09609375 0.32578125
10 0.58828125 0.67734375 0.0390625 0.11484375
5 0.6359375 0.7484375 0.02578125 0.04140625
6 0.8984375 0.15546875 0.0421875 0.03203125