2 0.75859375 0.23671875 0.0765625 0.1
6 0.365625 0.26953125 0.10546875 0.134375
2 0.55859375 0.284375 0.071875 0.10390625
2 0.3625 0.3671875 0.06640625 0.10390625
4 0.7078125 0.4234375 0.08203125 0.134375
10 0.56796875 0.49609375 0.21796875 0.315625
10 0.82734375 0.5296875 0.21171875 0.4484375
8 0.8234375 0.53671875 0.23046875 0.915625
8 0.55625 0.54296875 0.1921875 0.8671875
4 0.71640625 0.546875 0.0921875 0.12890625
8 0.33359375 0.58828125 0.18359375 0.7734375
10 0.30546875 0.6375 0.19453125 0.5015625
6 0.759375 0.134375 0.12421875 0.115625
6 0.5515625 0.190625 0.1140625 0.1