6 0.03046875 0.34921875 0.0125 0.01484375
6 0.165625 0.35234375 0.01328125 0.01484375
8 0.03125 0.37890625 0.02421875 0.08203125
8 0.1671875 0.3875 0.02109375 0.09140625
6 0.62578125 0.4140625 0.03203125 0.03203125
6 0.69296875 0.41796875 0.0390625 0.03671875
6 0.56875 0.42265625 0.03359375 0.03515625
6 0.53671875 0.42421875 0.021875 0.03203125
8 0.62734375 0.5078125 0.04765625 0.20859375
8 0.5203125 0.5515625 0.0640625 0.29296875
8 0.58359375 0.56640625 0.06015625 0.3234375
8 0.7046875 0.56953125 0.06640625 0.33515625
4 0.56484375 0.60546875 0.028125 0.0484375