6 0.22109375 0.278125 0.0375 0.0421875
6 0.1796875 0.28984375 0.02421875 0.03125
6 0.26015625 0.3046875 0.02578125 0.046875
8 0.17265625 0.309375 0.028125 0.078125
6 0.32734375 0.3203125 0.0296875 0.02265625
8 0.259375 0.32421875 0.02734375 0.10625
8 0.21328125 0.32421875 0.03671875 0.1390625
6 0.28671875 0.32734375 0.02578125 0.0390625
10 0.21171875 0.35078125 0.04609375 0.0921875
2 0.28203125 0.3578125 0.02265625 0.03671875
10 0.38203125 0.3796875 0.0484375 0.07109375
10 0.4546875 0.3796875 0.05 0.090625
8 0.3796875 0.3828125 0.0328125 0.1546875
10 0.3265625 0.3921875 0.0390625 0.08984375
10 0.59375 0.40859375 0.0359375 0.07109375
6 0.4265625 0.4171875 0.0328125 0.04765625
8 0.3296875 0.4171875 0.03203125 0.21484375
8 0.459375 0.42421875 0.05703125 0.296875
10 0.27890625 0.42734375 0.053125 0.11328125
8 0.5953125 0.45546875 0.046875 0.24921875
8 0.28515625 0.47265625 0.034375 0.3296875
6 0.40234375 0.4828125 0.03984375 0.05078125
8 0.43046875 0.48515625 0.0453125 0.17109375
10 0.4328125 0.51640625 0.03515625 0.096875
10 0.39765625 0.58515625 0.06015625 0.1140625
8 0.3953125 0.59609375 0.05078125 0.2703125
6 0.459375 0.59921875 0.0453125 0.0390625
2 0.4578125 0.640625 0.02421875 0.0453125
6 0.6078125 0.64765625 0.04765625 0.03984375
2 0.615625 0.678125 0.04296875 0.0453125
6 0.78984375 0.7140625 0.05859375 0.06015625
10 0.45078125 0.740625 0.06484375 0.1609375
4 0.4375 0.746875 0.0296875 0.03828125
8 0.45625 0.74921875 0.0859375 0.34375
8 0.60703125 0.765625 0.090625 0.27265625
2 0.7953125 0.76796875 0.040625 0.05390625
10 0.60703125 0.77734375 0.071875 0.16015625
8 0.80234375 0.8328125 0.09921875 0.2921875
10 0.79765625 0.8421875 0.08671875 0.115625
3 0.6203125 0.671875 0.02109375 0.0203125
3 0.45703125 0.63125 0.0265625 0.01796875