7 0.7515625 0.38359375 0.0296875 0.0484375
7 0.3859375 0.40625 0.0359375 0.03359375
7 0.53359375 0.41796875 0.0265625 0.02578125
7 0.8671875 0.4203125 0.03515625 0.04140625
2 0.74921875 0.4234375 0.0421875 0.05625
7 0.16640625 0.4359375 0.034375 0.0234375
7 0.4640625 0.44296875 0.025 0.03671875
2 0.38671875 0.4453125 0.0375 0.05234375
7 0.59453125 0.4453125 0.0390625 0.02578125
2 0.5328125 0.4484375 0.0359375 0.05078125
7 0.26796875 0.44921875 0.04375 0.0390625
2 0.8703125 0.4546875 0.03984375 0.0546875
2 0.590625 0.4703125 0.03046875 0.0546875
2 0.4625 0.47265625 0.040625 0.04453125
2 0.16484375 0.47421875 0.040625 0.04921875
7 0.675 0.478125 0.046875 0.0390625
2 0.26640625 0.48203125 0.03203125 0.04140625
2 0.6734375 0.51328125 0.03046875 0.06015625
5 0.46171875 0.6 0.0375 0.04921875
8 0.528125 0.62734375 0.0640625 0.43203125
5 0.34296875 0.63203125 0.025 0.05625
5 0.2640625 0.634375 0.0390625 0.04296875
5 0.4171875 0.6390625 0.0328125 0.0453125
8 0.75546875 0.6421875 0.096875 0.525
8 0.15546875 0.6453125 0.11796875 0.4453125
8 0.37578125 0.6484375 0.1171875 0.50234375
8 0.4640625 0.65078125 0.06328125 0.43515625
8 0.26640625 0.6625 0.10078125 0.446875
8 0.596875 0.6625 0.08984375 0.45078125
5 0.5625 0.66953125 0.02734375 0.04140625
5 0.1078125 0.671875 0.0265625 0.046875
8 0.871875 0.67265625 0.1421875 0.51171875
5 0.778125 0.675 0.025 0.05625
8 0.675 0.68984375 0.09296875 0.4359375
5 0.72578125 0.69296875 0.02734375 0.0625
5 0.63125 0.69921875 0.03125 0.06015625
0 0.4390625 0.81328125 0.02734375 0.11328125
0 0.465625 0.81640625 0.0265625 0.1171875
9 0.5125 0.8375 0.0359375 0.0484375
9 0.56484375 0.85546875 0.0359375 0.06015625
9 0.61015625 0.865625 0.03984375 0.0609375
9 0.83125 0.88046875 0.03984375 0.05625
9 0.9 0.89921875 0.0421875 0.06015625
9 0.24375 0.8609375 0.03984375 0.04296875
9 0.28046875 0.85859375 0.0359375 0.053125
9 0.13125 0.8609375 0.03984375 0.0484375
9 0.2 0.853125 0.0328125 0.04296875
9 0.3609375 0.8765625 0.03828125 0.05078125
9 0.4015625 0.875 0.03984375 0.0609375
9 0.7296875 0.8421875 0.03984375 0.053125
9 0.76953125 0.87734375 0.03515625 0.0625