6 0.6328125 0.2765625 0.09375 0.0984375
2 0.81015625 0.28203125 0.071875 0.10390625
6 0.2078125 0.309375 0.03984375 0.0984375
6 0.16484375 0.3140625 0.08984375 0.090625
6 0.7140625 0.32734375 0.14375 0.13984375
2 0.36875 0.334375 0.0703125 0.13125
2 0.62890625 0.36328125 0.05390625 0.090625
2 0.08671875 0.36953125 0.08203125 0.13671875
2 0.18125 0.3984375 0.06171875 0.090625
2 0.665625 0.44140625 0.05625 0.13671875
8 0.96015625 0.49609375 0.07578125 0.9859375
8 0.86171875 0.5671875 0.16796875 0.84921875
8 0.08203125 0.58203125 0.16015625 0.81953125
8 0.378125 0.5953125 0.196875 0.809375
6 0.9640625 0.06015625 0.06796875 0.11484375
8 0.63515625 0.609375 0.134375 0.78046875
5 0.640625 0.6203125 0.05 0.0796875
8 0.721875 0.63125 0.17578125 0.72578125
8 0.19921875 0.63125 0.15390625 0.7203125
5 0.278125 0.65078125 0.04765625 0.090625
5 0.24921875 0.7640625 0.04609375 0.06015625
5 0.56171875 0.77421875 0.04375 0.06328125
5 0.2390625 0.8234375 0.0578125 0.05234375
5 0.646875 0.87109375 0.078125 0.109375
2 0.96796875 0.1765625 0.0640625 0.19453125
6 0.83203125 0.196875 0.13203125 0.12578125
6 0.36875 0.24765625 0.11796875 0.090625
6 0.07265625 0.25859375 0.1421875 0.1453125