6 0.7640625 0.290625 0.1046875 0.1359375
2 0.77265625 0.3953125 0.0859375 0.1375
7 0.2734375 0.428125 0.0359375 0.028125
6 0.628125 0.44609375 0.06328125 0.06640625
7 0.4296875 0.45078125 0.0265625 0.02890625
7 0.5046875 0.47109375 0.02734375 0.0359375
2 0.27265625 0.47734375 0.0375 0.06796875
2 0.434375 0.490625 0.034375 0.0484375
2 0.50390625 0.5125 0.021875 0.05546875
2 0.62734375 0.52421875 0.046875 0.09296875
5 0.5234375 0.528125 0.015625 0.0375
8 0.75859375 0.60546875 0.20625 0.78046875
8 0.50625 0.6625 0.05859375 0.4140625
8 0.26796875 0.68203125 0.0828125 0.546875
8 0.43203125 0.690625 0.0796875 0.4984375
5 0.4734375 0.690625 0.0171875 0.03203125
8 0.61640625 0.6921875 0.096875 0.584375
5 0.565625 0.809375 0.02890625 0.0609375
9 0.278125 0.91640625 0.0296875 0.0609375
9 0.27265625 0.896875 0.05 0.046875
9 0.421875 0.90078125 0.0296875 0.07890625
9 0.45 0.903125 0.0359375 0.06796875
9 0.509375 0.85 0.03203125 0.05546875
3 0.7734375 0.36640625 0.07890625 0.059375
3 0.63125 0.4984375 0.0390625 0.0375
3 0.43125 0.4796875 0.02578125 0.028125
3 0.5078125 0.49921875 0.03046875 0.01953125