6 0.33046875 0.415625 0.02890625 0.03984375
6 0.68515625 0.42421875 0.03359375 0.03125
6 0.2546875 0.42578125 0.03203125 0.0421875
2 0.32890625 0.44609375 0.0203125 0.03203125
2 0.68671875 0.45 0.02109375 0.028125
2 0.25546875 0.453125 0.025 0.0296875
6 0.828125 0.4625 0.03125 0.03125
2 0.83125 0.49296875 0.01875 0.0421875
10 0.33046875 0.52578125 0.06953125 0.15234375
10 0.2515625 0.52890625 0.0828125 0.140625
10 0.6765625 0.54453125 0.08671875 0.14296875
5 0.84765625 0.5640625 0.02421875 0.040625
10 0.82109375 0.5671875 0.0828125 0.14921875
8 0.33125 0.56953125 0.08203125 0.346875
8 0.24921875 0.57890625 0.08671875 0.3421875
8 0.67890625 0.59140625 0.0875 0.35703125
8 0.828125 0.62890625 0.1046875 0.3546875
9 0.8015625 0.77578125 0.02890625 0.04609375
9 0.6953125 0.76015625 0.028125 0.03671875
9 0.66640625 0.76015625 0.02265625 0.03125
9 0.33828125 0.71796875 0.02890625 0.04453125
9 0.25390625 0.740625 0.03203125 0.040625
9 0.83046875 0.79140625 0.0328125 0.0234375
3 0.33046875 0.4375 0.02109375 0.0140625
3 0.253125 0.44921875 0.021875 0.01171875