6 0.85859375 0.26875 0.05078125 0.04921875
5 0.8734375 0.2953125 0.03203125 0.046875
6 0.70703125 0.30546875 0.046875 0.06328125
5 0.80859375 0.3171875 0.02734375 0.053125
2 0.8484375 0.32265625 0.03515625 0.059375
2 0.7140625 0.35078125 0.0453125 0.0453125
6 0.52578125 0.38984375 0.0484375 0.08046875
10 0.89453125 0.4125 0.11484375 0.2015625
10 0.715625 0.45 0.09140625 0.1921875
10 0.52421875 0.47578125 0.11015625 0.16875
8 0.7125 0.4984375 0.10859375 0.4515625
8 0.88515625 0.50625 0.1875 0.53203125
8 0.51484375 0.553125 0.12109375 0.40390625
3 0.70703125 0.33515625 0.0328125 0.03046875
3 0.84296875 0.3078125 0.02421875 0.025