5 0.6296875 0.4453125 0.16015625 0.19609375
7 0.40625 0.45078125 0.0921875 0.1015625
7 0.29140625 0.4640625 0.02265625 0.02265625
7 0.27109375 0.46796875 0.0171875 0.03046875
7 0.04140625 0.47890625 0.02265625 0.0375
7 0.2140625 0.48125 0.04765625 0.03359375
7 0.0609375 0.4828125 0.0328125 0.02265625
7 0.1203125 0.49609375 0.0453125 0.03359375
8 0.2890625 0.4984375 0.0625 0.12109375
8 0.06484375 0.5 0.0546875 0.09453125
8 0.13515625 0.52265625 0.075 0.1015625
2 0.4015625 0.528125 0.07734375 0.0984375
8 0.71875 0.53984375 0.44765625 0.7625
8 0.2375 0.55859375 0.11484375 0.19609375
8 0.44140625 0.57890625 0.17734375 0.2984375
5 0.32265625 0.7453125 0.0796875 0.09453125
5 0.56875 0.86953125 0.12265625 0.16953125
7 0.61640625 0.21875 0.19765625 0.1359375
2 0.5828125 0.35859375 0.11015625 0.15859375