6 0.715625 0.2328125 0.03671875 0.046875
8 0.38359375 0.26015625 0.1125 0.34296875
2 0.70703125 0.26484375 0.03828125 0.04921875
5 0.5546875 0.2765625 0.02578125 0.03515625
5 0.49296875 0.29609375 0.02890625 0.046875
8 0.496875 0.31328125 0.0984375 0.3796875
8 0.2484375 0.32421875 0.103125 0.40546875
6 0.9140625 0.3296875 0.04296875 0.03984375
5 0.73046875 0.33671875 0.02734375 0.05390625
8 0.72578125 0.4 0.0984375 0.375
8 0.88828125 0.45078125 0.0875 0.27734375
8 0.9640625 0.4546875 0.06015625 0.303125
6 0.41796875 0.1140625 0.04140625 0.0515625
7 0.23828125 0.13203125 0.04296875 0.04453125
6 0.49609375 0.1453125 0.04453125 0.05859375
2 0.4140625 0.1515625 0.03359375 0.05625
2 0.2375 0.175 0.03203125 0.046875
2 0.49296875 0.184375 0.03515625 0.046875