2 0.3953125 0.2578125 0.07734375 0.15703125
6 0.7 0.26015625 0.11953125 0.09453125
2 0.54765625 0.27109375 0.059375 0.07734375
2 0.6765625 0.3171875 0.05625 0.0875
6 0.9140625 0.33203125 0.046875 0.03359375
6 0.84921875 0.3375 0.046875 0.03125
10 0.978125 0.34609375 0.04375 0.140625
8 0.97421875 0.409375 0.0515625 0.31953125
10 0.921875 0.425 0.040625 0.08984375
8 0.92109375 0.434375 0.06796875 0.23984375
8 0.85078125 0.4359375 0.06328125 0.22265625
10 0.85390625 0.44453125 0.053125 0.084375
10 0.55 0.4625 0.1609375 0.3484375
10 0.34140625 0.4984375 0.18515625 0.4015625
10 0.73515625 0.5421875 0.1609375 0.34375
8 0.55 0.5578125 0.16796875 0.8109375
8 0.3359375 0.56484375 0.184375 0.8703125
4 0.58671875 0.56640625 0.06484375 0.11640625
8 0.7328125 0.6078125 0.18515625 0.784375
5 0.4734375 0.6453125 0.046875 0.0703125
4 0.84296875 0.8109375 0.06328125 0.12578125
5 0.1296875 0.81328125 0.0984375 0.1359375
6 0.38125 0.165625 0.1109375 0.084375
6 0.54453125 0.1921875 0.08203125 0.08984375