8 0.02578125 0.86640625 0.0515625 0.13046875
10 0.02421875 0.88984375 0.0484375 0.0546875
5 0.65703125 0.26953125 0.04140625 0.05234375
6 0.27109375 0.325 0.08515625 0.0921875
6 0.76484375 0.353125 0.0640625 0.0609375
10 0.7578125 0.503125 0.09140625 0.2109375
5 0.37109375 0.52109375 0.03828125 0.0515625
10 0.25703125 0.5390625 0.0921875 0.28671875
8 0.253125 0.596875 0.1453125 0.63515625
8 0.7875 0.60625 0.153125 0.60546875
10 0.475 0.66796875 0.03046875 0.05703125
8 0.46875 0.671875 0.065625 0.15
9 0.75390625 0.8890625 0.0796875 0.06015625