6 0.415625 0.23203125 0.05234375 0.12734375
6 0.55390625 0.24921875 0.046875 0.14609375
2 0.56328125 0.3359375 0.04609375 0.159375
2 0.42109375 0.34453125 0.04375 0.12734375
4 0.665625 0.53203125 0.03046875 0.13125
8 0.41640625 0.584375 0.1625 0.83125
8 0.5875 0.59921875 0.16015625 0.8015625
10 0.58125 0.65390625 0.12421875 0.51328125
10 0.4203125 0.659375 0.159375 0.509375
4 0.3671875 0.93828125 0.03828125 0.11640625
4 0.521875 0.9484375 0.02578125 0.103125
4 0.484375 0.95 0.025 0.09921875
3 0.4265625 0.31484375 0.034375 0.06171875
3 0.565625 0.31015625 0.03359375 0.08046875