6 0.11171875 0.40625 0.05625 0.07890625
6 0.5328125 0.42421875 0.19296875 0.10703125
6 0.8203125 0.440625 0.14375 0.0765625
5 0.15703125 0.459375 0.0890625 0.0796875
2 0.7984375 0.484375 0.08359375 0.05859375
6 0.8921875 0.515625 0.06328125 0.03046875
10 0.07890625 0.621875 0.10390625 0.253125
10 0.81171875 0.66875 0.1984375 0.25703125
8 0.0875 0.68046875 0.1671875 0.6390625
8 0.45390625 0.6828125 0.3875 0.634375
8 0.81484375 0.70625 0.21640625 0.58671875
10 0.4546875 0.72109375 0.35625 0.359375
5 0.8109375 0.81796875 0.09453125 0.06328125