6 0.74765625 0.31796875 0.028125 0.046875
6 0.9609375 0.34765625 0.03828125 0.03125
2 0.0890625 0.34921875 0.0421875 0.07109375
5 0.625 0.43671875 0.04375 0.059375
6 0.14609375 0.471875 0.0203125 0.025
8 0.1421875 0.54375 0.0359375 0.18671875
8 0.96484375 0.546875 0.0578125 0.43515625
8 0.88984375 0.5609375 0.1421875 0.84453125
8 0.359375 0.57265625 0.10625 0.83515625
8 0.56796875 0.57734375 0.1484375 0.82265625
8 0.76171875 0.59609375 0.11640625 0.7671875
8 0.284375 0.61484375 0.10390625 0.7265625
8 0.06875 0.62109375 0.11796875 0.7453125
5 0.09453125 0.62890625 0.0359375 0.08984375
6 0.86953125 0.1921875 0.071875 0.09296875
6 0.37265625 0.2046875 0.08828125 0.08046875
6 0.77265625 0.225 0.0703125 0.059375
6 0.55390625 0.234375 0.07421875 0.07734375
2 0.86953125 0.2484375 0.06015625 0.09921875
2 0.38671875 0.26875 0.05234375 0.08359375
6 0.3046875 0.2796875 0.071875 0.06796875
6 0.07421875 0.29375 0.07578125 0.07734375
2 0.7625 0.2953125 0.0578125 0.06796875
2 0.5625 0.296875 0.0625 0.07109375
9 0.74765625 0.91328125 0.06015625 0.08984375
9 0.65 0.96875 0.06640625 0.0625
9 0.83671875 0.93203125 0.05234375 0.07734375
9 0.546875 0.9625 0.06015625 0.06484375
9 0.0875 0.9734375 0.08046875 0.053125
9 0.27890625 0.9671875 0.06796875 0.06484375