6 0.1859375 0.384375 0.1359375 0.09609375
5 0.875 0.3890625 0.0578125 0.11171875
6 0.6953125 0.475 0.11015625 0.12265625
2 0.22265625 0.47734375 0.06171875 0.11171875
6 0.41796875 0.490625 0.1078125 0.12265625
6 0.25625 0.52265625 0.0921875 0.08515625
2 0.47265625 0.5453125 0.07421875 0.109375
6 0.3640625 0.546875 0.0921875 0.08515625
2 0.28671875 0.5796875 0.05390625 0.0984375
8 0.1390625 0.6625 0.17421875 0.6375
8 0.4296875 0.68671875 0.2203125 0.6265625
8 0.72421875 0.709375 0.17578125 0.57578125
8 0.259375 0.73984375 0.14609375 0.5203125
3 0.29375 0.5546875 0.03203125 0.03984375