2 0.703125 0.28203125 0.071875 0.096875
5 0.9765625 0.30859375 0.046875 0.078125
7 0.3328125 0.34609375 0.096875 0.11953125
8 0.44453125 0.346875 0.2046875 0.40546875
8 0.71640625 0.3515625 0.1765625 0.3140625
8 0.13671875 0.35546875 0.2734375 0.378125
7 0.59296875 0.384375 0.1046875 0.09140625
2 0.15546875 0.04140625 0.0328125 0.0609375
2 0.33984375 0.490625 0.0953125 0.203125
2 0.35 0.05 0.053125 0.078125
2 0.6140625 0.50390625 0.084375 0.15859375
5 0.128125 0.521875 0.065625 0.071875
5 0.43671875 0.5265625 0.0484375 0.06953125
5 0.4890625 0.52890625 0.046875 0.0640625
2 0.5140625 0.05703125 0.04375 0.06953125
5 0.71640625 0.59296875 0.0828125 0.14140625
8 0.64609375 0.6140625 0.2984375 0.50859375
8 0.3125 0.625 0.35 0.621875
2 0.690625 0.06796875 0.0375 0.06953125
7 0.875 0.0765625 0.059375 0.046875
7 0.2359375 0.08203125 0.059375 0.046875
8 0.16796875 0.084375 0.1015625 0.16875
7 0.4578125 0.090625 0.05 0.053125
7 0.63046875 0.090625 0.0484375 0.053125
5 0.4375 0.909375 0.078125 0.10859375
8 0.34296875 0.09296875 0.1234375 0.18046875
5 0.290625 0.93046875 0.090625 0.13359375
8 0.51953125 0.0984375 0.1203125 0.19140625
8 0.70234375 0.1140625 0.1578125 0.221875
7 0.509375 0.015625 0.05 0.03046875
7 0.68671875 0.015625 0.0421875 0.025
2 0.23984375 0.14453125 0.0578125 0.08359375
2 0.88515625 0.14609375 0.0640625 0.096875
2 0.4578125 0.159375 0.05 0.096875
7 0.40625 0.16953125 0.05625 0.0890625
2 0.6359375 0.16953125 0.059375 0.1
7 0.15 0.18203125 0.075 0.08046875
8 0.2484375 0.18359375 0.153125 0.26640625
8 0.88359375 0.18359375 0.1765625 0.278125
8 0.48203125 0.1875 0.1359375 0.20859375
8 0.64765625 0.1984375 0.1765625 0.2640625
7 0.69609375 0.2015625 0.0671875 0.053125
2 0.153125 0.25859375 0.06875 0.11640625
2 0.425 0.2734375 0.084375 0.10859375