6 0.28046875 0.1734375 0.0390625 0.04296875
6 0.86640625 0.17734375 0.021875 0.025
6 0.3140625 0.1859375 0.0296875 0.03203125
6 0.509375 0.19765625 0.03203125 0.03203125
6 0.43046875 0.20390625 0.0296875 0.03515625
6 0.75546875 0.2046875 0.02890625 0.03359375
6 0.95 0.215625 0.02890625 0.03515625
10 0.85234375 0.24453125 0.04921875 0.0984375
8 0.49921875 0.2484375 0.04453125 0.1265625
4 0.0375 0.26171875 0.046875 0.06328125
10 0.4953125 0.26796875 0.03203125 0.0734375
6 0.5296875 0.26953125 0.0625 0.06796875
10 0.95390625 0.27265625 0.04296875 0.08515625
10 0.31953125 0.275 0.05703125 0.11640625
10 0.27578125 0.2765625 0.05078125 0.11328125
10 0.7484375 0.27890625 0.0578125 0.1
4 0.815625 0.28046875 0.01796875 0.0453125
8 0.271875 0.28203125 0.0453125 0.25
8 0.846875 0.29140625 0.05859375 0.23984375
4 0.86953125 0.2921875 0.0125 0.03515625
4 0.76640625 0.296875 0.01875 0.046875
8 0.95234375 0.30078125 0.04921875 0.1984375
10 0.42421875 0.30859375 0.065625 0.11484375
8 0.32265625 0.31328125 0.0546875 0.28359375
8 0.74296875 0.3140625 0.0796875 0.2484375
6 0.2015625 0.3234375 0.06796875 0.08359375
2 0.528125 0.3234375 0.04453125 0.03671875
4 0.32421875 0.3375 0.03125 0.06171875
8 0.42109375 0.3375 0.07578125 0.2984375
4 0.4359375 0.37109375 0.0296875 0.0515625
10 0.54453125 0.42421875 0.09765625 0.178125
4 0.5609375 0.4875 0.0421875 0.075
10 0.1484375 0.4890625 0.14921875 0.3234375
8 0.54609375 0.49765625 0.128125 0.521875
8 0.134375 0.56640625 0.21328125 0.646875
4 0.21484375 0.6 0.08359375 0.1796875
8 0.31875 0.13984375 0.01796875 0.03984375