6 0.915625 0.28203125 0.05390625 0.0578125
6 0.753125 0.28828125 0.05390625 0.06171875
6 0.21171875 0.29296875 0.0515625 0.0484375
6 0.6609375 0.30078125 0.05234375 0.05078125
6 0.52890625 0.30234375 0.05234375 0.0484375
6 0.36875 0.31484375 0.0578125 0.04140625
6 0.8328125 0.31484375 0.05234375 0.05234375
6 0.10390625 0.3171875 0.0625 0.0484375
2 0.91796875 0.32109375 0.0390625 0.0484375
2 0.753125 0.32265625 0.03125 0.0453125
6 0.59921875 0.3234375 0.04609375 0.03203125
6 0.2984375 0.32890625 0.05390625 0.05078125
6 0.4546875 0.32890625 0.04765625 0.04296875
2 0.52265625 0.33046875 0.0328125 0.0640625
2 0.65703125 0.3359375 0.03359375 0.05625
2 0.2140625 0.3375 0.03515625 0.0671875
2 0.3734375 0.34921875 0.03359375 0.0484375
8 0.66171875 0.34921875 0.0484375 0.1765625
6 0.7015625 0.3515625 0.05625 0.0578125
2 0.82890625 0.35546875 0.03515625 0.046875
2 0.10390625 0.35859375 0.0375 0.05625
6 0.621875 0.36484375 0.04375 0.05078125
2 0.4546875 0.36953125 0.0296875 0.04140625
2 0.3046875 0.37109375 0.0390625 0.05625
6 0.4203125 0.378125 0.05390625 0.065625
2 0.41796875 0.39140625 0.03125 0.06171875
2 0.6953125 0.3921875 0.0359375 0.05234375
2 0.61875 0.41015625 0.0328125 0.06171875
5 0.66484375 0.46171875 0.02265625 0.0296875
8 0.75859375 0.53125 0.0828125 0.53671875
8 0.9171875 0.534375 0.1046875 0.5625
8 0.2078125 0.53671875 0.1109375 0.53671875
8 0.5265625 0.5375 0.08515625 0.515625
8 0.36328125 0.54296875 0.05390625 0.48984375
8 0.4578125 0.54296875 0.05234375 0.475
5 0.4328125 0.54375 0.0296875 0.0453125
8 0.82890625 0.54375 0.08515625 0.50625
8 0.2921875 0.54609375 0.08515625 0.49140625
8 0.103125 0.54765625 0.1015625 0.50625
8 0.60625 0.5625 0.0703125 0.53671875
8 0.41640625 0.56640625 0.06875 0.446875
5 0.1125 0.57421875 0.0375 0.06015625
5 0.4703125 0.58125 0.0234375 0.0375
8 0.6953125 0.58515625 0.075 0.49921875
5 0.5484375 0.58984375 0.0203125 0.03203125
5 0.27734375 0.6 0.02734375 0.05625
5 0.59140625 0.60234375 0.0203125 0.04140625
5 0.1765625 0.60390625 0.0296875 0.04140625
5 0.44609375 0.6046875 0.0203125 0.046875
5 0.70390625 0.63515625 0.02265625 0.046875
9 0.10390625 0.80390625 0.03125 0.06015625
9 0.16875 0.7984375 0.04765625 0.0484375
9 0.28671875 0.79140625 0.0375 0.06015625
9 0.328125 0.77109375 0.04609375 0.046875
9 0.3640625 0.76796875 0.03984375 0.06171875
9 0.403125 0.80703125 0.0375 0.0546875
9 0.4234375 0.78125 0.03984375 0.05234375
9 0.4671875 0.7765625 0.03359375 0.05625
9 0.43671875 0.75390625 0.03984375 0.046875
9 0.4984375 0.7671875 0.05 0.05234375
9 0.5296875 0.77578125 0.03515625 0.07109375
9 0.60390625 0.8234375 0.05234375 0.0484375
9 0.20234375 0.80078125 0.03125 0.075
9 0.234375 0.77890625 0.04375 0.046875
9 0.69140625 0.82109375 0.0359375 0.06015625
9 0.74296875 0.79296875 0.0390625 0.06171875
9 0.7703125 0.76796875 0.04609375 0.05234375
9 0.8203125 0.78046875 0.03515625 0.06015625
9 0.86640625 0.7796875 0.05 0.0546875
9 0.9171875 0.81171875 0.0359375 0.07109375
3 0.91484375 0.3171875 0.03984375 0.02421875
3 0.61796875 0.4015625 0.0359375 0.03359375
3 0.52265625 0.32578125 0.03125 0.02265625
3 0.421875 0.38828125 0.0296875 0.0203125
3 0.3734375 0.340625 0.0328125 0.0265625
3 0.10625 0.34296875 0.04140625 0.02265625