7 0.38984375 0.28828125 0.0296875 0.078125
2 0.56953125 0.28828125 0.03828125 0.07265625
2 0.3609375 0.3234375 0.04140625 0.0859375
10 0.28671875 0.39375 0.103125 0.2671875
10 0.6203125 0.425 0.09296875 0.25703125
4 0.3265625 0.5 0.03984375 0.075
8 0.6046875 0.546875 0.1296875 0.67265625
8 0.31015625 0.55078125 0.1703125 0.5921875
5 0.659375 0.58984375 0.04140625 0.09375
7 0.5625 0.21796875 0.06796875 0.046875
9 0.6125 0.859375 0.08203125 0.0828125
9 0.3046875 0.83359375 0.0765625 0.075
9 0.5765625 0.8015625 0.06328125 0.05703125