6 0.22890625 0.11484375 0.2796875 0.21796875
2 0.7390625 0.15546875 0.10390625 0.11484375
8 0.79140625 0.240625 0.38125 0.43203125
2 0.27265625 0.25390625 0.21484375 0.21796875
8 0.2296875 0.2546875 0.40234375 0.4859375
5 0.14765625 0.26171875 0.10703125 0.12265625
6 0.6984375 0.6265625 0.2578125 0.2453125
6 0.13515625 0.6359375 0.20703125 0.1703125
2 0.1859375 0.71328125 0.1078125 0.121875
2 0.72578125 0.73046875 0.16171875 0.1671875
8 0.7703125 0.73125 0.4578125 0.48515625
5 0.46015625 0.74296875 0.09765625 0.10234375
8 0.23984375 0.7578125 0.42578125 0.4578125
6 0.72421875 0.08515625 0.20703125 0.16875
5 0.46796875 0.88671875 0.078125 0.1046875
3 0.26484375 0.2265625 0.17734375 0.07578125
3 0.71171875 0.13671875 0.053125 0.03671875
3 0.18671875 0.684375 0.07265625 0.04921875