6 0.28515625 0.5359375 0.0421875 0.0328125
6 0.42265625 0.5453125 0.03828125 0.0328125
6 0.63125 0.546875 0.034375 0.0359375
6 0.70234375 0.5484375 0.03984375 0.0390625
6 0.35390625 0.55078125 0.03984375 0.0328125
7 0.49609375 0.55390625 0.0359375 0.0328125
2 0.28515625 0.571875 0.0296875 0.0390625
2 0.6328125 0.575 0.0421875 0.0453125
2 0.42421875 0.5765625 0.03203125 0.0484375
2 0.70390625 0.5796875 0.0359375 0.0421875
2 0.353125 0.5828125 0.0296875 0.0421875
6 0.56875 0.5859375 0.034375 0.0359375
2 0.4921875 0.59296875 0.03203125 0.0453125
2 0.56484375 0.6171875 0.034375 0.0453125
8 0.28203125 0.721875 0.0796875 0.4171875
8 0.3546875 0.7328125 0.065625 0.4140625
8 0.425 0.7328125 0.0703125 0.4265625
8 0.6359375 0.7375 0.0640625 0.44140625
8 0.7078125 0.74609375 0.071875 0.4234375
5 0.390625 0.74921875 0.021875 0.0453125
8 0.496875 0.74921875 0.07421875 0.39921875
8 0.5703125 0.75703125 0.06796875 0.39609375
5 0.4609375 0.75859375 0.01796875 0.0453125
5 0.525 0.759375 0.01796875 0.0421875
5 0.60078125 0.78203125 0.01796875 0.0390625
9 0.2546875 0.9171875 0.03828125 0.0421875
9 0.29921875 0.921875 0.034375 0.0421875
9 0.3390625 0.925 0.03984375 0.0390625
9 0.37265625 0.928125 0.0296875 0.0421875
9 0.41015625 0.93984375 0.02421875 0.05390625
9 0.44375 0.93125 0.034375 0.0390625
9 0.47734375 0.9328125 0.03203125 0.0453125
9 0.51171875 0.9296875 0.034375 0.0453125
9 0.55234375 0.93515625 0.03203125 0.0421875
9 0.58671875 0.94296875 0.03203125 0.05078125
9 0.6171875 0.93359375 0.03203125 0.05390625
9 0.653125 0.93984375 0.0296875 0.0484375
9 0.68671875 0.93671875 0.034375 0.05078125
9 0.7203125 0.93828125 0.028125 0.05703125