6 0.7 0.1515625 0.03671875 0.0375
6 0.97890625 0.16328125 0.040625 0.04453125
1 0.97734375 0.196875 0.03203125 0.03515625
6 0.87734375 0.26171875 0.03515625 0.046875
8 0.6921875 0.2796875 0.0578125 0.31328125
5 0.9265625 0.30078125 0.025 0.046875
8 0.9578125 0.325 0.07421875 0.36640625
5 0.9640625 0.33046875 0.02890625 0.0390625
10 0.84609375 0.35625 0.034375 0.109375
8 0.85390625 0.36796875 0.0796875 0.2734375
4 0.81171875 0.3796875 0.03203125 0.06015625
6 0.728125 0.396875 0.07578125 0.065625
4 0.8796875 0.4234375 0.01796875 0.04921875
6 0.334375 0.453125 0.05859375 0.05625
8 0.31015625 0.5015625 0.090625 0.16640625
6 0.3359375 0.528125 0.0625 0.065625
6 0.6921875 0.5328125 0.0390625 0.04453125
6 0.16796875 0.56328125 0.04921875 0.075
8 0.6796875 0.61875 0.05859375 0.23359375
8 0.73203125 0.64453125 0.13203125 0.58671875
4 0.6484375 0.6671875 0.0265625 0.04140625
8 0.115625 0.6734375 0.1875 0.36484375
4 0.15546875 0.72578125 0.0296875 0.04375
4 0.3859375 0.7390625 0.03828125 0.05546875
8 0.390625 0.75 0.18984375 0.47890625
4 0.05546875 0.77265625 0.04921875 0.04375
4 0.278125 0.778125 0.040625 0.05625
9 0.39609375 0.96796875 0.08203125 0.05625
9 0.45390625 0.89140625 0.053125 0.06328125
9 0.71640625 0.91484375 0.0734375 0.06328125
9 0.64765625 0.43671875 0.02421875 0.0421875
9 0.68984375 0.4390625 0.03203125 0.03515625
9 0.0953125 0.83203125 0.05234375 0.06796875
9 0.17109375 0.765625 0.0703125 0.03671875
9 0.90390625 0.48203125 0.0484375 0.05390625
9 0.95390625 0.490625 0.0375 0.05390625
9 0.8359375 0.52265625 0.0296875 0.0515625