8 0.646875 0.55625 0.25546875 0.8875
8 0.34140625 0.5765625 0.2390625 0.846875
10 0.328125 0.5875 0.228125 0.43359375
10 0.6515625 0.59140625 0.225 0.54140625
8 0.18359375 0.60390625 0.18359375 0.74140625
5 0.2890625 0.65390625 0.05 0.09140625
5 0.2625 0.78984375 0.09140625 0.12890625
5 0.71796875 0.84375 0.096875 0.1125
5 0.4515625 0.85625 0.096875 0.1375
6 0.609375 0.17109375 0.153125 0.125
6 0.303125 0.20625 0.128125 0.1125
7 0.14140625 0.25234375 0.178125 0.1125
2 0.58046875 0.28984375 0.0890625 0.12890625
2 0.325 0.325 0.078125 0.11640625
2 0.20546875 0.37265625 0.071875 0.14609375