8 0.6484375 0.31171875 0.23359375 0.59375
4 0.246875 0.39453125 0.075 0.1046875
6 0.2890625 0.0421875 0.09921875 0.084375
4 0.2859375 0.4234375 0.07734375 0.1109375
8 0.2234375 0.4953125 0.23125 0.9828125
4 0.86640625 0.52578125 0.071875 0.11796875
6 0.68828125 0.0578125 0.13046875 0.07890625
6 0.45234375 0.6171875 0.04609375 0.05390625
2 0.46328125 0.66796875 0.02890625 0.05390625
4 0.43203125 0.68046875 0.04140625 0.07265625
8 0.43515625 0.73671875 0.09921875 0.3
2 0.2828125 0.10546875 0.0765625 0.103125
2 0.690625 0.1515625 0.0921875 0.13515625
4 0.63203125 0.1640625 0.06640625 0.09609375
9 0.325 0.9578125 0.13359375 0.084375
9 0.103125 0.95078125 0.084375 0.09765625