6 0.59609375 0.2234375 0.0453125 0.0484375
2 0.59921875 0.2609375 0.0234375 0.04140625
8 0.59296875 0.37734375 0.0859375 0.35234375
6 0.73671875 0.38125 0.05625 0.0671875
6 0.8015625 0.3984375 0.04765625 0.0546875
5 0.8453125 0.5078125 0.03125 0.0578125
6 0.41953125 0.54765625 0.0640625 0.075
8 0.79921875 0.5546875 0.07890625 0.3546875
8 0.7296875 0.565625 0.0640625 0.43359375
5 0.62109375 0.57890625 0.03515625 0.0734375
6 0.2375 0.625 0.07265625 0.09375
6 0.6515625 0.62578125 0.0578125 0.0953125
6 0.49375 0.63046875 0.0671875 0.08984375
6 0.8390625 0.659375 0.07265625 0.08828125
8 0.84609375 0.71484375 0.08515625 0.1875
8 0.4109375 0.72578125 0.07734375 0.46875
6 0.81953125 0.75859375 0.0765625 0.1109375
8 0.6390625 0.76328125 0.11875 0.409375
8 0.63828125 0.7703125 0.11875 0.40703125
8 0.23125 0.78046875 0.13984375 0.4125
8 0.49921875 0.7859375 0.11875 0.409375
8 0.79453125 0.85546875 0.1609375 0.2890625
6 0.125 0.87734375 0.08984375 0.1140625
8 0.1234375 0.90625 0.12265625 0.1875
6 0.359375 0.9390625 0.0890625 0.121875
6 0.62421875 0.98359375 0.0890625 0.0328125