6 0.809375 0.2515625 0.03828125 0.04609375
6 0.7578125 0.27421875 0.0359375 0.06328125
6 0.52421875 0.28203125 0.03671875 0.05859375
4 0.690625 0.3 0.01796875 0.06328125
10 0.74453125 0.41953125 0.10546875 0.1890625
10 0.83203125 0.4296875 0.065625 0.2109375
10 0.578125 0.4375 0.03046875 0.2203125
10 0.5171875 0.44140625 0.08046875 0.23515625
4 0.84921875 0.471875 0.01953125 0.05859375
4 0.56953125 0.50703125 0.02421875 0.06484375
4 0.47265625 0.5171875 0.02265625 0.06015625
8 0.83515625 0.5234375 0.05546875 0.590625
8 0.75 0.528125 0.0765625 0.5796875
8 0.50390625 0.53515625 0.1 0.56796875
4 0.85859375 0.54296875 0.02734375 0.04453125
8 0.57265625 0.546875 0.05234375 0.46484375
3 0.80078125 0.28515625 0.02578125 0.0234375
9 0.8296875 0.79453125 0.0515625 0.04765625
9 0.75078125 0.80546875 0.03671875 0.05390625
9 0.47734375 0.78359375 0.0421875 0.07109375