7 0.22734375 0.3609375 0.05078125 0.0515625
6 0.53671875 0.375 0.0421875 0.06953125
7 0.70234375 0.384375 0.0328125 0.05546875
6 0.4265625 0.38515625 0.04453125 0.08125
7 0.6125 0.4 0.03671875 0.05703125
7 0.81640625 0.41484375 0.0578125 0.075
7 0.346875 0.4171875 0.0328125 0.04453125
2 0.228125 0.425 0.04296875 0.08984375
2 0.5328125 0.425 0.0390625 0.075
2 0.4265625 0.4390625 0.040625 0.0640625
2 0.69921875 0.4390625 0.05 0.0609375
2 0.61171875 0.43984375 0.03359375 0.0515625
2 0.3453125 0.46171875 0.034375 0.0609375
2 0.8140625 0.4625 0.0421875 0.059375
8 0.6 0.4671875 0.05078125 0.15078125
2 0.63359375 0.52265625 0.0359375 0.05703125
8 0.2 0.653125 0.14921875 0.60625
8 0.5171875 0.65703125 0.10234375 0.6171875
5 0.48671875 0.659375 0.03984375 0.0703125
5 0.74765625 0.66171875 0.02265625 0.071875
8 0.41640625 0.6625 0.09375 0.5875
5 0.16640625 0.66640625 0.0296875 0.0734375
5 0.37890625 0.671875 0.0328125 0.059375
5 0.253125 0.675 0.03046875 0.05859375
5 0.45 0.67578125 0.02421875 0.07578125
5 0.296875 0.67734375 0.02734375 0.05703125
8 0.3296875 0.6796875 0.08046875 0.53984375
5 0.56640625 0.690625 0.02734375 0.06796875
8 0.71484375 0.69296875 0.08984375 0.58203125
8 0.8265625 0.69296875 0.1046875 0.56171875
8 0.63515625 0.725 0.08125 0.50625
5 0.66171875 0.728125 0.02578125 0.0640625
5 0.84453125 0.72890625 0.02265625 0.0625
5 0.6 0.7328125 0.0265625 0.0625
9 0.303125 0.92421875 0.03671875 0.071875
9 0.3359375 0.9203125 0.03203125 0.059375
9 0.359375 0.934375 0.03203125 0.04609375
9 0.42109375 0.940625 0.03203125 0.040625
9 0.45390625 0.94609375 0.040625 0.04609375
9 0.6234375 0.94765625 0.02890625 0.05859375
9 0.6546875 0.95234375 0.02890625 0.05390625
9 0.68671875 0.9375 0.04609375 0.0515625
9 0.73828125 0.9453125 0.03125 0.059375
9 0.24140625 0.9375 0.04453125 0.0640625
9 0.14453125 0.9375 0.03984375 0.0515625
9 0.81171875 0.94765625 0.02734375 0.05546875
9 0.859375 0.95625 0.0359375 0.05390625
9 0.52265625 0.94375 0.03671875 0.0515625
9 0.57265625 0.9390625 0.03515625 0.0515625