8 0.25546875 0.346875 0.1421875 0.375
4 0.75703125 0.35 0.046875 0.06875
4 0.3359375 0.396875 0.03984375 0.05
8 0.83984375 0.4171875 0.1359375 0.521875
7 0.521875 0.4734375 0.053125 0.109375
8 0.6046875 0.671875 0.12421875 0.40625
6 0.26640625 0.1390625 0.053125 0.059375
6 0.196875 0.19375 0.046875 0.06875
6 0.85546875 0.221875 0.07578125 0.075
1 0.22109375 0.2296875 0.0421875 0.059375
9 0.76640625 0.6875 0.0796875 0.06875
9 0.603125 0.875 0.0890625 0.0625
9 0.5890625 0.7828125 0.06875 0.05625
9 0.28359375 0.55 0.0625 0.084375