6 0.4671875 0.67109375 0.0203125 0.021875
6 0.46171875 0.54140625 0.021875 0.03046875
6 0.38984375 0.725 0.0109375 0.02578125
6 0.3765625 0.59140625 0.01953125 0.021875
6 0.371875 0.50703125 0.01796875 0.0296875
6 0.32890625 0.48828125 0.0171875 0.02109375
6 0.2296875 0.6265625 0.01640625 0.03359375
6 0.603125 0.09453125 0.0140625 0.0234375
6 0.49296875 0.1 0.01328125 0.02578125
6 0.67734375 0.13984375 0.01640625 0.015625
6 0.678125 0.2 0.01796875 0.0234375
6 0.803125 0.27421875 0.0203125 0.015625
6 0.86171875 0.275 0.0171875 0.01328125
6 0.984375 0.3953125 0.02265625 0.0171875
6 0.84765625 0.3328125 0.02109375 0.01953125
6 0.746875 0.3734375 0.021875 0.01875
6 0.778125 0.559375 0.021875 0.025
6 0.7328125 0.23671875 0.0140625 0.025
6 0.621875 0.346875 0.02265625 0.0234375
6 0.80703125 0.44921875 0.021875 0.02109375
6 0.88671875 0.359375 0.02265625 0.02578125
8 0.47265625 0.7484375 0.046875 0.19921875
8 0.44765625 0.58359375 0.065625 0.1109375
8 0.35390625 0.5484375 0.0578125 0.10703125
8 0.31796875 0.515625 0.0453125 0.10703125
8 0.259375 0.63203125 0.075 0.05078125
8 0.3703125 0.61484375 0.04921875 0.07421875
8 0.4140625 0.81171875 0.0421875 0.0421875
8 0.36640625 0.75234375 0.0578125 0.09140625
6 0.40625 0.81875 0.015625 0.025
8 0.56484375 0.4203125 0.04609375 0.15625
8 0.62890625 0.42421875 0.02578125 0.17890625
8 0.7484375 0.44921875 0.034375 0.1703125
8 0.81015625 0.52265625 0.03828125 0.17578125
8 0.77109375 0.63828125 0.05234375 0.1796875
8 0.9828125 0.471875 0.034375 0.171875
8 0.87890625 0.43203125 0.0421875 0.17109375
8 0.85234375 0.3703125 0.03046875 0.09140625
8 0.86484375 0.3078125 0.0265625 0.09375
8 0.8015625 0.34453125 0.02890625 0.1578125
8 0.74140625 0.26875 0.03671875 0.08828125
8 0.771875 0.29765625 0.034375 0.07109375
6 0.76171875 0.2828125 0.01328125 0.02578125
8 0.6875 0.2578125 0.03984375 0.134375
8 0.675 0.2078125 0.03203125 0.14296875
8 0.61328125 0.12890625 0.03359375 0.0875
8 0.49140625 0.115625 0.0265625 0.06640625
9 0.6203125 0.50703125 0.02421875 0.03203125
9 0.47421875 0.834375 0.02734375 0.05078125
9 0.56328125 0.49375 0.0203125 0.046875
9 0.75078125 0.521875 0.02109375 0.04453125