6 0.575 0.234375 0.15 0.17734375
2 0.575 0.37734375 0.0953125 0.15
2 0.42578125 0.378125 0.09375 0.1796875
8 0.2015625 0.49765625 0.37265625 0.990625
8 0.41953125 0.55 0.1609375 0.88671875
8 0.55859375 0.57578125 0.1890625 0.84296875
6 0.275 0.065625 0.31640625 0.12734375
10 0.17421875 0.6609375 0.3453125 0.678125
10 0.54296875 0.71328125 0.18671875 0.56796875
5 0.6296875 0.89296875 0.12578125 0.190625
2 0.30234375 0.21171875 0.1625 0.2453125
6 0.425 0.215625 0.14375 0.1546875
3 0.42578125 0.321875 0.1125 0.0796875
3 0.56953125 0.3328125 0.1046875 0.06796875
3 0.3234375 0.146875 0.11328125 0.09296875