6 0.5890625 0.4078125 0.03671875 0.06328125
6 0.48203125 0.4484375 0.0421875 0.06640625
6 0.32890625 0.52109375 0.0390625 0.06171875
8 0.63125 0.534375 0.1109375 0.31640625
8 0.48046875 0.61875 0.14140625 0.4
8 0.36875 0.72421875 0.13984375 0.46328125
10 0.34609375 0.6640625 0.0765625 0.19296875
10 0.50078125 0.60078125 0.071875 0.1828125
10 0.63359375 0.49921875 0.08046875 0.15703125
9 0.52421875 0.78046875 0.02734375 0.10390625
9 0.38515625 0.903125 0.0375 0.09375
9 0.53984375 0.75859375 0.0265625 0.08359375