6 0.19296875 0.28203125 0.16484375 0.18203125
2 0.421875 0.29453125 0.10546875 0.12421875
2 0.1765625 0.38359375 0.12421875 0.165625
8 0.4921875 0.4265625 0.29609375 0.6546875
8 0.79453125 0.45859375 0.25 0.77890625
8 0.16484375 0.4875 0.25234375 0.59375
10 0.821875 0.60625 0.20390625 0.478125
10 0.1625 0.61875 0.23359375 0.41953125
5 0.178125 0.678125 0.14921875 0.12421875
5 0.78359375 0.76484375 0.07578125 0.1046875
6 0.76171875 0.1421875 0.215625 0.1578125
6 0.43671875 0.18125 0.21796875 0.1796875
2 0.740625 0.275 0.11015625 0.1515625