5 0.11875 0.34140625 0.02421875 0.05
6 0.30234375 0.3703125 0.04921875 0.08671875
8 0.1 0.41484375 0.1109375 0.44296875
2 0.3125 0.41640625 0.0375 0.06640625
8 0.80859375 0.46015625 0.1109375 0.446875
8 0.6625 0.48203125 0.115625 0.5234375
8 0.35859375 0.54140625 0.1578125 0.4296875
4 0.30546875 0.61171875 0.03359375 0.08359375
4 0.33125 0.6265625 0.03984375 0.09296875
6 0.12109375 0.23828125 0.0640625 0.0765625
6 0.6625 0.26328125 0.0578125 0.0796875
6 0.803125 0.2765625 0.0640625 0.06640625
2 0.1203125 0.28984375 0.03984375 0.06015625
2 0.79296875 0.31171875 0.03984375 0.06328125
2 0.6625 0.31484375 0.04453125 0.05