6 0.84296875 0.33125 0.046875 0.0453125
6 0.14609375 0.36171875 0.0421875 0.04375
2 0.84296875 0.3796875 0.05 0.05703125
6 0.2453125 0.3859375 0.040625 0.0421875
6 0.4125 0.3921875 0.0390625 0.04375
6 0.7515625 0.396875 0.04296875 0.04375
6 0.5625 0.403125 0.04296875 0.03984375
6 0.65546875 0.40546875 0.0453125 0.03828125
6 0.31953125 0.40703125 0.03828125 0.03515625
2 0.14375 0.409375 0.0296875 0.06015625
2 0.240625 0.42578125 0.034375 0.05
6 0.47578125 0.43125 0.0421875 0.0453125
2 0.40859375 0.434375 0.034375 0.0515625
2 0.7546875 0.43984375 0.03984375 0.05703125
2 0.55703125 0.440625 0.04375 0.046875
2 0.6546875 0.4484375 0.0359375 0.05390625
2 0.31875 0.45078125 0.03828125 0.04375
2 0.478125 0.4640625 0.0296875 0.05
10 0.8546875 0.50859375 0.1 0.203125
10 0.1359375 0.521875 0.084375 0.21484375
10 0.403125 0.540625 0.09765625 0.159375
10 0.23515625 0.54765625 0.09296875 0.2046875
10 0.56484375 0.55703125 0.0890625 0.17109375
10 0.7609375 0.56328125 0.0921875 0.21796875
10 0.31171875 0.5671875 0.078125 0.19453125
10 0.6546875 0.5875 0.090625 0.203125
10 0.4796875 0.6 0.0625 0.2140625
8 0.85078125 0.61171875 0.10625 0.61171875
8 0.13046875 0.62578125 0.0984375 0.57265625
5 0.72890625 0.6359375 0.03828125 0.05390625
8 0.4015625 0.6390625 0.084375 0.52890625
5 0.3421875 0.640625 0.040625 0.0484375
8 0.23125 0.640625 0.09765625 0.55234375
8 0.56328125 0.6453125 0.090625 0.52578125
8 0.7515625 0.64765625 0.1078125 0.5546875
5 0.64140625 0.6484375 0.0296875 0.03828125
8 0.3140625 0.64921875 0.0796875 0.5171875
8 0.66015625 0.65 0.0859375 0.52421875
5 0.5015625 0.65390625 0.03515625 0.06328125
8 0.4796875 0.65703125 0.0671875 0.50078125
3 0.4109375 0.4203125 0.03515625 0.0203125
3 0.5609375 0.4328125 0.0296875 0.025
0 0.884375 0.87265625 0.03984375 0.1109375
0 0.83125 0.86484375 0.06875 0.10078125
0 0.57890625 0.85625 0.0484375 0.10859375
0 0.55 0.85625 0.04609375 0.09375
9 0.4859375 0.88125 0.059375 0.05546875
9 0.66484375 0.890625 0.05390625 0.05703125
0 0.390625 0.8640625 0.0375 0.090625
0 0.43046875 0.85 0.06328125 0.08359375
9 0.34296875 0.86640625 0.06328125 0.065625
9 0.31171875 0.8765625 0.05078125 0.07734375
9 0.271875 0.8625 0.053125 0.0671875
9 0.2140625 0.88125 0.03515625 0.0703125
9 0.16796875 0.878125 0.06640625 0.046875
9 0.1109375 0.88515625 0.046875 0.065625
9 0.775 0.9 0.04375 0.0484375
9 0.7328125 0.88671875 0.06875 0.05703125