6 0.6640625 0.275 0.16640625 0.1953125
6 0.39921875 0.3078125 0.16640625 0.23125
2 0.675 0.4046875 0.09296875 0.11875
2 0.3890625 0.42265625 0.096875 0.1421875
8 0.74453125 0.58828125 0.30078125 0.8234375
8 0.35546875 0.5984375 0.1953125 0.80234375
10 0.734375 0.67734375 0.25234375 0.48984375
10 0.32265625 0.734375 0.1859375 0.53125
5 0.659375 0.76171875 0.08046875 0.1140625
5 0.44296875 0.86015625 0.07265625 0.09765625
3 0.65390625 0.3796875 0.07734375 0.04140625
3 0.4203125 0.40546875 0.04765625 0.05234375