2 0.12578125 0.353125 0.17578125 0.44609375
8 0.92109375 0.3703125 0.153125 0.228125
8 0.5265625 0.45078125 0.121875 0.725
8 0.65625 0.46640625 0.20546875 0.509375
8 0.09765625 0.496875 0.190625 0.98125
8 0.33125 0.503125 0.33984375 0.96796875
7 0.11015625 0.07578125 0.2203125 0.1453125
7 0.4140625 0.08359375 0.2703125 0.16171875
7 0.70625 0.1234375 0.13828125 0.08203125
7 0.703125 0.19140625 0.1109375 0.05390625
8 0.65859375 0.20390625 0.18046875 0.33203125
7 0.96640625 0.221875 0.0546875 0.06953125
2 0.6890625 0.28984375 0.08984375 0.1046875
2 0.42578125 0.28984375 0.209375 0.32578125
2 0.9703125 0.31328125 0.05859375 0.1078125
5 0.35546875 0.91328125 0.15703125 0.1421875