6 0.45546875 0.51328125 0.07890625 0.06953125
5 0.4125 0.54609375 0.03984375 0.0671875
6 0.61015625 0.546875 0.06015625 0.06171875
2 0.4546875 0.55546875 0.04765625 0.065625
6 0.1703125 0.55859375 0.0578125 0.06015625
2 0.61328125 0.59296875 0.05859375 0.06953125
2 0.15703125 0.60078125 0.04375 0.0671875
8 0.4640625 0.7078125 0.125 0.4609375
8 0.6109375 0.72890625 0.10625 0.42890625
8 0.1609375 0.7390625 0.10859375 0.41484375
5 0.10703125 0.8375 0.0359375 0.04765625
5 0.5421875 0.85078125 0.0390625 0.07109375
5 0.6625 0.890625 0.03515625 0.06171875