2 0.2890625 0.32578125 0.0703125 0.128125
2 0.61640625 0.34921875 0.07890625 0.18046875
8 0.52421875 0.54921875 0.28203125 0.8375
8 0.26796875 0.56953125 0.19453125 0.84921875
10 0.26015625 0.5796875 0.17109375 0.4390625
10 0.5046875 0.65078125 0.1921875 0.58125
5 0.73984375 0.70078125 0.0953125 0.14453125
5 0.1359375 0.76796875 0.065625 0.09921875
5 0.3453125 0.90546875 0.05078125 0.1484375
6 0.60078125 0.21171875 0.13203125 0.153125
6 0.27578125 0.221875 0.115625 0.14609375
3 0.29140625 0.30078125 0.0546875 0.05625