6 0.28984375 0.35859375 0.10390625 0.14140625
6 0.45703125 0.421875 0.12578125 0.1828125
2 0.30703125 0.4546875 0.0859375 0.1234375
2 0.47109375 0.51953125 0.1140625 0.1625
8 0.32265625 0.56484375 0.18203125 0.60078125
8 0.54296875 0.6609375 0.30234375 0.6484375
6 0.5828125 0.06875 0.10234375 0.13203125
4 0.23671875 0.7265625 0.065625 0.13828125
4 0.33125 0.9234375 0.09765625 0.10546875
2 0.59296875 0.14296875 0.065625 0.09921875
8 0.63671875 0.24296875 0.15 0.47421875
3 0.4421875 0.5078125 0.04609375 0.06328125