6 0.85546875 0.1359375 0.1796875 0.15703125
6 0.47109375 0.1515625 0.11796875 0.09609375
6 0.1453125 0.1984375 0.171875 0.14609375
2 0.4609375 0.246875 0.07734375 0.115625
6 0.7125 0.26328125 0.08203125 0.09609375
6 0.23515625 0.26328125 0.078125 0.08828125
2 0.81953125 0.26875 0.11171875 0.1578125
2 0.165625 0.31328125 0.0765625 0.1734375
2 0.703125 0.3421875 0.06484375 0.0875
2 0.2421875 0.35234375 0.06015625 0.08984375
8 0.8453125 0.528125 0.3078125 0.94140625
8 0.47265625 0.54921875 0.2515625 0.9015625
8 0.11875 0.5578125 0.2375 0.87421875
8 0.67890625 0.596875 0.159375 0.771875
5 0.74375 0.60703125 0.1140625 0.15546875
8 0.25078125 0.609375 0.175 0.76328125
5 0.3296875 0.73046875 0.1015625 0.11796875
5 0.48359375 0.7625 0.11796875 0.11484375
5 0.24765625 0.84140625 0.090625 0.13046875