6 0.1828125 0.30703125 0.13828125 0.11171875
2 0.590625 0.33203125 0.078125 0.08828125
6 0.71015625 0.365625 0.11171875 0.14375
6 0.428125 0.384375 0.13203125 0.16015625
2 0.21796875 0.390625 0.06796875 0.08828125
5 0.6046875 0.5078125 0.065625 0.071875
8 0.5921875 0.590625 0.15625 0.74375
8 0.1921875 0.6203125 0.2 0.74375
10 0.18828125 0.64296875 0.18203125 0.40234375
8 0.4203125 0.6453125 0.25234375 0.68828125
8 0.71328125 0.646875 0.21796875 0.69609375
10 0.70703125 0.67890625 0.21796875 0.36015625
10 0.43125 0.7375 0.221875 0.4453125
6 0.60234375 0.25703125 0.0921875 0.08828125