6 0.746875 0.3265625 0.1765625 0.1546875
6 0.15546875 0.4109375 0.08203125 0.0859375
2 0.71484375 0.4328125 0.09921875 0.15859375
6 0.34453125 0.453125 0.08515625 0.07734375
5 0.6515625 0.48984375 0.06796875 0.1015625
2 0.32421875 0.49609375 0.053125 0.07578125
5 0.22578125 0.51171875 0.040625 0.046875
5 0.30078125 0.55390625 0.0375 0.0859375
8 0.7765625 0.62265625 0.36015625 0.75
10 0.1390625 0.65625 0.13359375 0.321875
8 0.13515625 0.6828125 0.1375 0.628125
10 0.3359375 0.6875 0.1140625 0.321875
8 0.33203125 0.70703125 0.12578125 0.58359375
10 0.8 0.74375 0.28671875 0.5125
5 0.1875 0.87109375 0.04375 0.0890625