10 0.63671875 0.3234375 0.18125 0.28359375
5 0.63984375 0.3671875 0.0453125 0.0609375
4 0.40546875 0.4484375 0.06484375 0.16171875
8 0.4484375 0.45234375 0.2 0.84296875
4 0.53671875 0.453125 0.0546875 0.1375
8 0.6375 0.47421875 0.18046875 0.81015625
6 0.43125 0.09140625 0.0734375 0.1140625
6 0.60546875 0.103125 0.08046875 0.090625
2 0.434375 0.16484375 0.05546875 0.08203125
2 0.6 0.184375 0.06484375 0.08828125
10 0.4515625 0.28125 0.1828125 0.296875
3 0.5953125 0.17890625 0.04296875 0.03515625
3 0.4390625 0.1421875 0.0484375 0.02890625
9 0.45234375 0.8359375 0.05546875 0.065625
9 0.37890625 0.8265625 0.053125 0.08515625
9 0.596875 0.81796875 0.040625 0.08671875
9 0.64609375 0.84296875 0.0453125 0.07890625