6 0.93515625 0.19296875 0.08359375 0.0796875
2 0.49765625 0.2234375 0.05703125 0.0734375
2 0.9296875 0.2515625 0.04375 0.0734375
6 0.7234375 0.26484375 0.0546875 0.05
6 0.06171875 0.26953125 0.08125 0.06484375
2 0.0765625 0.31640625 0.0453125 0.05703125
4 0.70546875 0.32578125 0.0375 0.0484375
4 0.8453125 0.346875 0.05546875 0.05
5 0.67265625 0.3609375 0.04453125 0.0484375
10 0.4640625 0.4015625 0.128125 0.31484375
10 0.959375 0.415625 0.08125 0.2625
5 0.5921875 0.453125 0.05234375 0.06328125
10 0.0421875 0.471875 0.08046875 0.253125
10 0.73671875 0.4734375 0.096875 0.2265625
8 0.9390625 0.5125 0.12109375 0.70859375
8 0.478125 0.51953125 0.1765625 0.878125
8 0.06171875 0.5625 0.12109375 0.6484375
8 0.734375 0.56953125 0.10546875 0.6515625
6 0.49765625 0.14140625 0.10546875 0.11640625
9 0.39765625 0.95703125 0.0703125 0.0859375
9 0.52265625 0.9375 0.07421875 0.08359375
9 0.73828125 0.8671875 0.07890625 0.05859375
9 0.85390625 0.85703125 0.07109375 0.06796875