6 0.7140625 0.446875 0.0546875 0.053125
6 0.2390625 0.45859375 0.05859375 0.040625
6 0.1921875 0.4875 0.03515625 0.0375
6 0.5015625 0.48984375 0.06015625 0.0578125
6 0.38203125 0.49375 0.053125 0.0703125
2 0.71328125 0.50234375 0.046875 0.0578125
6 0.32890625 0.51015625 0.05859375 0.04765625
2 0.2453125 0.52265625 0.05703125 0.08828125
2 0.5203125 0.5265625 0.06328125 0.0703125
2 0.3890625 0.5453125 0.04140625 0.0578125
2 0.34453125 0.56640625 0.0484375 0.08046875
5 0.43984375 0.634375 0.04296875 0.0703125
10 0.71953125 0.65078125 0.0984375 0.209375
8 0.15390625 0.7 0.06171875 0.4984375
8 0.71484375 0.709375 0.1265625 0.5765625
8 0.23671875 0.7203125 0.08671875 0.559375
8 0.2390625 0.72265625 0.078125 0.55390625
8 0.53359375 0.72890625 0.1265625 0.5265625
8 0.4140625 0.73515625 0.10859375 0.52890625
8 0.32734375 0.74296875 0.078125 0.5140625
5 0.37734375 0.7484375 0.021875 0.06015625
5 0.77734375 0.7875 0.021875 0.04296875
5 0.5828125 0.796875 0.021875 0.053125
5 0.66171875 0.8046875 0.03671875 0.0578125
5 0.48203125 0.84375 0.03359375 0.06015625
5 0.2140625 0.89453125 0.0453125 0.09609375