6 0.59375 0.3453125 0.04140625 0.03984375
6 0.1546875 0.3640625 0.0421875 0.04140625
6 0.4625 0.36640625 0.0421875 0.0265625
2 0.59296875 0.390625 0.03359375 0.0515625
2 0.1578125 0.40703125 0.0359375 0.046875
2 0.46484375 0.40859375 0.0390625 0.06015625
5 0.5046875 0.50234375 0.034375 0.03828125
5 0.23203125 0.515625 0.03125 0.03828125
5 0.10078125 0.51640625 0.0265625 0.03984375
8 0.1625 0.52734375 0.13359375 0.36171875
8 0.596875 0.57109375 0.07890625 0.48515625
8 0.4625 0.5796875 0.0734375 0.46328125
4 0.54140625 0.6 0.02890625 0.05
9 0.4265625 0.7859375 0.0375 0.06484375
9 0.48046875 0.79453125 0.05 0.0453125
9 0.5375 0.784375 0.034375 0.06484375
9 0.62421875 0.80390625 0.0609375 0.0546875