6 0.92265625 0.4859375 0.1109375 0.12578125
6 0.72734375 0.1671875 0.01171875 0.0125
8 0.72109375 0.184375 0.0421875 0.046875
6 0.38671875 0.60625 0.16640625 0.196875
6 0.21875 0.6046875 0.15 0.15390625
6 0.10546875 0.4828125 0.12734375 0.12265625
6 0.28671875 0.4265625 0.08515625 0.09140625
6 0.34765625 0.46796875 0.09375 0.11953125
6 0.015625 0.1421875 0.01328125 0.01015625
8 0.015625 0.1734375 0.0203125 0.07421875
8 0.90625 0.6796875 0.175 0.640625
8 0.40546875 0.7546875 0.28203125 0.48984375
8 0.09296875 0.715625 0.15 0.56796875
8 0.21953125 0.7640625 0.15234375 0.471875
10 0.90859375 0.68359375 0.16640625 0.30234375
10 0.3796875 0.8640625 0.19921875 0.26953125
10 0.1 0.7375 0.11015625 0.303125
10 0.2078125 0.85234375 0.14765625 0.29453125