6 0.33359375 0.2984375 0.1203125 0.09453125
6 0.26328125 0.35078125 0.05546875 0.06796875
6 0.4578125 0.35234375 0.084375 0.07109375
6 0.55078125 0.37578125 0.0625 0.053125
6 0.1953125 0.37578125 0.0625 0.053125
7 0.16796875 0.390625 0.02421875 0.0234375
6 0.06640625 0.3953125 0.07109375 0.05625
7 0.5953125 0.39609375 0.04453125 0.0296875
2 0.36328125 0.40390625 0.078125 0.109375
2 0.471875 0.4140625 0.06015625 0.07109375
6 0.68671875 0.4140625 0.04921875 0.059375
2 0.59765625 0.42578125 0.0359375 0.053125
2 0.19453125 0.43046875 0.05078125 0.05625
2 0.56015625 0.43359375 0.04921875 0.06796875
2 0.078125 0.44375 0.0359375 0.053125
2 0.7 0.45390625 0.04453125 0.05625
5 0.146875 0.4703125 0.0265625 0.04765625
8 0.1609375 0.5015625 0.0421875 0.2515625
5 0.81875 0.51640625 0.05078125 0.05625
8 0.1921875 0.5875 0.06875 0.4703125
8 0.5875 0.60390625 0.0640625 0.45
8 0.6875 0.60625 0.0953125 0.45
8 0.0546875 0.6171875 0.09140625 0.446875
8 0.33671875 0.62421875 0.1625 0.7515625
5 0.028125 0.62890625 0.03359375 0.05
8 0.5421875 0.65078125 0.09765625 0.59765625
8 0.44921875 0.6578125 0.1109375 0.684375
8 0.23359375 0.665625 0.084375 0.66875
5 0.2203125 0.728125 0.03984375 0.06484375
9 0.5203125 0.93203125 0.06640625 0.0828125
9 0.54453125 0.884375 0.078125 0.05
9 0.64765625 0.78984375 0.0421875 0.059375
9 0.69453125 0.8125 0.0375 0.059375
9 0.58671875 0.8046875 0.05078125 0.053125