2 0.20078125 0.328125 0.1015625 0.0921875
10 0.7984375 0.46640625 0.22421875 0.265625
10 0.47578125 0.48203125 0.2109375 0.2265625
10 0.178125 0.496875 0.234375 0.2203125
8 0.803125 0.56015625 0.2875 0.840625
8 0.46875 0.5859375 0.271875 0.79140625
8 0.18515625 0.61484375 0.29140625 0.75703125
5 0.65234375 0.6734375 0.040625 0.065625
5 0.36796875 0.68125 0.06484375 0.075
5 0.93515625 0.69140625 0.0625 0.065625
5 0.0984375 0.69609375 0.0734375 0.065625
6 0.7828125 0.18046875 0.17578125 0.0921875
6 0.49453125 0.23046875 0.1453125 0.08359375
2 0.77734375 0.25546875 0.12109375 0.0890625
6 0.19140625 0.26484375 0.14765625 0.0484375
2 0.47890625 0.3046875 0.090625 0.0796875
3 0.1921875 0.309375 0.10625 0.03046875