6 0.478125 0.246875 0.0609375 0.0640625
6 0.3140625 0.25078125 0.071875 0.07578125
6 0.140625 0.25234375 0.0609375 0.06640625
6 0.77109375 0.25859375 0.046875 0.06015625
6 0.621875 0.26015625 0.0625 0.06875
2 0.47890625 0.30078125 0.04765625 0.05859375
2 0.325 0.3015625 0.0421875 0.0546875
2 0.775 0.3078125 0.034375 0.0734375
2 0.140625 0.30859375 0.05390625 0.05859375
2 0.61484375 0.3125 0.0421875 0.0625
10 0.3015625 0.415625 0.11015625 0.2265625
10 0.4765625 0.42421875 0.09921875 0.23125
10 0.61796875 0.4421875 0.10234375 0.22421875
10 0.13359375 0.44375 0.1140625 0.25
10 0.7796875 0.45390625 0.1 0.234375
8 0.3046875 0.52265625 0.1625 0.6453125
8 0.6265625 0.53125 0.15234375 0.615625
8 0.7796875 0.53515625 0.146875 0.6078125
8 0.478125 0.5359375 0.153125 0.63671875
8 0.1296875 0.5375 0.1609375 0.634375
5 0.06875 0.56484375 0.03125 0.04765625
5 0.5421875 0.56796875 0.021875 0.0640625
5 0.56640625 0.5703125 0.025 0.065625
5 0.68984375 0.571875 0.0203125 0.05859375
5 0.72109375 0.57578125 0.021875 0.0359375
5 0.196875 0.578125 0.03046875 0.05078125
5 0.3546875 0.58046875 0.0375 0.0546875
9 0.80078125 0.778125 0.0375 0.0890625
9 0.7640625 0.8140625 0.0421875 0.078125
9 0.6375 0.81953125 0.04453125 0.053125
9 0.59609375 0.81171875 0.0390625 0.05078125
9 0.4984375 0.828125 0.04296875 0.053125
9 0.44453125 0.78671875 0.05546875 0.1046875
9 0.328125 0.83359375 0.059375 0.06796875
9 0.28671875 0.83671875 0.03359375 0.05078125
9 0.153125 0.8375 0.04609375 0.05
9 0.1015625 0.815625 0.0453125 0.08671875
3 0.1421875 0.2921875 0.03515625 0.034375