6 0.35546875 0.24609375 0.09609375 0.1390625
6 0.571875 0.25390625 0.0859375 0.11796875
2 0.2578125 0.25703125 0.1 0.12734375
6 0.4265625 0.26640625 0.0578125 0.08984375
6 0.7359375 0.28203125 0.1328125 0.1484375
2 0.57578125 0.3421875 0.05859375 0.084375
2 0.3421875 0.34453125 0.06484375 0.103125
2 0.4109375 0.35234375 0.0578125 0.08984375
2 0.740625 0.3875 0.09609375 0.11796875
8 0.4328125 0.4359375 0.0828125 0.4375
8 0.57265625 0.44296875 0.19765625 0.4875
8 0.028125 0.47109375 0.0484375 0.93828125
8 0.1984375 0.51953125 0.2359375 0.9609375
8 0.33125 0.575 0.16015625 0.80703125
8 0.81796875 0.590625 0.24609375 0.7953125
5 0.41953125 0.6578125 0.03359375 0.065625
5 0.61171875 0.67578125 0.04375 0.06015625
5 0.30078125 0.68515625 0.0484375 0.075
5 0.6921875 0.70859375 0.04765625 0.0734375
5 0.3203125 0.83203125 0.0921875 0.10703125
5 0.7546875 0.83671875 0.0578125 0.1046875
2 0.0328125 0.09453125 0.065625 0.1859375
6 0.26328125 0.13671875 0.13125 0.1953125