4 0.54765625 0.29140625 0.0734375 0.08203125
2 0.2953125 0.340625 0.0515625 0.07890625
8 0.8 0.525 0.2609375 0.94453125
8 0.27109375 0.55390625 0.25 0.71796875
6 0.5984375 0.5609375 0.025 0.03984375
6 0.51640625 0.565625 0.025 0.02890625
8 0.60546875 0.63828125 0.04609375 0.20546875
8 0.50625 0.64765625 0.0484375 0.19765625
4 0.16484375 0.68359375 0.0484375 0.07890625
4 0.9296875 0.73515625 0.08359375 0.12421875
6 0.71796875 0.1375 0.1359375 0.16875
2 0.7171875 0.24296875 0.06640625 0.10546875
6 0.2953125 0.26015625 0.0734375 0.0921875