6 0.29140625 0.19921875 0.059375 0.0578125
6 0.41015625 0.23359375 0.05078125 0.059375
6 0.98125 0.24609375 0.0375 0.0515625
6 0.5015625 0.25390625 0.0609375 0.0421875
8 0.403125 0.26640625 0.0625 0.12421875
6 0.74921875 0.27578125 0.04140625 0.03984375
2 0.50234375 0.30625 0.05 0.0515625
8 0.33125 0.3078125 0.13125 0.271875
6 0.91484375 0.31875 0.06796875 0.0515625
10 0.353125 0.325 0.10703125 0.1140625
6 0.4296875 0.33515625 0.0484375 0.06171875
4 0.60078125 0.37421875 0.065625 0.0578125
8 0.98125 0.38359375 0.03671875 0.3546875
8 0.76484375 0.39921875 0.0953125 0.30546875
8 0.5125 0.40390625 0.10390625 0.34609375
10 0.5046875 0.40546875 0.08671875 0.1421875
10 0.97265625 0.425 0.04765625 0.1421875
10 0.771875 0.4421875 0.09375 0.15078125
10 0.4296875 0.49296875 0.0875 0.16015625
4 0.28828125 0.54375 0.0546875 0.04375
8 0.42109375 0.5875 0.0875 0.5671875
8 0.92578125 0.5953125 0.12421875 0.60078125