6 0.15546875 0.1375 0.15390625 0.18515625
6 0.4609375 0.1390625 0.11484375 0.18125
6 0.709375 0.17109375 0.12265625 0.16015625
2 0.44140625 0.23828125 0.103125 0.1265625
2 0.68515625 0.2765625 0.1140625 0.1421875
2 0.15078125 0.30078125 0.11796875 0.19140625
10 0.43046875 0.4734375 0.1875 0.36484375
10 0.70390625 0.509375 0.2375 0.38125
8 0.4171875 0.52890625 0.253125 0.9375
8 0.16953125 0.53046875 0.3375 0.9390625
8 0.6796875 0.54765625 0.26015625 0.9046875
5 0.7046875 0.5484375 0.0890625 0.1015625
4 0.46640625 0.578125 0.11328125 0.11640625
10 0.17265625 0.5875 0.2515625 0.4671875
4 0.6890625 0.628125 0.1 0.14609375
4 0.228125 0.67890625 0.1421875 0.14765625
4 0.16328125 0.7640625 0.1453125 0.1953125
3 0.1546875 0.2796875 0.1 0.06015625
3 0.4578125 0.2328125 0.07265625 0.05390625
3 0.690625 0.25625 0.0765625 0.0671875