2 0.725 0.1265625 0.0546875 0.10859375
6 0.62109375 0.14609375 0.0703125 0.0703125
2 0.6171875 0.2046875 0.0515625 0.08125
6 0.5125 0.22265625 0.06171875 0.07265625
5 0.58828125 0.25 0.0453125 0.0625
2 0.5078125 0.25703125 0.0515625 0.06875
5 0.66796875 0.26015625 0.04296875 0.0828125
10 0.778125 0.2703125 0.15703125 0.2609375
5 0.7203125 0.275 0.05546875 0.08515625
5 0.4828125 0.29375 0.0546875 0.05234375
10 0.62578125 0.3578125 0.11796875 0.2109375
10 0.50859375 0.3875 0.11796875 0.1953125
8 0.76875 0.44609375 0.2203125 0.8375
8 0.63046875 0.46875 0.13828125 0.7171875
5 0.553125 0.4703125 0.04453125 0.0703125
8 0.4484375 0.49609375 0.23515625 0.6171875
6 0.740625 0.0671875 0.10546875 0.1
9 0.45078125 0.79609375 0.1109375 0.1015625
9 0.6515625 0.8609375 0.075 0.13984375
9 0.715625 0.78671875 0.08984375 0.1421875
9 0.5421875 0.8171875 0.0953125 0.1265625
9 0.371875 0.78203125 0.1 0.1