6 0.75546875 0.24453125 0.13203125 0.1015625
6 0.24609375 0.2515625 0.08828125 0.0828125
6 0.5640625 0.25390625 0.121875 0.115625
6 0.13515625 0.29921875 0.0734375 0.059375
7 0.334375 0.3 0.0453125 0.06171875
6 0.3796875 0.32265625 0.0734375 0.078125
6 0.19453125 0.3390625 0.03515625 0.03984375
8 0.31796875 0.35 0.0734375 0.165625
6 0.48203125 0.365625 0.046875 0.05
8 0.78359375 0.59453125 0.1484375 0.8109375
8 0.571875 0.596875 0.196875 0.80625
8 0.1359375 0.6078125 0.1046875 0.6953125
5 0.75703125 0.61015625 0.0703125 0.09453125
8 0.22578125 0.6109375 0.10859375 0.778125
8 0.35234375 0.65 0.16484375 0.7