8 0.7421875 0.259375 0.22890625 0.403125
7 0.275 0.38359375 0.09375 0.10390625
7 0.0875 0.41484375 0.0890625 0.06484375
5 0.628125 0.4703125 0.06015625 0.096875
2 0.08671875 0.48828125 0.078125 0.12421875
2 0.2703125 0.50234375 0.10625 0.1703125
7 0.7640625 0.51953125 0.2140625 0.2046875
8 0.08125 0.58203125 0.12890625 0.3390625
8 0.259375 0.621875 0.17109375 0.39140625
7 0.43828125 0.6609375 0.178125 0.24453125
8 0.80390625 0.725 0.3 0.54140625
7 0.7046875 0.0734375 0.1109375 0.0921875
5 0.12734375 0.7578125 0.06796875 0.1015625
8 0.4546875 0.7625 0.2171875 0.475
2 0.70390625 0.20078125 0.090625 0.12890625
3 0.6828125 0.16328125 0.05703125 0.0484375