6 0.7859375 0.221875 0.10078125 0.09609375
6 0.3359375 0.25234375 0.10078125 0.09453125
6 0.48828125 0.265625 0.10078125 0.09609375
6 0.6515625 0.271875 0.10078125 0.09609375
2 0.3484375 0.31796875 0.0546875 0.078125
2 0.78203125 0.3328125 0.08125 0.121875
2 0.5015625 0.35234375 0.06796875 0.1
2 0.65234375 0.37265625 0.07109375 0.0890625
8 0.66484375 0.3859375 0.20078125 0.41875
5 0.3625 0.38984375 0.040625 0.07109375
8 0.3203125 0.4515625 0.159375 0.57421875
8 0.8515625 0.4640625 0.26015625 0.68515625
8 0.48828125 0.47109375 0.13515625 0.58984375
5 0.37109375 0.57578125 0.0453125 0.0796875
5 0.42265625 0.7765625 0.065625 0.05859375