6 0.63046875 0.11015625 0.14609375 0.2
5 0.3765625 0.14140625 0.06953125 0.12109375
2 0.159375 0.16171875 0.08828125 0.19375
4 0.0328125 0.171875 0.065625 0.128125
6 0.29375 0.18359375 0.13671875 0.14921875
6 0.95390625 0.2234375 0.0921875 0.146875
6 0.92578125 0.2265625 0.090625 0.146875
2 0.64296875 0.25390625 0.10703125 0.19296875
5 0.8 0.265625 0.07890625 0.14609375
6 0.4796875 0.275 0.13828125 0.2015625
2 0.30625 0.30703125 0.08203125 0.17890625
2 0.9171875 0.37421875 0.0609375 0.128125
2 0.97265625 0.38046875 0.0546875 0.1890625
2 0.48359375 0.42890625 0.10390625 0.15390625
8 0.6828125 0.5 0.315625 1
5 0.4390625 0.5015625 0.07734375 0.0953125
8 0.15390625 0.50546875 0.3078125 0.9890625
5 0.5015625 0.51796875 0.0765625 0.0765625
10 0.14140625 0.55390625 0.23203125 0.59140625
8 0.9203125 0.56328125 0.159375 0.8703125
8 0.459375 0.5828125 0.23125 0.834375
10 0.6703125 0.66640625 0.2453125 0.66640625
4 0.1609375 0.69609375 0.1109375 0.11875
10 0.45546875 0.70390625 0.23203125 0.59140625
10 0.8421875 0.73671875 0.11640625 0.5203125
10 0.94140625 0.73984375 0.11640625 0.5203125
3 0.3078125 0.27890625 0.0875 0.06171875
3 0.64296875 0.2234375 0.09765625 0.06796875
3 0.91640625 0.32265625 0.06640625 0.05546875
3 0.96640625 0.3484375 0.06640625 0.05703125
3 0.46953125 0.39375 0.09375 0.06171875