2 0.51796875 0.2859375 0.0296875 0.03984375
2 0.41953125 0.28828125 0.03203125 0.05546875
2 0.8109375 0.3046875 0.0453125 0.04765625
5 0.05234375 0.33046875 0.03828125 0.05546875
10 0.34140625 0.35625 0.04296875 0.165625
8 0.5265625 0.3859375 0.06015625 0.32109375
10 0.40703125 0.38828125 0.046875 0.1703125
10 0.54140625 0.39609375 0.03359375 0.1703125
5 0.48828125 0.41015625 0.0265625 0.0375
10 0.01953125 0.4125 0.03515625 0.18828125
8 0.32890625 0.4171875 0.071875 0.46328125
5 0.428125 0.425 0.0265625 0.04765625
10 0.821875 0.43984375 0.08984375 0.21328125
5 0.3046875 0.4421875 0.0234375 0.04765625
6 0.26640625 0.44375 0.053125 0.0953125
5 0.88515625 0.44609375 0.0265625 0.0453125
8 0.03203125 0.45390625 0.06015625 0.48125
8 0.40390625 0.4671875 0.071875 0.4984375
6 0.134375 0.4828125 0.06171875 0.09765625
10 0.2125 0.4921875 0.0453125 0.11796875
8 0.8203125 0.52109375 0.103125 0.596875
5 0.784375 0.54375 0.03203125 0.06015625
10 0.08671875 0.5625 0.0734375 0.09765625
8 0.23671875 0.575 0.11328125 0.35859375
8 0.1140625 0.6140625 0.13828125 0.37109375
5 0.27109375 0.628125 0.021875 0.04765625
5 0.215625 0.6328125 0.03515625 0.06796875
5 0.1625 0.6390625 0.03515625 0.05546875
5 0.08515625 0.7703125 0.03671875 0.0578125
6 0.3265625 0.20546875 0.03984375 0.03515625
6 0.0171875 0.234375 0.03203125 0.04765625
6 0.42421875 0.24296875 0.0484375 0.05
6 0.52890625 0.2453125 0.04140625 0.03984375
6 0.80703125 0.246875 0.06328125 0.06796875
9 0.38984375 0.69296875 0.0453125 0.0453125
9 0.740625 0.79453125 0.06015625 0.05546875
9 0.82265625 0.80234375 0.05859375 0.06015625
9 0.33671875 0.63515625 0.0546875 0.03984375