6 0.2734375 0.26171875 0.03828125 0.03671875
6 0.5359375 0.27734375 0.04765625 0.034375
6 0.184375 0.30625 0.04140625 0.040625
6 0.46484375 0.31953125 0.0359375 0.03515625
10 0.296875 0.3578125 0.06796875 0.09609375
10 0.15078125 0.371875 0.0578125 0.09453125
10 0.55 0.375 0.06484375 0.08828125
8 0.2984375 0.4015625 0.0984375 0.31015625
8 0.1546875 0.415625 0.1078125 0.26953125
5 0.29140625 0.42734375 0.01953125 0.03671875
8 0.5453125 0.43359375 0.08359375 0.32890625
10 0.45390625 0.44453125 0.07421875 0.13359375
8 0.453125 0.4921875 0.078125 0.39453125
9 0.55234375 0.5859375 0.03984375 0.0390625
9 0.5046875 0.5703125 0.04453125 0.046875
9 0.28359375 0.546875 0.03828125 0.0390625
9 0.32109375 0.5296875 0.028125 0.0578125
9 0.14453125 0.53515625 0.04140625 0.04296875