6 0.6421875 0.2859375 0.0796875 0.109375
6 0.81328125 0.30625 0.07421875 0.05703125
2 0.64921875 0.35703125 0.05078125 0.07109375
2 0.80703125 0.36640625 0.03671875 0.0515625
6 0.5390625 0.38125 0.07109375 0.09296875
2 0.54296875 0.45078125 0.0453125 0.06796875
10 0.7171875 0.47578125 0.1109375 0.2640625
10 0.82265625 0.48359375 0.09296875 0.22578125
10 0.61640625 0.5296875 0.14765625 0.21015625
8 0.82109375 0.53515625 0.08203125 0.54765625
8 0.57265625 0.53671875 0.20390625 0.3953125
8 0.68359375 0.60078125 0.1890625 0.73046875
4 0.5234375 0.64296875 0.0546875 0.0765625
4 0.69921875 0.6609375 0.04921875 0.13359375
4 0.53671875 0.68515625 0.04765625 0.06796875
9 0.76015625 0.91953125 0.090625 0.06796875
9 0.628125 0.92890625 0.090625 0.0734375