6 0.5078125 0.571875 0.03203125 0.03359375
6 0.42109375 0.5453125 0.0515625 0.0234375
6 0.3578125 0.54765625 0.03828125 0.0171875
6 0.3671875 0.5703125 0.03828125 0.01875
6 0.2703125 0.5609375 0.046875 0.01875
10 0.5453125 0.58984375 0.053125 0.03515625
10 0.340625 0.6375 0.0984375 0.07734375
10 0.24765625 0.6015625 0.08203125 0.04375
8 0.55078125 0.6125 0.0953125 0.1171875
8 0.425 0.5703125 0.03984375 0.0953125
8 0.34765625 0.6734375 0.075 0.21640625
8 0.24609375 0.62421875 0.0953125 0.17109375