6 0.62421875 0.31796875 0.03984375 0.05390625
6 0.87109375 0.33046875 0.04609375 0.0484375
2 0.62578125 0.346875 0.0203125 0.0328125
2 0.865625 0.36171875 0.02421875 0.0390625
4 0.809375 0.4203125 0.034375 0.05390625
8 0.65703125 0.44765625 0.1140625 0.32421875
4 0.60234375 0.47578125 0.028125 0.0328125
4 0.83125 0.48203125 0.02578125 0.05078125
8 0.88671875 0.52109375 0.13828125 0.4265625
6 0.33828125 0.1078125 0.028125 0.0359375
4 0.3421875 0.1875 0.01171875 0.02109375
8 0.3359375 0.1953125 0.07578125 0.228125
4 0.32265625 0.21796875 0.0140625 0.0328125