6 0.18125 0.234375 0.215625 0.2203125
6 0.77578125 0.2796875 0.1359375 0.121875
2 0.24140625 0.3984375 0.1203125 0.2578125
2 0.76640625 0.4078125 0.1078125 0.15
8 0.24375 0.55234375 0.409375 0.85703125
8 0.77421875 0.59609375 0.2890625 0.784375
10 0.7515625 0.72109375 0.25625 0.44765625
5 0.50234375 0.7296875 0.0828125 0.13359375
10 0.25078125 0.76015625 0.3421875 0.46171875
5 0.5375 0.89453125 0.08125 0.1359375
5 0.62109375 0.9015625 0.0953125 0.13125
3 0.24453125 0.35859375 0.1109375 0.0796875