6 0.2859375 0.446875 0.0546875 0.053125
6 0.7609375 0.45859375 0.05859375 0.040625
6 0.8078125 0.4875 0.03515625 0.0375
6 0.4984375 0.48984375 0.06015625 0.0578125
6 0.61796875 0.49375 0.053125 0.0703125
2 0.28671875 0.50234375 0.046875 0.0578125
6 0.67109375 0.51015625 0.05859375 0.04765625
2 0.7546875 0.52265625 0.05703125 0.08828125
2 0.4796875 0.5265625 0.06328125 0.0703125
2 0.6109375 0.5453125 0.04140625 0.0578125
2 0.65546875 0.56640625 0.0484375 0.08046875
5 0.56015625 0.634375 0.04296875 0.0703125
10 0.28046875 0.65078125 0.0984375 0.209375
8 0.84609375 0.7 0.06171875 0.4984375
8 0.28515625 0.709375 0.1265625 0.5765625
8 0.76328125 0.7203125 0.08671875 0.559375
8 0.7609375 0.72265625 0.078125 0.55390625
8 0.46640625 0.72890625 0.1265625 0.5265625
8 0.5859375 0.73515625 0.10859375 0.52890625
8 0.67265625 0.74296875 0.078125 0.5140625
5 0.62265625 0.7484375 0.021875 0.06015625
5 0.22265625 0.7875 0.021875 0.04296875
5 0.4171875 0.796875 0.021875 0.053125
5 0.33828125 0.8046875 0.03671875 0.0578125
5 0.51796875 0.84375 0.03359375 0.06015625
5 0.7859375 0.89453125 0.0453125 0.09609375