5 0.509375 0.3125 0.03515625 0.05546875
6 0.4578125 0.33984375 0.078125 0.06640625
5 0.51171875 0.4890625 0.03671875 0.03984375
6 0.284375 0.55078125 0.11171875 0.0796875
8 0.44453125 0.5578125 0.1484375 0.484375
6 0.75390625 0.646875 0.11796875 0.084375
8 0.259375 0.7578125 0.1484375 0.484375
5 0.62890625 0.7765625 0.04140625 0.05546875
8 0.746875 0.7984375 0.13125 0.403125
9 0.42890625 0.77421875 0.071875 0.04453125
9 0.3921875 0.70546875 0.05 0.05546875
9 0.27265625 0.9546875 0.071875 0.046875