6 0.7796875 0.1484375 0.13046875 0.13359375
6 0.49375 0.1765625 0.13046875 0.13359375
6 0.33203125 0.2015625 0.13046875 0.13359375
6 0.62265625 0.2046875 0.13046875 0.13359375
6 0.17109375 0.23828125 0.13046875 0.13359375
2 0.78515625 0.2515625 0.071875 0.12734375
2 0.49375 0.2703125 0.0640625 0.1140625
2 0.61015625 0.29921875 0.08515625 0.1125
2 0.33671875 0.30546875 0.07109375 0.12734375
2 0.18359375 0.35078125 0.07734375 0.1390625
8 0.78671875 0.49296875 0.18984375 0.81484375
8 0.78828125 0.49609375 0.18984375 0.81484375
8 0.4625 0.52578125 0.18984375 0.81484375
8 0.3203125 0.53515625 0.18984375 0.81484375
8 0.628125 0.53515625 0.18984375 0.81484375
8 0.16796875 0.57890625 0.18984375 0.81484375
5 0.14609375 0.87421875 0.06328125 0.10390625
3 0.49609375 0.24765625 0.0609375 0.04140625
3 0.61171875 0.27421875 0.0625 0.0296875
3 0.78203125 0.22890625 0.06328125 0.03984375