6 0.40625 0.384375 0.08046875 0.07578125
6 0.61015625 0.43515625 0.04765625 0.04296875
6 0.771875 0.4484375 0.0859375 0.08125
2 0.609375 0.48125 0.05078125 0.071875
5 0.6828125 0.56484375 0.03125 0.06484375
10 0.09296875 0.5796875 0.14921875 0.37890625
10 0.60078125 0.59140625 0.1078125 0.18203125
8 0.10390625 0.59765625 0.18984375 0.79375
10 0.3796875 0.6453125 0.1171875 0.34453125
8 0.390625 0.6734375 0.1390625 0.653125
10 0.77734375 0.67421875 0.1296875 0.2578125
8 0.60546875 0.69921875 0.13125 0.59375
5 0.54609375 0.7 0.028125 0.0796875
8 0.7765625 0.70234375 0.13359375 0.58828125
5 0.66171875 0.73828125 0.034375 0.059375
5 0.43359375 0.828125 0.0453125 0.08984375
5 0.1125 0.84921875 0.07265625 0.115625
6 0.14453125 0.25234375 0.11953125 0.09921875
2 0.171875 0.34921875 0.065625 0.0921875