10 0.5984375 0.175 0.0765625 0.10859375
6 0.54375 0.18125 0.06484375 0.08984375
6 0.1640625 0.215625 0.06640625 0.0671875
8 0.56484375 0.24296875 0.15 0.2390625
5 0.61640625 0.25234375 0.02578125 0.0296875
5 0.60078125 0.29921875 0.04140625 0.03984375
10 0.15234375 0.30859375 0.08359375 0.10703125
4 0.2390625 0.32109375 0.02734375 0.04453125
8 0.16640625 0.346875 0.1125 0.33125
4 0.58046875 0.35546875 0.05625 0.0609375
6 0.6953125 0.40078125 0.06796875 0.071875
10 0.79296875 0.4359375 0.11328125 0.1390625
8 0.75546875 0.525 0.19609375 0.321875
6 0.3046875 0.6359375 0.0609375 0.0875
4 0.40234375 0.70859375 0.04296875 0.0828125
10 0.29609375 0.72734375 0.08359375 0.1328125
8 0.29765625 0.73046875 0.115625 0.27578125
9 0.765625 0.65078125 0.0765625 0.08125
9 0.7453125 0.5125 0.06640625 0.075
9 0.6078125 0.38828125 0.04296875 0.0875
9 0.5234375 0.3265625 0.0484375 0.0796875
9 0.178125 0.48203125 0.0671875 0.0703125