6 0.67109375 0.16171875 0.1734375 0.19609375
6 0.31328125 0.196875 0.2203125 0.17421875
2 0.64765625 0.3265625 0.115625 0.12265625
2 0.35 0.34765625 0.1234375 0.190625
8 0.68828125 0.5078125 0.3078125 0.8875
8 0.3015625 0.5171875 0.3921875 0.8078125
10 0.67421875 0.6171875 0.24296875 0.51875
10 0.2921875 0.6578125 0.29765625 0.45234375
5 0.5796875 0.76171875 0.14453125 0.15234375
5 0.4 0.83515625 0.16015625 0.12734375
3 0.640625 0.275 0.12578125 0.08125
3 0.36796875 0.29140625 0.07890625 0.08671875