6 0.56171875 0.20859375 0.0734375 0.078125
2 0.55625 0.265625 0.03828125 0.08125
6 0.1484375 0.325 0.04140625 0.05546875
6 0.25546875 0.346875 0.04453125 0.040625
2 0.1484375 0.36640625 0.03203125 0.0515625
6 0.42890625 0.3890625 0.0484375 0.06015625
2 0.25546875 0.39609375 0.028125 0.06484375
5 0.26015625 0.42421875 0.01875 0.04921875
2 0.425 0.4265625 0.03046875 0.065625
8 0.140625 0.43125 0.10703125 0.28671875
5 0.57109375 0.43359375 0.04140625 0.0609375
8 0.25625 0.47578125 0.0921875 0.31875
5 0.4375 0.48046875 0.03203125 0.05625
5 0.08984375 0.49296875 0.01953125 0.05078125
8 0.42109375 0.5296875 0.10078125 0.35703125
8 0.57265625 0.53671875 0.1609375 0.76484375
5 0.23828125 0.55859375 0.02265625 0.04609375
5 0.40703125 0.59765625 0.03046875 0.06953125
9 0.6234375 0.87734375 0.04921875 0.08828125
9 0.55859375 0.8390625 0.0546875 0.08046875
9 0.228125 0.60546875 0.03125 0.06171875
9 0.1453125 0.5890625 0.02578125 0.05078125