6 0.084375 0.28203125 0.05390625 0.0578125
6 0.246875 0.28828125 0.05390625 0.06171875
6 0.78828125 0.29296875 0.0515625 0.0484375
6 0.3390625 0.30078125 0.05234375 0.05078125
6 0.47109375 0.30234375 0.05234375 0.0484375
6 0.63125 0.31484375 0.0578125 0.04140625
6 0.1671875 0.31484375 0.05234375 0.05234375
6 0.89609375 0.3171875 0.0625 0.0484375
2 0.08203125 0.32109375 0.0390625 0.0484375
2 0.246875 0.32265625 0.03125 0.0453125
6 0.40078125 0.3234375 0.04609375 0.03203125
6 0.7015625 0.32890625 0.05390625 0.05078125
6 0.5453125 0.32890625 0.04765625 0.04296875
2 0.47734375 0.33046875 0.0328125 0.0640625
2 0.34296875 0.3359375 0.03359375 0.05625
2 0.7859375 0.3375 0.03515625 0.0671875
2 0.6265625 0.34921875 0.03359375 0.0484375
8 0.33828125 0.34921875 0.0484375 0.1765625
6 0.2984375 0.3515625 0.05625 0.0578125
2 0.17109375 0.35546875 0.03515625 0.046875
2 0.89609375 0.35859375 0.0375 0.05625
6 0.378125 0.36484375 0.04375 0.05078125
2 0.5453125 0.36953125 0.0296875 0.04140625
2 0.6953125 0.37109375 0.0390625 0.05625
6 0.5796875 0.378125 0.05390625 0.065625
2 0.58203125 0.39140625 0.03125 0.06171875
2 0.3046875 0.3921875 0.0359375 0.05234375
2 0.38125 0.41015625 0.0328125 0.06171875
5 0.33515625 0.46171875 0.02265625 0.0296875
8 0.24140625 0.53125 0.0828125 0.53671875
8 0.0828125 0.534375 0.1046875 0.5625
8 0.7921875 0.53671875 0.1109375 0.53671875
8 0.4734375 0.5375 0.08515625 0.515625
8 0.63671875 0.54296875 0.05390625 0.48984375
8 0.5421875 0.54296875 0.05234375 0.475
5 0.5671875 0.54375 0.0296875 0.0453125
8 0.17109375 0.54375 0.08515625 0.50625
8 0.7078125 0.54609375 0.08515625 0.49140625
8 0.896875 0.54765625 0.1015625 0.50625
8 0.39375 0.5625 0.0703125 0.53671875
8 0.58359375 0.56640625 0.06875 0.446875
5 0.8875 0.57421875 0.0375 0.06015625
5 0.5296875 0.58125 0.0234375 0.0375
8 0.3046875 0.58515625 0.075 0.49921875
5 0.4515625 0.58984375 0.0203125 0.03203125
5 0.72265625 0.6 0.02734375 0.05625
5 0.40859375 0.60234375 0.0203125 0.04140625
5 0.8234375 0.60390625 0.0296875 0.04140625
5 0.55390625 0.6046875 0.0203125 0.046875
5 0.29609375 0.63515625 0.02265625 0.046875
9 0.89609375 0.80390625 0.03125 0.06015625
9 0.83125 0.7984375 0.04765625 0.0484375
9 0.71328125 0.79140625 0.0375 0.06015625
9 0.671875 0.77109375 0.04609375 0.046875
9 0.6359375 0.76796875 0.03984375 0.06171875
9 0.596875 0.80703125 0.0375 0.0546875
9 0.5765625 0.78125 0.03984375 0.05234375
9 0.5328125 0.7765625 0.03359375 0.05625
9 0.56328125 0.75390625 0.03984375 0.046875
9 0.5015625 0.7671875 0.05 0.05234375
9 0.4703125 0.77578125 0.03515625 0.07109375
9 0.39609375 0.8234375 0.05234375 0.0484375
9 0.79765625 0.80078125 0.03125 0.075
9 0.765625 0.77890625 0.04375 0.046875
9 0.30859375 0.82109375 0.0359375 0.06015625
9 0.25703125 0.79296875 0.0390625 0.06171875
9 0.2296875 0.76796875 0.04609375 0.05234375
9 0.1796875 0.78046875 0.03515625 0.06015625
9 0.13359375 0.7796875 0.05 0.0546875
9 0.0828125 0.81171875 0.0359375 0.07109375
3 0.08515625 0.3171875 0.03984375 0.02421875
3 0.38203125 0.4015625 0.0359375 0.03359375
3 0.47734375 0.32578125 0.03125 0.02265625
3 0.578125 0.38828125 0.0296875 0.0203125
3 0.6265625 0.340625 0.0328125 0.0265625
3 0.89375 0.34296875 0.04140625 0.02265625