6 0.334375 0.221875 0.10390625 0.0609375
6 0.61875 0.26875 0.06015625 0.0296875
2 0.3421875 0.3078125 0.0890625 0.1296875
2 0.63984375 0.315625 0.07734375 0.09609375
6 0.46953125 0.3265625 0.08125 0.04453125
2 0.4875 0.39296875 0.07265625 0.1109375
8 0.27890625 0.54921875 0.2296875 0.71640625
8 0.6890625 0.621875 0.2 0.75625
8 0.49453125 0.6484375 0.1515625 0.703125
10 0.19765625 0.71953125 0.125 0.36328125
3 0.64296875 0.2875 0.0578125 0.04453125
3 0.496875 0.36171875 0.03359375 0.03515625
3 0.36171875 0.28125 0.0453125 0.06484375