2 0.4453125 0.1921875 0.0515625 0.08359375
6 0.6015625 0.30546875 0.0984375 0.121875
2 0.56640625 0.346875 0.06171875 0.08515625
8 0.37890625 0.48515625 0.2265625 0.82421875
5 0.48359375 0.4890625 0.03984375 0.090625
5 0.446875 0.51796875 0.0390625 0.0734375
8 0.59609375 0.5875 0.24375 0.70859375
5 0.6703125 0.7828125 0.04375 0.08671875
6 0.46171875 0.13515625 0.10078125 0.12421875
9 0.28671875 0.8640625 0.0703125 0.09375
9 0.41484375 0.87265625 0.07265625 0.07890625
9 0.50859375 0.86640625 0.09765625 0.1140625
9 0.7125 0.796875 0.06875 0.14921875