6 0.3296875 0.26796875 0.084375 0.046875
2 0.36015625 0.30234375 0.065625 0.0515625
6 0.8796875 0.375 0.034375 0.01640625
6 0.8234375 0.3765625 0.0421875 0.01640625
4 0.46328125 0.4125 0.08671875 0.09140625
8 0.82578125 0.41484375 0.0578125 0.1
8 0.8875 0.41796875 0.05546875 0.096875
6 0.05546875 0.42890625 0.07421875 0.03203125
6 0.7109375 0.434375 0.02890625 0.01796875
4 0.35859375 0.43671875 0.08984375 0.06640625
8 0.71640625 0.44296875 0.05546875 0.04296875
8 0.08046875 0.45078125 0.12421875 0.08203125
8 0.41015625 0.4515625 0.23984375 0.4265625
8 0.196875 0.46484375 0.09765625 0.0796875