6 0.48046875 0.33359375 0.03828125 0.034375
2 0.4875 0.3546875 0.03359375 0.0296875
4 0.53828125 0.3765625 0.025 0.05078125
8 0.5 0.446875 0.0921875 0.2703125
6 0.453125 0.640625 0.03515625 0.04375
6 0.62890625 0.6671875 0.03359375 0.02734375
2 0.453125 0.6859375 0.02890625 0.04140625
2 0.6203125 0.70078125 0.021875 0.04375
4 0.51015625 0.7265625 0.0203125 0.0484375
8 0.6375 0.73671875 0.06640625 0.17578125
4 0.57890625 0.7390625 0.02890625 0.05078125
10 0.44375 0.74375 0.06015625 0.1015625
8 0.4578125 0.7640625 0.084375 0.2953125
4 0.49140625 0.7875 0.02890625 0.05546875