6 0.7859375 0.3 0.05625 0.05390625
6 0.328125 0.303125 0.0640625 0.06015625
6 0.0953125 0.309375 0.0578125 0.06015625
6 0.17578125 0.3484375 0.071875 0.06640625
6 0.51875 0.3546875 0.05390625 0.084375
6 0.621875 0.390625 0.05234375 0.10234375
6 0.81875 0.39765625 0.0703125 0.08125
8 0.7859375 0.41875 0.0921875 0.32734375
8 0.8421875 0.52265625 0.10390625 0.32421875
8 0.06484375 0.540625 0.0859375 0.52265625
5 0.5109375 0.56640625 0.034375 0.0453125
8 0.30703125 0.56875 0.11796875 0.59765625
8 0.49921875 0.5828125 0.1421875 0.55859375
8 0.671875 0.6125 0.1359375 0.55234375
5 0.6828125 0.6171875 0.034375 0.06328125
4 0.290625 0.6171875 0.03828125 0.08125
5 0.62890625 0.63984375 0.02578125 0.06015625
8 0.153125 0.63984375 0.13828125 0.66640625
0 0.353125 0.79453125 0.071875 0.146875
0 0.296875 0.8015625 0.06015625 0.14453125
0 0.17890625 0.93359375 0.0796875 0.1109375
0 0.115625 0.9234375 0.071875 0.1203125
0 0.03203125 0.7671875 0.0640625 0.08671875
9 0.4828125 0.82578125 0.0421875 0.06875
9 0.55703125 0.83359375 0.0421875 0.06328125
9 0.6640625 0.85859375 0.0578125 0.06015625