10 0.11875 0.43515625 0.10625 0.328125
10 0.228125 0.53046875 0.13203125 0.29765625
8 0.1390625 0.53984375 0.121875 0.8203125
8 0.47890625 0.5859375 0.13828125 0.78984375
8 0.2390625 0.64453125 0.1875 0.7109375
4 0.5609375 0.65078125 0.04609375 0.07265625
6 0.46171875 0.09921875 0.06796875 0.121875
6 0.215625 0.1890625 0.0796875 0.12578125
6 0.4640625 0.23125 0.07578125 0.08046875
2 0.21484375 0.26875 0.034375 0.08046875
6 0.2921875 0.3265625 0.0796875 0.07265625
10 0.4046875 0.3546875 0.07421875 0.328125
8 0.43984375 0.3546875 0.1359375 0.63359375