6 0.40625 0.3453125 0.04140625 0.03984375
6 0.8453125 0.3640625 0.0421875 0.04140625
6 0.5375 0.36640625 0.0421875 0.0265625
2 0.40703125 0.390625 0.03359375 0.0515625
2 0.8421875 0.40703125 0.0359375 0.046875
2 0.53515625 0.40859375 0.0390625 0.06015625
5 0.4953125 0.50234375 0.034375 0.03828125
5 0.76796875 0.515625 0.03125 0.03828125
5 0.89921875 0.51640625 0.0265625 0.03984375
8 0.8375 0.52734375 0.13359375 0.36171875
8 0.403125 0.57109375 0.07890625 0.48515625
8 0.5375 0.5796875 0.0734375 0.46328125
4 0.45859375 0.6 0.02890625 0.05
9 0.5734375 0.7859375 0.0375 0.06484375
9 0.51953125 0.79453125 0.05 0.0453125
9 0.4625 0.784375 0.034375 0.06484375
9 0.37578125 0.80390625 0.0609375 0.0546875