5 0.47265625 0.81015625 0.14140625 0.15625
5 0.23125 0.87265625 0.12421875 0.16640625
6 0.22265625 0.18828125 0.20234375 0.240625
10 0.64140625 0.2046875 0.0828125 0.221875
6 0.5046875 0.21796875 0.19375 0.2328125
8 0.721875 0.2390625 0.15234375 0.45625
6 0.69609375 0.03046875 0.0703125 0.05078125
2 0.2390625 0.3546875 0.109375 0.20546875
2 0.50390625 0.4046875 0.1421875 0.17890625
8 0.16171875 0.53125 0.3234375 0.925
8 0.534375 0.55625 0.25234375 0.8875
10 0.571875 0.70859375 0.27578125 0.44296875
10 0.14921875 0.72734375 0.29765625 0.5296875