6 0.4671875 0.4 0.01640625 0.01484375
6 0.4125 0.49296875 0.01640625 0.02578125
6 0.34765625 0.58359375 0.01796875 0.02578125
6 0.36484375 0.40390625 0.02109375 0.01875
6 0.15625 0.3703125 0.01171875 0.01640625
8 0.46796875 0.4671875 0.03359375 0.153125
8 0.41328125 0.5734375 0.03515625 0.1796875
8 0.34609375 0.6640625 0.034375 0.18359375
8 0.3703125 0.4796875 0.04140625 0.16875
8 0.159375 0.44609375 0.028125 0.1609375
9 0.47109375 0.53671875 0.0109375 0.025
9 0.4609375 0.53515625 0.009375 0.0234375
9 0.425 0.6421875 0.01484375 0.0234375
9 0.4109375 0.65078125 0.01640625 0.01796875
9 0.38359375 0.5546875 0.01640625 0.025
9 0.359375 0.553125 0.0203125 0.025
9 0.16640625 0.521875 0.0109375 0.025
9 0.34296875 0.75078125 0.0203125 0.025