8 0.1265625 0.5015625 0.225 0.99609375
8 0.29375 0.5203125 0.22265625 0.95078125
8 0.62109375 0.56015625 0.3125 0.8796875
10 0.29140625 0.6296875 0.1671875 0.56796875
10 0.1015625 0.63125 0.19765625 0.73671875
5 0.35625 0.66171875 0.0875 0.1953125
10 0.63515625 0.7125 0.2703125 0.56796875
5 0.56484375 0.871875 0.1296875 0.165625
6 0.17109375 0.09375 0.22265625 0.165625
6 0.33125 0.13515625 0.12734375 0.1953125
6 0.60390625 0.240625 0.17734375 0.21015625
2 0.19609375 0.24609375 0.1078125 0.31171875
2 0.3203125 0.259375 0.11015625 0.18828125
2 0.57109375 0.3703125 0.12734375 0.16953125
3 0.33359375 0.2234375 0.0671875 0.07890625
3 0.53515625 0.315625 0.0828125 0.08984375