6 0.56484375 0.19609375 0.1046875 0.1984375
6 0.8890625 0.2328125 0.08125 0.1546875
10 0.50390625 0.28984375 0.17265625 0.290625
10 0.80078125 0.33046875 0.1515625 0.2609375
8 0.5265625 0.421875 0.21640625 0.71953125
8 0.825 0.43515625 0.209375 0.55703125
4 0.8171875 0.496875 0.0453125 0.0640625
4 0.86875 0.49921875 0.046875 0.07421875
4 0.55859375 0.509375 0.04140625 0.096875
6 0.3640625 0.51171875 0.10859375 0.15703125
4 0.52578125 0.52265625 0.03984375 0.10234375
8 0.27578125 0.640625 0.30625 0.4140625
10 0.25703125 0.6765625 0.24921875 0.2828125
4 0.553125 0.796875 0.0734375 0.1046875