6 0.8703125 0.18828125 0.09765625 0.0859375
6 0.34453125 0.21171875 0.1 0.06875
6 0.6015625 0.27109375 0.075 0.08984375
2 0.86640625 0.29921875 0.08828125 0.12890625
2 0.34453125 0.3171875 0.0921875 0.12265625
2 0.5984375 0.35859375 0.06953125 0.0921875
8 0.88359375 0.56953125 0.2328125 0.8234375
10 0.36015625 0.5796875 0.1703125 0.36640625
8 0.3890625 0.58125 0.2421875 0.82265625
10 0.8859375 0.584375 0.20546875 0.39609375
10 0.61171875 0.5890625 0.1203125 0.36484375
8 0.61640625 0.6171875 0.16640625 0.76484375
4 0.15859375 0.7203125 0.171875 0.1453125
4 0.6765625 0.73515625 0.0828125 0.1078125
5 0.296875 0.7453125 0.07734375 0.12734375
5 0.4625 0.84296875 0.06171875 0.13359375
3 0.34296875 0.2875 0.08671875 0.0453125
3 0.59921875 0.33671875 0.0703125 0.0421875
3 0.86640625 0.26796875 0.08359375 0.05859375