6 0.6125 0.4453125 0.0203125 0.015625
6 0.434375 0.45234375 0.025 0.02265625
6 0.45 0.45703125 0.009375 0.01328125
6 0.375 0.46953125 0.01484375 0.01796875
8 0.3796875 0.50859375 0.03359375 0.10078125
5 0.64765625 0.52265625 0.0140625 0.02578125
8 0.621875 0.528125 0.05703125 0.175
5 0.59375 0.54140625 0.009375 0.01953125
8 0.4375 0.55625 0.06875 0.25546875
5 0.40546875 0.5734375 0.0203125 0.02578125
5 0.465625 0.578125 0.01953125 0.02265625
9 0.4484375 0.66875 0.02109375 0.04296875
9 0.4328125 0.68359375 0.0203125 0.028125
9 0.609375 0.60390625 0.0234375 0.03203125
9 0.6265625 0.5921875 0.0203125 0.03046875