6 0.5734375 0.2828125 0.140625 0.15703125
6 0.77421875 0.31328125 0.109375 0.17265625
2 0.21015625 0.34296875 0.159375 0.2
2 0.56875 0.390625 0.0921875 0.109375
2 0.7765625 0.41171875 0.1046875 0.11796875
8 0.1671875 0.5359375 0.28125 0.928125
8 0.54609375 0.603125 0.1890625 0.79296875
8 0.7859375 0.609375 0.1953125 0.7546875
10 0.5359375 0.64296875 0.15 0.37734375
10 0.7953125 0.68828125 0.20625 0.41796875
10 0.1578125 0.75 0.27265625 0.5
5 0.65703125 0.8 0.06484375 0.0953125
6 0.20625 0.1671875 0.196875 0.1703125
3 0.2203125 0.29453125 0.12265625 0.0703125