4 0.3203125 0.3609375 0.059375 0.07265625
10 0.325 0.37109375 0.1015625 0.32109375
10 0.61171875 0.42109375 0.0921875 0.3453125
4 0.4421875 0.42734375 0.0390625 0.103125
4 0.496875 0.4609375 0.0484375 0.06640625
8 0.32578125 0.46953125 0.13203125 0.83671875
8 0.59453125 0.46953125 0.11796875 0.7578125
4 0.484375 0.509375 0.06328125 0.07890625
6 0.778125 0.6046875 0.06328125 0.13046875
8 0.82578125 0.696875 0.1515625 0.36953125
10 0.846875 0.72890625 0.103125 0.26328125
6 0.32890625 0.1 0.06484375 0.096875
6 0.584375 0.13046875 0.08515625 0.103125
2 0.32734375 0.190625 0.0453125 0.07890625