6 0.19765625 0.53125 0.0671875 0.0609375
6 0.32578125 0.5390625 0.06640625 0.09140625
6 0.6171875 0.54296875 0.0875 0.08359375
6 0.7515625 0.54765625 0.0515625 0.05546875
6 0.3765625 0.54921875 0.04140625 0.04375
6 0.44375 0.55625 0.0421875 0.053125
6 0.5609375 0.56171875 0.0453125 0.0421875
6 0.928125 0.5625 0.05859375 0.04765625
6 0.2828125 0.56875 0.0328125 0.04765625
6 0.0515625 0.57421875 0.04375 0.04375
6 0.8171875 0.57890625 0.05390625 0.04921875
8 0.28359375 0.58828125 0.05 0.15234375
5 0.8796875 0.64453125 0.03359375 0.0515625
8 0.3890625 0.646875 0.06484375 0.29140625
8 0.0609375 0.65234375 0.08515625 0.21171875
10 0.59609375 0.66171875 0.05 0.07421875
10 0.05703125 0.6734375 0.0734375 0.1390625
10 0.3890625 0.6828125 0.05390625 0.15390625
10 0.44453125 0.6859375 0.0765625 0.175
10 0.7609375 0.69609375 0.08125 0.2078125
10 0.5515625 0.7015625 0.06015625 0.1734375
5 0.5796875 0.7046875 0.0421875 0.07265625
8 0.0578125 0.70546875 0.1125 0.58125
10 0.92265625 0.71171875 0.0953125 0.16953125
10 0.825 0.72734375 0.06015625 0.1640625
8 0.31953125 0.73359375 0.14375 0.49140625
8 0.2 0.74140625 0.121875 0.5171875
10 0.20234375 0.74921875 0.10234375 0.24921875
8 0.634375 0.75078125 0.12890625 0.49140625
8 0.5546875 0.75234375 0.0734375 0.44609375
8 0.75078125 0.75703125 0.09375 0.4859375
8 0.4484375 0.7609375 0.07890625 0.4625
8 0.9234375 0.7625 0.10234375 0.4625
10 0.6421875 0.7703125 0.0890625 0.24921875
8 0.8203125 0.7734375 0.06640625 0.434375
10 0.328125 0.7796875 0.1359375 0.27265625
10 0.03671875 0.79140625 0.07109375 0.3296875