7 0.73359375 0.32734375 0.12109375 0.1015625
2 0.7140625 0.4203125 0.1046875 0.146875
5 0.64296875 0.50703125 0.03828125 0.17109375
8 0.7265625 0.65625 0.25703125 0.6671875
7 0.9359375 0.78828125 0.128125 0.18828125
5 0.7203125 0.809375 0.0671875 0.08671875
8 0.9203125 0.846875 0.159375 0.27265625
7 0.3671875 0.86640625 0.11953125 0.18046875
8 0.37734375 0.89609375 0.1953125 0.20703125
7 0.14609375 0.921875 0.1375 0.15625
8 0.14296875 0.92734375 0.159375 0.13515625
3 0.70234375 0.4015625 0.05625 0.05546875