6 0.7984375 0.21171875 0.07734375 0.1078125
6 0.6140625 0.25 0.08203125 0.09140625
6 0.37421875 0.28671875 0.075 0.103125
6 0.215625 0.30234375 0.07265625 0.10625
8 0.846875 0.428125 0.1921875 0.54453125
5 0.759375 0.4453125 0.03828125 0.04765625
5 0.33359375 0.46171875 0.02890625 0.06328125
8 0.6671875 0.48046875 0.16015625 0.5203125
8 0.446875 0.48984375 0.19765625 0.478125
5 0.6609375 0.50078125 0.0359375 0.04765625
5 0.5375 0.503125 0.03515625 0.04921875
5 0.078125 0.50859375 0.03515625 0.065625
8 0.20234375 0.51015625 0.15703125 0.5109375