6 0.384375 0.47734375 0.01796875 0.02109375
6 0.39296875 0.4546875 0.01796875 0.02421875
6 0.5484375 0.428125 0.01796875 0.02421875
6 0.63203125 0.44140625 0.01328125 0.03046875
6 0.6609375 0.41640625 0.01171875 0.021875
8 0.38984375 0.54921875 0.03125 0.16875
8 0.403125 0.52109375 0.03984375 0.1796875
8 0.559375 0.4953125 0.0359375 0.16875
8 0.6359375 0.51015625 0.02578125 0.171875
8 0.66171875 0.4859375 0.03125 0.153125
9 0.6203125 0.58828125 0.01953125 0.0234375
9 0.64921875 0.57890625 0.0171875 0.03046875
9 0.6671875 0.553125 0.01015625 0.01640625
9 0.65078125 0.55234375 0.01484375 0.01796875
9 0.56875 0.56875 0.01640625 0.01953125
9 0.53984375 0.56953125 0.01953125 0.01796875