6 0.7078125 0.25625 0.0515625 0.07109375
2 0.3125 0.26015625 0.0296875 0.06875
6 0.4828125 0.2625 0.0453125 0.05859375
8 0.5890625 0.2625 0.0390625 0.1296875
6 0.54296875 0.2640625 0.04375 0.05078125
2 0.1875 0.27890625 0.06015625 0.07109375
6 0.3640625 0.27890625 0.0453125 0.05546875
2 0.58515625 0.28203125 0.0328125 0.07578125
2 0.4078125 0.28515625 0.0296875 0.06875
8 0.753125 0.28515625 0.0390625 0.14453125
2 0.625 0.2890625 0.0421875 0.07109375
2 0.86875 0.290625 0.0296875 0.06328125
8 0.3125 0.303125 0.0578125 0.26171875
8 0.4078125 0.303125 0.04140625 0.20078125
2 0.26953125 0.30703125 0.0390625 0.065625
2 0.7515625 0.30859375 0.0390625 0.0890625
2 0.54453125 0.3109375 0.03359375 0.05859375
2 0.9203125 0.3109375 0.0453125 0.0734375
2 0.478125 0.3125 0.0265625 0.07109375
2 0.7046875 0.31328125 0.03359375 0.0734375
2 0.7921875 0.31328125 0.0390625 0.07890625
2 0.36328125 0.3375 0.0359375 0.07109375
8 0.63984375 0.35625 0.08984375 0.32265625
8 0.4765625 0.37578125 0.0890625 0.25859375
8 0.3671875 0.3859375 0.08515625 0.23828125
8 0.7203125 0.38984375 0.0828125 0.34296875
8 0.5546875 0.40078125 0.0859375 0.31484375
10 0.6296875 0.42734375 0.07734375 0.18515625
10 0.1921875 0.43046875 0.08125 0.23125
10 0.2921875 0.434375 0.0796875 0.21328125
10 0.471875 0.44921875 0.08359375 0.19765625
10 0.5515625 0.453125 0.08125 0.215625
10 0.70703125 0.45546875 0.07109375 0.1953125
10 0.36875 0.4578125 0.0796875 0.175
10 0.8015625 0.5 0.09609375 0.25859375
10 0.92734375 0.50390625 0.12265625 0.2921875
6 0.50703125 0.53828125 0.0609375 0.08125
6 0.61796875 0.546875 0.05625 0.0734375
8 0.1765625 0.5484375 0.09609375 0.76640625
6 0.4109375 0.5484375 0.0578125 0.07109375
8 0.91875 0.57578125 0.1 0.7515625
8 0.8015625 0.5859375 0.0796875 0.7359375
8 0.259375 0.59140625 0.09609375 0.7234375
6 0.69921875 0.59375 0.06640625 0.09140625
2 0.5078125 0.60625 0.03515625 0.07578125
2 0.41328125 0.615625 0.0359375 0.05859375
2 0.61796875 0.615625 0.04140625 0.07890625
5 0.90546875 0.634375 0.03359375 0.08125
2 0.690625 0.65078125 0.0484375 0.08359375
6 0.278125 0.6609375 0.06640625 0.1296875
8 0.5078125 0.7359375 0.1046875 0.4515625
8 0.6125 0.74375 0.1171875 0.43671875
10 0.5171875 0.7546875 0.0953125 0.22578125
8 0.71875 0.75625 0.1328125 0.446875
8 0.39375 0.7578125 0.1078125 0.434375
10 0.6265625 0.76015625 0.1109375 0.215625
10 0.40859375 0.7640625 0.0875 0.24375
10 0.73125 0.8390625 0.1125 0.26171875
5 0.4359375 0.8578125 0.02890625 0.0859375
5 0.50625 0.8765625 0.0296875 0.09921875
5 0.59765625 0.92890625 0.025 0.08125
6 0.35234375 0.17265625 0.03984375 0.0453125
6 0.4703125 0.19296875 0.0421875 0.0453125
8 0.3546875 0.1953125 0.0546875 0.1265625
6 0.696875 0.19765625 0.04140625 0.03515625
6 0.3078125 0.20546875 0.05 0.05078125
6 0.18046875 0.21328125 0.07109375 0.07578125
6 0.87890625 0.2171875 0.0578125 0.05859375
2 0.35546875 0.21953125 0.02890625 0.05859375
6 0.5875 0.21953125 0.025 0.04296875
6 0.55546875 0.22109375 0.02890625 0.03515625
6 0.62265625 0.2296875 0.0453125 0.0890625
6 0.409375 0.23125 0.04609375 0.05078125
6 0.92421875 0.2375 0.0609375 0.08359375
6 0.7953125 0.24765625 0.05859375 0.06875
8 0.8671875 0.24765625 0.05234375 0.15
7 0.26640625 0.2484375 0.03515625 0.07578125
6 0.7515625 0.2484375 0.0453125 0.0453125
3 0.69921875 0.29921875 0.0359375 0.040625
9 0.1578125 0.91875 0.0390625 0.11171875
9 0.2109375 0.88984375 0.0609375 0.0890625
9 0.27734375 0.940625 0.06484375 0.09140625
9 0.3078125 0.81875 0.04140625 0.10625