6 0.46015625 0.3984375 0.03515625 0.03515625
7 0.74609375 0.42421875 0.03515625 0.03046875
6 0.3328125 0.4453125 0.03515625 0.03515625
6 0.20234375 0.446875 0.03515625 0.03515625
2 0.75703125 0.453125 0.01875 0.03359375
6 0.56484375 0.48046875 0.0453125 0.03515625
8 0.4609375 0.5109375 0.05859375 0.28046875
6 0.646875 0.52421875 0.0390625 0.0421875
8 0.74140625 0.5265625 0.06484375 0.21796875
8 0.3359375 0.56015625 0.05390625 0.27890625
8 0.2046875 0.5703125 0.05234375 0.28203125
8 0.5609375 0.6125 0.0640625 0.2984375
8 0.65546875 0.64921875 0.0734375 0.2984375
9 0.5828125 0.76953125 0.0390625 0.0265625
9 0.54609375 0.74921875 0.03359375 0.03671875
9 0.4671875 0.65078125 0.04375 0.02890625
9 0.63671875 0.80546875 0.03359375 0.03359375