6 0.27734375 0.1671875 0.0453125 0.03359375
6 0.46484375 0.1703125 0.05390625 0.03125
6 0.38671875 0.184375 0.0515625 0.03359375
2 0.275 0.209375 0.03203125 0.05859375
2 0.45859375 0.2234375 0.03671875 0.06875
2 0.378125 0.2265625 0.0328125 0.05625
10 0.37890625 0.29296875 0.09296875 0.05859375
10 0.26171875 0.35078125 0.05859375 0.1890625
10 0.48515625 0.3625 0.07734375 0.1671875
5 0.2953125 0.3890625 0.028125 0.03984375
8 0.28203125 0.4640625 0.08359375 0.63515625
8 0.365625 0.4765625 0.07421875 0.6234375
8 0.48046875 0.47734375 0.08671875 0.63515625
5 0.23671875 0.51640625 0.04921875 0.04765625
9 0.23203125 0.77734375 0.040625 0.05859375
9 0.49921875 0.7796875 0.06015625 0.05390625
9 0.45390625 0.7671875 0.06171875 0.0421875
9 0.34921875 0.7796875 0.040625 0.0546875
9 0.3765625 0.77109375 0.0359375 0.04609375