5 0.640625 0.71875 0.07109375 0.07890625
10 0.87734375 0.7203125 0.19453125 0.4796875
5 0.253125 0.7703125 0.034375 0.09765625
4 0.9 0.95703125 0.0703125 0.0859375
6 0.1859375 0.128125 0.109375 0.09609375
6 0.528125 0.21484375 0.1125 0.0890625
2 0.178125 0.21484375 0.05703125 0.11328125
2 0.5296875 0.29765625 0.0609375 0.10625
6 0.34765625 0.29921875 0.0765625 0.09296875
6 0.88359375 0.31875 0.084375 0.1015625
6 0.68046875 0.325 0.103125 0.0953125
2 0.35078125 0.37265625 0.05625 0.08046875
2 0.671875 0.4015625 0.053125 0.08203125
2 0.87578125 0.4171875 0.07421875 0.11015625
10 0.16640625 0.45390625 0.1359375 0.39296875
5 0.06796875 0.51640625 0.046875 0.08515625
8 0.1375 0.52890625 0.1671875 0.8953125
8 0.51953125 0.56328125 0.16953125 0.83203125
10 0.35078125 0.59453125 0.184375 0.32890625
8 0.6796875 0.609375 0.121875 0.7015625
8 0.3390625 0.61015625 0.16171875 0.7125
8 0.8921875 0.63046875 0.1953125 0.73125
5 0.57734375 0.63828125 0.07109375 0.1015625
10 0.69375 0.653125 0.14453125 0.375
5 0.221875 0.7046875 0.0375 0.07890625