6 0.22890625 0.29375 0.10390625 0.1484375
6 0.6921875 0.30234375 0.11640625 0.16328125
5 0.321875 0.3625 0.0765625 0.115625
2 0.23125 0.41640625 0.07265625 0.1265625
2 0.69921875 0.45234375 0.0890625 0.1578125
5 0.86328125 0.5234375 0.13984375 0.3546875
8 0.240625 0.609375 0.33828125 0.78046875
8 0.71171875 0.61171875 0.41796875 0.7703125
5 0.61484375 0.8734375 0.096875 0.1703125
5 0.21640625 0.9171875 0.07890625 0.14296875
3 0.6984375 0.41484375 0.096875 0.06875
3 0.234375 0.390625 0.0703125 0.06875