6 0.62109375 0.31484375 0.0421875 0.021875
6 0.484375 0.7859375 0.03359375 0.0109375
6 0.5796875 0.82109375 0.0453125 0.01484375
6 0.76171875 0.8046875 0.0359375 0.0140625
10 0.478125 0.8390625 0.05859375 0.05078125
10 0.53515625 0.84921875 0.05 0.04609375
10 0.60703125 0.88203125 0.05859375 0.05078125
10 0.77734375 0.8703125 0.05234375 0.0703125
10 0.6640625 0.34921875 0.0625 0.0328125
8 0.6578125 0.36953125 0.0953125 0.13359375
8 0.73046875 0.3984375 0.04609375 0.1140625
8 0.47109375 0.87265625 0.04765625 0.190625
8 0.51875 0.86796875 0.0546875 0.1265625
8 0.60703125 0.88515625 0.0984375 0.153125
8 0.7734375 0.87421875 0.07265625 0.15234375