6 0.3484375 0.41328125 0.034375 0.0484375
6 0.25390625 0.43984375 0.03203125 0.05390625
2 0.34765625 0.4515625 0.02578125 0.040625
2 0.2546875 0.4796875 0.02421875 0.04453125
10 0.34609375 0.540625 0.07265625 0.15546875
10 0.25390625 0.56640625 0.06171875 0.140625
5 0.33125 0.59609375 0.025 0.0515625
8 0.34765625 0.625 0.06875 0.471875
8 0.24921875 0.63671875 0.07265625 0.4484375
5 0.38046875 0.6390625 0.0125 0.03671875
5 0.29140625 0.65546875 0.0125 0.03671875
5 0.22421875 0.6765625 0.02265625 0.04609375