6 0.55859375 0.20859375 0.05703125 0.07578125
6 0.32421875 0.25078125 0.05859375 0.08671875
6 0.12890625 0.27421875 0.06171875 0.08125
6 0.6546875 0.2796875 0.065625 0.08515625
6 0.40078125 0.28125 0.07421875 0.08515625
6 0.5015625 0.28984375 0.059375 0.08359375
8 0.57109375 0.30546875 0.09375 0.26328125
8 0.75234375 0.40703125 0.04296875 0.29296875
8 0.30546875 0.5796875 0.12265625 0.7515625
8 0.03359375 0.609375 0.06484375 0.6296875
2 0.91640625 0.61171875 0.08984375 0.17578125
8 0.66328125 0.61796875 0.13046875 0.75703125
8 0.1328125 0.61796875 0.13203125 0.75703125
8 0.37734375 0.61875 0.12734375 0.759375
8 0.50859375 0.62421875 0.14765625 0.7296875
8 0.896875 0.70546875 0.20390625 0.56328125