2 0.18203125 0.33515625 0.06640625 0.11015625
4 0.63125 0.39140625 0.10234375 0.14296875
4 0.56796875 0.51796875 0.0734375 0.14296875
10 0.70234375 0.53203125 0.2265625 0.38984375
8 0.6796875 0.5453125 0.23125 0.8765625
4 0.19296875 0.5453125 0.0578125 0.11640625
10 0.1703125 0.56015625 0.1890625 0.40703125
8 0.15859375 0.56796875 0.1890625 0.8296875
10 0.40546875 0.571875 0.23359375 0.403125
4 0.43359375 0.5734375 0.07578125 0.10703125
8 0.4 0.575 0.2265625 0.83671875
4 0.3078125 0.7 0.08203125 0.11328125
4 0.2875 0.81015625 0.06015625 0.1203125
6 0.65859375 0.18359375 0.13984375 0.13984375
6 0.36796875 0.2203125 0.11328125 0.1
6 0.1796875 0.23203125 0.13359375 0.13671875
2 0.65234375 0.2796875 0.0953125 0.0796875
2 0.378125 0.3265625 0.115625 0.1265625