6 0.16875 0.3046875 0.09375 0.11171875
2 0.52734375 0.34453125 0.05390625 0.0671875
8 0.7296875 0.3828125 0.18828125 0.5015625
8 0.64765625 0.40625 0.1 0.38125
4 0.6453125 0.4515625 0.04609375 0.0765625
10 0.45234375 0.46015625 0.16015625 0.20546875
10 0.73203125 0.46484375 0.184375 0.29609375
4 0.74375 0.48125 0.06015625 0.0703125
8 0.4671875 0.49140625 0.19375 0.48984375
10 0.18984375 0.57734375 0.184375 0.33984375
8 0.18671875 0.5890625 0.1859375 0.6625
6 0.70390625 0.17890625 0.1203125 0.09375
6 0.65390625 0.2328125 0.04765625 0.0671875
2 0.696875 0.27734375 0.0578125 0.07890625
6 0.52109375 0.2859375 0.07421875 0.0734375