6 0.31328125 0.50078125 0.021875 0.02578125
6 0.4921875 0.46875 0.01875 0.0171875
6 0.12109375 0.45234375 0.021875 0.02421875
6 0.54453125 0.4953125 0.01171875 0.01171875
6 0.27578125 0.478125 0.01171875 0.01015625
6 0.68671875 0.45 0.00859375 0.00859375
10 0.690625 0.4671875 0.0109375 0.015625
10 0.540625 0.5078125 0.0078125 0.0171875
10 0.49453125 0.49765625 0.01484375 0.034375
10 0.15234375 0.4953125 0.040625 0.08046875
10 0.27890625 0.50234375 0.01328125 0.021875
10 0.31328125 0.5265625 0.0453125 0.034375
8 0.6890625 0.4625 0.021875 0.04765625
8 0.54296875 0.509375 0.025 0.04609375
8 0.49375 0.5109375 0.028125 0.09765625
8 0.31015625 0.565625 0.05 0.15234375
8 0.1578125 0.53828125 0.0671875 0.20078125
9 0.3 0.63125 0.021875 0.028125
9 0.33671875 0.63125 0.02265625 0.025
9 0.5078125 0.55234375 0.01015625 0.01953125
9 0.490625 0.559375 0.0109375 0.0109375