8 0.375 0.33125 0.1015625 0.6078125
6 0.4640625 0.4015625 0.05078125 0.0578125
4 0.478125 0.43515625 0.0359375 0.05
6 0.38984375 0.0578125 0.053125 0.0703125
10 0.4875 0.58359375 0.08515625 0.1921875
6 0.64375 0.59765625 0.05234375 0.075
8 0.50390625 0.66015625 0.1421875 0.56015625
10 0.70859375 0.68984375 0.08515625 0.1296875
8 0.690625 0.76875 0.15078125 0.44765625
5 0.640625 0.83359375 0.02578125 0.0578125
4 0.440625 0.2140625 0.02578125 0.0421875
10 0.36640625 0.2265625 0.09453125 0.20234375
9 0.553125 0.91640625 0.0578125 0.0625
9 0.6703125 0.8984375 0.0578125 0.05
9 0.44609375 0.9453125 0.04140625 0.0546875
9 0.4078125 0.6015625 0.05625 0.0578125