6 0.69609375 0.4375 0.09453125 0.16875
6 0.88203125 0.36640625 0.04609375 0.04375
6 0.4234375 0.509375 0.01640625 0.01875
6 0.2703125 0.5171875 0.01171875 0.01640625
6 0.240625 0.5234375 0.0078125 0.01484375
8 0.8953125 0.5484375 0.07734375 0.4109375
8 0.68046875 0.6203125 0.21796875 0.5515625
8 0.50078125 0.59140625 0.028125 0.11328125
8 0.47578125 0.6046875 0.02421875 0.0921875
8 0.415625 0.57734375 0.0328125 0.15078125
8 0.2734375 0.56484375 0.0234375 0.10859375
8 0.240625 0.57421875 0.02265625 0.11015625
8 0.2203125 0.58046875 0.0171875 0.096875
10 0.896875 0.48125 0.071875 0.1609375
10 0.415625 0.546875 0.0234375 0.05546875
10 0.67890625 0.51796875 0.2 0.34296875
4 0.67734375 0.76796875 0.05390625 0.10234375