6 0.875 0.309375 0.08203125 0.0796875
6 0.66328125 0.35078125 0.05390625 0.03984375
6 0.73515625 0.35703125 0.0421875 0.05859375
6 0.4578125 0.36953125 0.04765625 0.034375
6 0.18984375 0.3703125 0.05625 0.0640625
6 0.41015625 0.39765625 0.0359375 0.05859375
5 0.16796875 0.47578125 0.05625 0.0453125
5 0.6140625 0.484375 0.03984375 0.034375
8 0.734375 0.515625 0.0640625 0.37578125
5 0.6640625 0.52265625 0.03203125 0.04296875
8 0.45625 0.53984375 0.07578125 0.40234375
8 0.403125 0.54140625 0.065625 0.35234375
8 0.66171875 0.546875 0.0921875 0.44296875
8 0.19375 0.553125 0.0921875 0.434375
8 0.96953125 0.55546875 0.0609375 0.3765625
5 0.49765625 0.55703125 0.03203125 0.05859375
5 0.41171875 0.5703125 0.03203125 0.053125
8 0.865625 0.625 0.171875 0.7015625
5 0.78515625 0.65234375 0.0296875 0.06171875
5 0.96796875 0.6796875 0.04375 0.05859375
9 0.20625 0.734375 0.04375 0.05078125
9 0.66875 0.76796875 0.0296875 0.04765625
9 0.64375 0.72421875 0.0421875 0.053125
9 0.45234375 0.73203125 0.0421875 0.06171875
9 0.3890625 0.69296875 0.03984375 0.0375
9 0.79296875 0.9109375 0.05625 0.075
9 0.85625 0.93046875 0.0578125 0.08828125