6 0.271875 0.30390625 0.0546875 0.10234375
6 0.5671875 0.3296875 0.07109375 0.1171875
2 0.5984375 0.36484375 0.04765625 0.0796875
10 0.29453125 0.3875 0.103125 0.11015625
8 0.29453125 0.4328125 0.1359375 0.36875
10 0.64921875 0.4671875 0.12734375 0.1359375
4 0.32421875 0.48125 0.03203125 0.03984375
4 0.26953125 0.49765625 0.03046875 0.05
8 0.63828125 0.5015625 0.2296875 0.475
4 0.621875 0.54921875 0.0609375 0.08359375
3 0.578125 0.36796875 0.02578125 0.0390625
0 0.278125 0.59921875 0.04765625 0.0671875
0 0.340625 0.5953125 0.03359375 0.05859375