6 0.7734375 0.27109375 0.08671875 0.053125
6 0.41953125 0.27578125 0.06171875 0.053125
6 0.19765625 0.28984375 0.08515625 0.05546875
6 0.62890625 0.3 0.06171875 0.053125
6 0.5421875 0.30234375 0.06171875 0.053125
2 0.4171875 0.321875 0.0546875 0.0625
2 0.77734375 0.3234375 0.075 0.09140625
2 0.2046875 0.3421875 0.05 0.07109375
2 0.54609375 0.34765625 0.0453125 0.05546875
2 0.634375 0.35078125 0.0453125 0.0796875
10 0.396875 0.46796875 0.11328125 0.2203125
10 0.53203125 0.48125 0.11328125 0.2203125
10 0.6515625 0.49453125 0.11328125 0.2203125
10 0.19921875 0.50703125 0.11796875 0.2625
10 0.79765625 0.5234375 0.14140625 0.27578125
8 0.3859375 0.57578125 0.1546875 0.6625
8 0.52265625 0.584375 0.128125 0.64921875
8 0.64765625 0.5921875 0.1046875 0.6421875
4 0.3359375 0.60546875 0.03203125 0.078125
8 0.80703125 0.61640625 0.15703125 0.746875
4 0.465625 0.61640625 0.03515625 0.0640625
8 0.1984375 0.62421875 0.18671875 0.75078125
4 0.271875 0.64921875 0.03671875 0.084375
4 0.91328125 0.653125 0.06015625 0.09296875
4 0.1578125 0.66328125 0.0453125 0.09140625
4 0.72109375 0.6875 0.0515625 0.08203125
9 0.6625 0.903125 0.071875 0.0640625
9 0.6265625 0.8578125 0.0484375 0.11328125
9 0.55546875 0.88125 0.05859375 0.0734375
9 0.45234375 0.89296875 0.05703125 0.078125
9 0.32109375 0.89453125 0.05 0.07578125
9 0.23671875 0.90859375 0.1046875 0.06640625
9 0.1359375 0.96796875 0.05859375 0.0640625
9 0.4109375 0.86875 0.05703125 0.0734375