6 0.29921875 0.2921875 0.09375 0.08984375
2 0.7 0.29609375 0.071875 0.1140625
2 0.29609375 0.365625 0.0796875 0.06796875
8 0.53203125 0.48671875 0.184375 0.89140625
8 0.71875 0.52734375 0.21015625 0.84765625
8 0.2671875 0.59140625 0.2421875 0.76875
5 0.48515625 0.7375 0.05390625 0.12265625
4 0.39296875 0.81015625 0.05390625 0.11953125
4 0.17109375 0.81484375 0.0578125 0.11953125
5 0.8 0.8546875 0.1 0.08984375
6 0.53828125 0.1375 0.1 0.1171875
6 0.69296875 0.1890625 0.1140625 0.1328125
2 0.54296875 0.2265625 0.06171875 0.1171875