6 0.4328125 0.12265625 0.23671875 0.203125
2 0.440625 0.29453125 0.18046875 0.20078125
6 0.87109375 0.43984375 0.0265625 0.01875
7 0.2703125 0.44765625 0.028125 0.03359375
7 0.0515625 0.4546875 0.02421875 0.03203125
7 0.01171875 0.45703125 0.0234375 0.0375
7 0.2203125 0.46015625 0.01484375 0.02578125
8 0.27578125 0.46875 0.03125 0.05234375
8 0.7203125 0.47734375 0.01640625 0.03828125
8 0.44296875 0.48671875 0.5578125 0.9734375
8 0.21953125 0.48828125 0.0265625 0.06796875
8 0.059375 0.53046875 0.05 0.16953125
8 0.0140625 0.53515625 0.02734375 0.18125
8 0.871875 0.5421875 0.0734375 0.234375
10 0.42421875 0.740625 0.4125 0.51875
3 0.434375 0.26640625 0.16328125 0.071875
9 0.840625 0.64296875 0.02421875 0.02734375
9 0.88828125 0.6421875 0.0265625 0.03125