6 0.5734375 0.3359375 0.01484375 0.0171875
8 0.58515625 0.3703125 0.03828125 0.09609375
6 0.5078125 0.37421875 0.01484375 0.02578125
8 0.48828125 0.40703125 0.0578125 0.1015625
6 0.615625 0.41640625 0.0296875 0.0421875
8 0.66015625 0.44453125 0.10234375 0.115625
6 0.61875 0.48046875 0.04921875 0.0453125
6 0.18359375 0.5453125 0.06015625 0.084375
8 0.68515625 0.5578125 0.11328125 0.17265625
6 0.60234375 0.6046875 0.05546875 0.0734375
8 0.11015625 0.7234375 0.21171875 0.46875
5 0.13046875 0.7359375 0.03828125 0.04765625
6 0.378125 0.77421875 0.0765625 0.06796875
5 0.628125 0.7796875 0.03828125 0.0453125
8 0.659375 0.78671875 0.203125 0.415625
5 0.64296875 0.82734375 0.03828125 0.03984375
6 0.78984375 0.84609375 0.04921875 0.059375
8 0.3671875 0.86171875 0.175 0.26015625
9 0.11953125 0.8828125 0.06640625 0.04765625
9 0.09375 0.93046875 0.08984375 0.0625