6 0.81171875 0.16171875 0.07578125 0.08125
6 0.74609375 0.1625 0.06796875 0.07265625
6 0.26796875 0.1859375 0.08203125 0.07265625
6 0.1515625 0.24375 0.08359375 0.06484375
8 0.73671875 0.35546875 0.10703125 0.49375
10 0.85390625 0.3984375 0.109375 0.3359375
10 0.73984375 0.3984375 0.09921875 0.28515625
10 0.28046875 0.43203125 0.140625 0.29375
10 0.1359375 0.46171875 0.13671875 0.2609375
5 0.84296875 0.4796875 0.05234375 0.06875
8 0.85078125 0.5390625 0.146875 0.86015625
8 0.1359375 0.55546875 0.1625 0.6984375
8 0.28671875 0.559375 0.1703125 0.82890625
5 0.3734375 0.590625 0.034375 0.08125
5 0.2140625 0.6109375 0.03828125 0.08984375
6 0.5671875 0.6375 0.0640625 0.12265625
6 0.64296875 0.6625 0.06171875 0.1296875
10 0.75546875 0.690625 0.14453125 0.1765625
10 0.4765625 0.7015625 0.175 0.19375
8 0.4859375 0.7734375 0.2640625 0.37109375
8 0.72421875 0.7765625 0.22734375 0.35859375
5 0.5125 0.865625 0.04296875 0.08359375
5 0.64140625 0.91875 0.07109375 0.06015625
5 0.58359375 0.94453125 0.04609375 0.04375
9 0.26015625 0.94453125 0.08515625 0.0890625
9 0.34296875 0.9203125 0.0703125 0.0890625
9 0.840625 0.93359375 0.08984375 0.07890625
9 0.8 0.9234375 0.0703125 0.06484375