6 0.22890625 0.1859375 0.01328125 0.0265625
6 0.2609375 0.1734375 0.009375 0.01640625
6 0.30234375 0.184375 0.01015625 0.01484375
6 0.334375 0.17890625 0.01328125 0.01640625
6 0.37265625 0.19375 0.01015625 0.01328125
8 0.228125 0.23359375 0.03515625 0.14296875
8 0.2671875 0.23203125 0.03515625 0.14453125
8 0.3015625 0.2390625 0.0296875 0.125
8 0.33828125 0.2359375 0.03203125 0.128125
8 0.37578125 0.24765625 0.0359375 0.125
9 0.2640625 0.2984375 0.0140625 0.0234375
9 0.22421875 0.303125 0.01484375 0.01640625
9 0.240625 0.29609375 0.01171875 0.01953125
9 0.27890625 0.28828125 0.0109375 0.01796875
9 0.3015625 0.28984375 0.009375 0.025
9 0.30859375 0.29921875 0.0125 0.01875