6 0.2 0.33984375 0.0703125 0.04921875
4 0.30234375 0.39140625 0.03359375 0.05390625
4 0.303125 0.4578125 0.03828125 0.05625
6 0.43359375 0.46640625 0.03828125 0.03984375
6 0.79921875 0.4671875 0.04375 0.05625
6 0.55625 0.4671875 0.03515625 0.0375
10 0.19296875 0.47109375 0.1015625 0.12421875
6 0.63359375 0.4921875 0.03828125 0.05390625
10 0.36171875 0.503125 0.0734375 0.07734375
10 0.75078125 0.509375 0.05234375 0.1078125
10 0.52578125 0.5234375 0.0578125 0.065625
10 0.6515625 0.54296875 0.06171875 0.06328125
8 0.7640625 0.565625 0.10546875 0.278125
8 0.1921875 0.56640625 0.2015625 0.48359375
8 0.52890625 0.56875 0.07578125 0.2265625
8 0.384375 0.575 0.13515625 0.27109375
8 0.6578125 0.5890625 0.1015625 0.22890625
4 0.7578125 0.60390625 0.028125 0.04453125
4 0.70625 0.6125 0.0265625 0.046875
4 0.3921875 0.615625 0.03359375 0.04921875
4 0.65859375 0.67421875 0.040625 0.05859375
9 0.2421875 0.80859375 0.0828125 0.05625
9 0.6875 0.69765625 0.0453125 0.0421875
9 0.73828125 0.70703125 0.03359375 0.04453125
9 0.7953125 0.70546875 0.040625 0.0421875