7 0.18046875 0.159375 0.10859375 0.08125
7 0.36171875 0.190625 0.05234375 0.06875
7 0.44140625 0.21171875 0.09140625 0.10390625
2 0.60078125 0.22578125 0.18515625 0.275
5 0.33671875 0.23828125 0.0703125 0.07421875
5 0.1203125 0.25234375 0.04609375 0.115625
2 0.19140625 0.259375 0.08046875 0.14921875
2 0.37578125 0.2734375 0.03984375 0.08203125
8 0.4140625 0.29609375 0.19765625 0.265625
8 0.1921875 0.3078125 0.24296875 0.34453125
8 0.6671875 0.49375 0.6640625 0.9859375
5 0.2796875 0.50859375 0.0765625 0.08671875
7 0.590625 0.0640625 0.28515625 0.1203125