10 0.44765625 0.33984375 0.121875 0.17890625
10 0.303125 0.35546875 0.1265625 0.19140625
10 0.184375 0.37421875 0.11328125 0.22890625
5 0.25078125 0.3984375 0.03984375 0.05625
5 0.31640625 0.4078125 0.046875 0.0375
5 0.39921875 0.459375 0.03359375 0.053125
8 0.4546875 0.4625 0.14921875 0.67421875
8 0.31875 0.4640625 0.14921875 0.67109375
5 0.4953125 0.4859375 0.0359375 0.0625
8 0.19296875 0.4890625 0.13359375 0.75859375
6 0.2109375 0.15234375 0.084375 0.084375
6 0.4359375 0.17421875 0.07109375 0.078125
6 0.3125 0.17734375 0.0640625 0.078125
2 0.20859375 0.21328125 0.06640625 0.06875
2 0.43125 0.22578125 0.03125 0.0625
2 0.315625 0.23046875 0.0578125 0.053125
9 0.23359375 0.83984375 0.1046875 0.065625
9 0.17109375 0.79296875 0.06875 0.065625
9 0.28671875 0.78046875 0.0421875 0.065625
9 0.3796875 0.76484375 0.07109375 0.065625
9 0.4796875 0.76484375 0.06640625 0.06875