6 0.26015625 0.2234375 0.0484375 0.0546875
5 0.2 0.27421875 0.034375 0.046875
8 0.1625 0.32109375 0.07265625 0.50625
8 0.2703125 0.3640625 0.078125 0.32578125
5 0.24921875 0.375 0.040625 0.0453125
6 0.396875 0.4140625 0.0703125 0.08671875
2 0.39296875 0.515625 0.05234375 0.09453125
8 0.38984375 0.67109375 0.12109375 0.57421875
5 0.40390625 0.8125 0.05625 0.10390625
6 0.221875 0.10859375 0.04453125 0.0734375
2 0.21484375 0.1484375 0.03828125 0.071875
9 0.371875 0.90859375 0.10859375 0.12265625
9 0.18984375 0.6109375 0.07890625 0.065625