6 0.6203125 0.5734375 0.034375 0.025
6 0.2453125 0.584375 0.0421875 0.03046875
6 0.26796875 0.625 0.03203125 0.02421875
2 0.23828125 0.62578125 0.03125 0.0484375
5 0.521875 0.63359375 0.0375 0.05
6 0.05390625 0.63515625 0.03828125 0.02109375
6 0.753125 0.65703125 0.03984375 0.028125
2 0.05 0.66015625 0.02421875 0.046875
6 0.803125 0.66796875 0.034375 0.025
5 0.709375 0.69609375 0.028125 0.04140625
5 0.29453125 0.7078125 0.03671875 0.03828125
8 0.0375 0.74921875 0.0734375 0.3
8 0.2171875 0.765625 0.090625 0.4359375
8 0.7578125 0.76953125 0.07734375 0.28125
8 0.621875 0.77421875 0.18203125 0.44765625
8 0.80625 0.78203125 0.046875 0.25859375
8 0.11875 0.7921875 0.0546875 0.284375
8 0.26796875 0.79453125 0.0703125 0.35859375
5 0.14609375 0.79921875 0.028125 0.03203125
9 0.18125 0.96953125 0.03984375 0.0515625
9 0.14375 0.93828125 0.0421875 0.03671875
9 0.071875 0.93046875 0.04140625 0.04140625
9 0.2828125 0.96015625 0.05625 0.03671875
9 0.2421875 0.94140625 0.0328125 0.03359375
9 0.7640625 0.90234375 0.0390625 0.03125
9 0.8125 0.8890625 0.02734375 0.03359375