7 0.73828125 0.25625 0.0265625 0.02890625
6 0.77265625 0.3421875 0.034375 0.0390625
8 0.7359375 0.34453125 0.0484375 0.215625
6 0.3796875 0.3546875 0.0296875 0.0390625
8 0.79140625 0.41171875 0.06640625 0.18515625
8 0.3734375 0.4390625 0.0546875 0.17734375
7 0.2734375 0.4703125 0.03046875 0.04375
8 0.278125 0.5625 0.06171875 0.22421875
5 0.253125 0.5890625 0.01484375 0.0265625
6 0.08984375 0.59921875 0.025 0.0421875
8 0.21953125 0.61328125 0.05078125 0.2078125
5 0.20859375 0.615625 0.01640625 0.02734375
5 0.859375 0.62265625 0.015625 0.02109375
7 0.89375 0.64296875 0.02734375 0.04140625
8 0.10234375 0.690625 0.0640625 0.24921875
8 0.89921875 0.7375 0.04921875 0.2375
5 0.903125 0.74375 0.01640625 0.02734375
8 0.41796875 0.75 0.078125 0.14609375
5 0.428125 0.8015625 0.01796875 0.0390625
8 0.64296875 0.86796875 0.046875 0.14609375
9 0.7828125 0.51171875 0.02578125 0.0234375
9 0.81015625 0.49609375 0.025 0.0265625
9 0.3734375 0.5171875 0.0234375 0.0390625