10 0.746875 0.59375 0.2875 0.178125
10 0.2359375 0.6 0.303125 0.178125
7 0.2734375 0.72265625 0.103125 0.0390625
7 0.74296875 0.73828125 0.1171875 0.0625
10 0.27265625 0.865625 0.2734375 0.165625
10 0.74609375 0.86640625 0.2484375 0.1625
7 0.7515625 0.1515625 0.1234375 0.06640625
7 0.265625 0.14140625 0.1234375 0.040625
10 0.7546875 0.2859375 0.2640625 0.1796875
10 0.26875 0.29609375 0.2796875 0.1796875
7 0.7296875 0.44453125 0.1234375 0.0640625
7 0.2390625 0.4375 0.1265625 0.0453125
5 0.16328125 0.9671875 0.0640625 0.046875
5 0.40546875 0.965625 0.0640625 0.05078125
5 0.6109375 0.9625 0.071875 0.04296875
5 0.884375 0.959375 0.0625 0.0484375
2 0.2734375 0.75703125 0.08203125 0.046875
2 0.2421875 0.47734375 0.0875 0.0453125
2 0.2671875 0.17578125 0.078125 0.0453125
8 0.26953125 0.25703125 0.328125 0.2796875
8 0.24609375 0.55390625 0.34765625 0.28125
8 0.28203125 0.846875 0.34765625 0.2828125
8 0.75 0.84765625 0.3671875 0.27734375
8 0.74140625 0.55078125 0.35546875 0.2828125
8 0.746875 0.259375 0.33203125 0.2828125