10 0.253125 0.59375 0.2875 0.178125
10 0.7640625 0.6 0.303125 0.178125
7 0.7265625 0.7234375 0.1078125 0.0453125
7 0.25625 0.7328125 0.115625 0.0609375
10 0.72734375 0.865625 0.2734375 0.165625
10 0.25390625 0.86640625 0.2484375 0.1625
7 0.24921875 0.153125 0.1109375 0.0625
7 0.73515625 0.140625 0.1234375 0.0484375
10 0.2453125 0.2859375 0.2640625 0.1796875
10 0.73125 0.29609375 0.2796875 0.1796875
7 0.26875 0.44609375 0.11875 0.053125
7 0.7578125 0.440625 0.1265625 0.046875
2 0.75703125 0.48046875 0.0765625 0.0453125
2 0.7234375 0.7578125 0.078125 0.046875
2 0.73359375 0.17578125 0.078125 0.046875
5 0.11015625 0.959375 0.071875 0.053125
5 0.38671875 0.96484375 0.05859375 0.0453125
5 0.590625 0.965625 0.05859375 0.0484375
5 0.8296875 0.96953125 0.05859375 0.0453125
8 0.25703125 0.2546875 0.33984375 0.2875
8 0.25859375 0.5546875 0.3421875 0.2875
8 0.2515625 0.846875 0.3421875 0.27734375
8 0.7203125 0.8515625 0.34375 0.275
8 0.7515625 0.55390625 0.3421875 0.296875
8 0.7359375 0.26171875 0.3296875 0.2734375