10 0.253125 0.59375 0.2875 0.178125
10 0.7640625 0.6 0.303125 0.178125
7 0.7265625 0.72265625 0.103125 0.0390625
7 0.25703125 0.73828125 0.1171875 0.0625
10 0.72734375 0.865625 0.2734375 0.165625
10 0.25390625 0.86640625 0.2484375 0.1625
7 0.2484375 0.1515625 0.1234375 0.06640625
7 0.734375 0.14140625 0.1234375 0.040625
10 0.2453125 0.2859375 0.2640625 0.1796875
10 0.73125 0.29609375 0.2796875 0.1796875
7 0.2703125 0.44453125 0.1234375 0.0640625
7 0.7609375 0.4375 0.1265625 0.0453125
5 0.83671875 0.9671875 0.0640625 0.046875
5 0.59453125 0.965625 0.0640625 0.05078125
5 0.3890625 0.9625 0.071875 0.04296875
5 0.115625 0.959375 0.0625 0.0484375
2 0.7265625 0.75703125 0.08203125 0.046875
2 0.7578125 0.47734375 0.0875 0.0453125
2 0.7328125 0.17578125 0.078125 0.0453125
8 0.73046875 0.25703125 0.328125 0.2796875
8 0.75390625 0.55390625 0.34765625 0.28125
8 0.71796875 0.846875 0.34765625 0.2828125
8 0.25 0.84765625 0.3671875 0.27734375
8 0.25859375 0.55078125 0.35546875 0.2828125
8 0.253125 0.259375 0.33203125 0.2828125