7 0.115625 0.3 0.0953125 0.0546875
7 0.3828125 0.3171875 0.11328125 0.06875
7 0.8609375 0.325 0.0640625 0.040625
7 0.61328125 0.353125 0.07421875 0.05625
10 0.8609375 0.496875 0.1578125 0.2171875
10 0.1109375 0.496875 0.15 0.24375
10 0.38984375 0.553125 0.19140625 0.2875
10 0.625 0.615625 0.17578125 0.30859375
3 0.4015625 0.334375 0.05625 0.0296875
4 0.3140625 0.7515625 0.071875 0.07421875
4 0.1875 0.63671875 0.0484375 0.0640625
4 0.484375 0.6890625 0.04296875 0.0703125
4 0.78984375 0.63203125 0.046875 0.05859375
4 0.9484375 0.61640625 0.04296875 0.05625
9 0.92109375 0.85859375 0.06875 0.05625
9 0.85078125 0.8546875 0.06640625 0.0546875
3 0.865625 0.34375 0.046875 0.01953125
2 0.6140625 0.409375 0.0625 0.06875
2 0.8640625 0.35546875 0.0484375 0.04296875
2 0.4 0.3484375 0.0609375 0.0640625
2 0.128125 0.33203125 0.04296875 0.05078125
5 0.0421875 0.64375 0.040625 0.05625
5 0.534375 0.77734375 0.0390625 0.05625
5 0.71875 0.77734375 0.05078125 0.05625
8 0.63203125 0.59765625 0.2203125 0.53125
8 0.125 0.47578125 0.2046875 0.3890625
8 0.39375 0.54296875 0.21875 0.5171875
8 0.86640625 0.6 0.21484375 0.5921875