7 0.884375 0.3 0.0953125 0.0546875
7 0.6171875 0.3171875 0.11328125 0.06875
7 0.1390625 0.325 0.0640625 0.040625
7 0.38671875 0.353125 0.07421875 0.05625
10 0.1390625 0.496875 0.1578125 0.2171875
10 0.8890625 0.496875 0.15 0.24375
10 0.61015625 0.553125 0.19140625 0.2875
10 0.375 0.615625 0.17578125 0.30859375
3 0.5984375 0.334375 0.05625 0.0296875
4 0.6859375 0.7515625 0.071875 0.07421875
4 0.8125 0.63671875 0.0484375 0.0640625
4 0.515625 0.6890625 0.04296875 0.0703125
4 0.21015625 0.63203125 0.046875 0.05859375
4 0.0515625 0.61640625 0.04296875 0.05625
9 0.07890625 0.85859375 0.06875 0.05625
9 0.14921875 0.8546875 0.06640625 0.0546875
3 0.134375 0.34375 0.046875 0.01953125
2 0.3859375 0.409375 0.0625 0.06875
2 0.1359375 0.35546875 0.0484375 0.04296875
2 0.6 0.3484375 0.0609375 0.0640625
2 0.871875 0.33203125 0.04296875 0.05078125
5 0.9578125 0.64375 0.040625 0.05625
5 0.465625 0.77734375 0.0390625 0.05625
5 0.28125 0.77734375 0.05078125 0.05625
8 0.36796875 0.59765625 0.2203125 0.53125
8 0.875 0.47578125 0.2046875 0.3890625
8 0.60625 0.54296875 0.21875 0.5171875
8 0.13359375 0.6 0.21484375 0.5921875