6 0.728125 0.0953125 0.23046875 0.1796875
6 0.28046875 0.084375 0.259375 0.16796875
10 0.73359375 0.6015625 0.43359375 0.5484375
10 0.26171875 0.60234375 0.4203125 0.5453125
3 0.74296875 0.2015625 0.1890625 0.08984375
3 0.31171875 0.190625 0.1734375 0.084375
2 0.74296875 0.234375 0.14453125 0.1328125
2 0.31640625 0.225 0.134375 0.1265625
4 0.39765625 0.3109375 0.0953125 0.15234375
4 0.840625 0.184375 0.171875 0.1171875
8 0.725 0.5015625 0.540625 0.99609375
8 0.2859375 0.50078125 0.571875 0.9984375