10 0.2546875 0.28203125 0.28125 0.28125
10 0.728125 0.29765625 0.2875 0.3109375
6 0.7375 0.5515625 0.1578125 0.0625
6 0.27734375 0.559375 0.16015625 0.08203125
10 0.26171875 0.771875 0.290625 0.27734375
10 0.76171875 0.796875 0.3046875 0.2953125
6 0.2265625 0.0484375 0.16015625 0.06640625
6 0.78984375 0.0578125 0.1890625 0.071875
2 0.2265625 0.10625 0.1015625 0.071875
2 0.83203125 0.1171875 0.0640625 0.06640625
2 0.2703125 0.62578125 0.0875 0.0640625
5 0.3765625 0.603125 0.08203125 0.0609375
5 0.8890625 0.44140625 0.0625 0.078125
5 0.2859375 0.465625 0.084375 0.06875
5 0.14140625 0.93046875 0.0796875 0.07421875
8 0.2390625 0.25859375 0.34375 0.490625
8 0.746875 0.25859375 0.3421875 0.484375
8 0.75859375 0.75546875 0.3921875 0.4890625
8 0.29296875 0.75859375 0.415625 0.4828125