10 0.48359375 0.4125 0.2640625 0.4296875
10 0.82734375 0.434375 0.26953125 0.44140625
7 0.47578125 0.040625 0.1640625 0.08125
7 0.834375 0.04375 0.140625 0.0875
7 0.0484375 0.18515625 0.096875 0.1109375
10 0.175 0.38671875 0.2015625 0.3375
5 0.3296875 0.6265625 0.08203125 0.1
5 0.0609375 0.5734375 0.05078125 0.05859375
5 0.18125 0.28046875 0.06640625 0.08203125
2 0.828125 0.1375 0.1265625 0.109375
2 0.475 0.12421875 0.1015625 0.09765625
2 0.05390625 0.259375 0.07421875 0.06640625
9 0.2734375 0.76640625 0.078125 0.1
8 0.1640625 0.47734375 0.328125 0.69921875
8 0.45703125 0.425 0.3265625 0.85
8 0.8015625 0.434375 0.396875 0.8515625