7 0.253125 0.709375 0.1546875 0.06875
7 0.75859375 0.69140625 0.146875 0.040625
10 0.253125 0.875 0.328125 0.21484375
10 0.7640625 0.8875 0.2578125 0.2203125
7 0.52734375 0.07109375 0.2515625 0.0859375
10 0.5375 0.43359375 0.57421875 0.41015625
2 0.5359375 0.1546875 0.17578125 0.103125
5 0.3109375 0.6203125 0.134375 0.0921875
2 0.7828125 0.73125 0.1015625 0.0609375
2 0.3125 0.73046875 0.04296875 0.053125
5 0.1203125 0.9609375 0.0703125 0.053125
5 0.9390625 0.98046875 0.0484375 0.0390625
8 0.5328125 0.35546875 0.728125 0.62109375
8 0.75390625 0.83359375 0.3828125 0.3328125
8 0.2421875 0.83359375 0.4375 0.3328125