10 0.8015625 0.7390625 0.2421875 0.4375
10 0.51953125 0.746875 0.25625 0.41796875
10 0.22265625 0.76484375 0.2515625 0.44140625
7 0.79375 0.3671875 0.1109375 0.07421875
7 0.5140625 0.3796875 0.115625 0.071875
7 0.228125 0.3875 0.1265625 0.0765625
2 0.79375 0.4546875 0.0921875 0.1
2 0.51171875 0.46875 0.0859375 0.1015625
2 0.2296875 0.4765625 0.09375 0.0875
5 0.23828125 0.865625 0.09765625 0.0953125
5 0.546875 0.853125 0.1078125 0.1015625
5 0.3828125 0.9578125 0.07421875 0.084375
5 0.659375 0.95859375 0.0625 0.0828125
5 0.81953125 0.8296875 0.0875 0.1015625
8 0.2359375 0.67109375 0.38125 0.6578125
8 0.52265625 0.66328125 0.3515625 0.6734375
8 0.7984375 0.6609375 0.34765625 0.678125