10 0.1984375 0.7390625 0.2421875 0.4375
10 0.48046875 0.746875 0.25625 0.41796875
10 0.77734375 0.76484375 0.2515625 0.44140625
7 0.20625 0.3671875 0.1109375 0.07421875
7 0.4859375 0.3796875 0.115625 0.071875
7 0.771875 0.3875 0.1265625 0.0765625
2 0.20625 0.4546875 0.0921875 0.1
2 0.48828125 0.46875 0.0859375 0.1015625
2 0.7703125 0.4765625 0.09375 0.0875
5 0.76171875 0.865625 0.09765625 0.0953125
5 0.453125 0.853125 0.1078125 0.1015625
5 0.6171875 0.9578125 0.07421875 0.084375
5 0.340625 0.95859375 0.0625 0.0828125
5 0.18046875 0.8296875 0.0875 0.1015625
8 0.7640625 0.67109375 0.38125 0.6578125
8 0.47734375 0.66328125 0.3515625 0.6734375
8 0.2015625 0.6609375 0.34765625 0.678125