10 0.1984375 0.7390625 0.2421875 0.4375
10 0.48046875 0.746875 0.25625 0.41796875
10 0.77734375 0.76484375 0.2515625 0.44140625
7 0.20234375 0.365625 0.1109375 0.07421875
7 0.4859375 0.3828125 0.115625 0.08203125
7 0.7734375 0.384375 0.1265625 0.071875
2 0.2078125 0.45703125 0.0921875 0.1015625
2 0.4859375 0.4703125 0.0875 0.103125
2 0.7734375 0.48125 0.10546875 0.11875
5 0.7609375 0.85625 0.09765625 0.0953125
5 0.45390625 0.84765625 0.109375 0.0875
5 0.17265625 0.82734375 0.1015625 0.09375
5 0.33671875 0.95703125 0.0796875 0.0859375
5 0.61484375 0.95859375 0.0734375 0.0828125
8 0.18515625 0.66171875 0.3671875 0.6765625
8 0.4765625 0.65546875 0.3828125 0.6890625
8 0.76484375 0.6640625 0.37890625 0.671875