7 0.29375 0.690625 0.13671875 0.04296875
6 0.746875 0.69609375 0.1578125 0.05625
10 0.2765625 0.853125 0.296875 0.19921875
10 0.7765625 0.85546875 0.31640625 0.19921875
7 0.1484375 0.0703125 0.12109375 0.0390625
7 0.37890625 0.07109375 0.1328125 0.05078125
6 0.6 0.0734375 0.15625 0.053125
6 0.8484375 0.078125 0.1546875 0.05078125
10 0.146875 0.20703125 0.21484375 0.16796875
10 0.6140625 0.215625 0.240625 0.171875
10 0.37421875 0.21796875 0.23046875 0.16796875
10 0.84453125 0.2203125 0.23046875 0.1703125
7 0.7515625 0.35234375 0.1421875 0.0453125
6 0.2703125 0.36328125 0.1734375 0.05078125
10 0.2640625 0.53125 0.2984375 0.19140625
10 0.76640625 0.5328125 0.3296875 0.19921875
5 0.89921875 0.2125 0.06875 0.05078125
5 0.85546875 0.290625 0.07421875 0.0484375
5 0.375 0.275 0.08203125 0.0484375
5 0.77734375 0.6078125 0.11328125 0.05078125
5 0.61953125 0.97421875 0.0703125 0.0515625
2 0.83203125 0.115625 0.06640625 0.046875
2 0.59765625 0.10625 0.07421875 0.0484375
2 0.3765625 0.10234375 0.071875 0.040625
2 0.1609375 0.10234375 0.0703125 0.0484375
2 0.753125 0.3921875 0.0921875 0.05625
2 0.296875 0.4015625 0.078125 0.0546875
2 0.746875 0.73046875 0.0859375 0.05078125
2 0.2921875 0.72734375 0.0875 0.053125
8 0.24296875 0.83515625 0.4 0.3296875
8 0.7484375 0.83359375 0.4 0.3328125
8 0.75625 0.4953125 0.38671875 0.31640625
8 0.25625 0.50078125 0.4046875 0.321875
8 0.134375 0.18671875 0.2578125 0.2796875
8 0.35078125 0.18671875 0.290625 0.2796875
8 0.615625 0.1875 0.3578125 0.275
8 0.85234375 0.1875 0.2671875 0.265625