6 0.51875 0.14453125 0.2125 0.12890625
10 0.7859375 0.5109375 0.3046875 0.56640625
10 0.203125 0.515625 0.3375 0.56875
10 0.48515625 0.5578125 0.29296875 0.4984375
7 0.7625 0.07734375 0.1484375 0.0953125
7 0.2265625 0.0703125 0.1703125 0.0796875
5 0.6203125 0.2359375 0.08984375 0.1171875
5 0.465625 0.7796875 0.1078125 0.1390625
5 0.8671875 0.7609375 0.1328125 0.09375
2 0.2125 0.17578125 0.12890625 0.1234375
2 0.53125 0.2234375 0.1015625 0.1171875
2 0.75625 0.16875 0.1171875 0.11875
8 0.8046875 0.45 0.390625 0.8515625
8 0.5234375 0.4640625 0.38671875 0.790625
8 0.1953125 0.4453125 0.390625 0.834375