6 0.48125 0.14453125 0.2125 0.12890625
10 0.2140625 0.5109375 0.3046875 0.56640625
10 0.796875 0.515625 0.3375 0.56875
10 0.51484375 0.5578125 0.29296875 0.4984375
7 0.2375 0.07734375 0.1484375 0.0953125
7 0.7734375 0.0703125 0.1703125 0.0796875
5 0.3796875 0.2359375 0.08984375 0.1171875
5 0.534375 0.7796875 0.1078125 0.1390625
5 0.1328125 0.7609375 0.1328125 0.09375
2 0.7875 0.17578125 0.12890625 0.1234375
2 0.46875 0.2234375 0.1015625 0.1171875
2 0.24375 0.16875 0.1171875 0.11875
8 0.1953125 0.45 0.390625 0.8515625
8 0.4765625 0.4640625 0.38671875 0.790625
8 0.8046875 0.4453125 0.390625 0.834375