7 0.159375 0.19140625 0.103125 0.0625
7 0.31328125 0.21875 0.0953125 0.046875
10 0.14140625 0.378125 0.1546875 0.23828125
10 0.328125 0.44609375 0.12890625 0.2734375
10 0.684375 0.47578125 0.36875 0.53515625
7 0.2796875 0.63671875 0.09765625 0.0546875
7 0.1359375 0.675 0.078125 0.046875
10 0.29765625 0.7625 0.17578125 0.1625
10 0.15 0.80546875 0.1390625 0.1578125
2 0.1671875 0.2265625 0.0546875 0.05859375
2 0.296875 0.26875 0.0625 0.0609375
2 0.1515625 0.70703125 0.04296875 0.04296875
5 0.284375 0.56953125 0.0546875 0.05625
5 0.20703125 0.778125 0.0375 0.0375
5 0.3296875 0.7921875 0.040625 0.0453125
2 0.25859375 0.6828125 0.04296875 0.0484375
8 0.3046875 0.8046875 0.203125 0.390625
8 0.13671875 0.825 0.19375 0.35
8 0.15234375 0.37578125 0.23046875 0.4390625
8 0.3234375 0.39140625 0.16796875 0.40234375