6 0.734375 0.71796875 0.2015625 0.0875
6 0.2359375 0.7 0.17578125 0.05859375
10 0.2453125 0.87578125 0.2953125 0.196875
10 0.76640625 0.87578125 0.2890625 0.2171875
6 0.5375 0.078125 0.296875 0.09765625
10 0.509375 0.41796875 0.55859375 0.3984375
5 0.24140625 0.3265625 0.140625 0.1
5 0.26171875 0.88671875 0.0953125 0.05625
5 0.584375 0.7828125 0.0625 0.05078125
2 0.528125 0.15546875 0.1703125 0.09765625
2 0.2640625 0.740625 0.0796875 0.0609375
8 0.240625 0.83359375 0.4125 0.3328125
8 0.4765625 0.33671875 0.81640625 0.640625
8 0.74375 0.8359375 0.4515625 0.328125