6 0.7375 0.7078125 0.1953125 0.06875
6 0.2359375 0.7078125 0.17578125 0.0484375
10 0.2453125 0.87578125 0.2953125 0.196875
10 0.76640625 0.87578125 0.2890625 0.2171875
6 0.5375 0.078125 0.296875 0.09765625
10 0.509375 0.41796875 0.55859375 0.3984375
5 0.259375 0.8875 0.0875 0.0609375
5 0.5828125 0.7828125 0.0640625 0.04296875
5 0.23828125 0.321875 0.1390625 0.109375
2 0.534375 0.15703125 0.171875 0.0859375
2 0.27265625 0.74296875 0.071875 0.0546875
8 0.2453125 0.83671875 0.4203125 0.3265625
8 0.47578125 0.3390625 0.8140625 0.6328125
8 0.74140625 0.83359375 0.4671875 0.3328125