10 0.50078125 0.746875 0.615625 0.3984375
10 0.240625 0.2140625 0.3125 0.24609375
10 0.77265625 0.2265625 0.3375 0.23828125
7 0.47734375 0.41015625 0.240625 0.07421875
7 0.284375 0.0296875 0.1421875 0.0546875
7 0.72734375 0.0296875 0.146875 0.0484375
2 0.4703125 0.4828125 0.165625 0.1015625
2 0.721875 0.0734375 0.0921875 0.0625
2 0.27421875 0.071875 0.084375 0.0546875
5 0.41328125 0.32734375 0.0546875 0.053125
5 0.703125 0.26953125 0.0921875 0.0703125
5 0.63984375 0.26640625 0.0875 0.0625
5 0.20625 0.3203125 0.09765625 0.05625
5 0.265625 0.86640625 0.1015625 0.08203125
5 0.71484375 0.95 0.12109375 0.0921875
8 0.25625 0.18359375 0.36875 0.35546875
8 0.7484375 0.18671875 0.3984375 0.3578125
8 0.4953125 0.68828125 0.6875 0.6234375