10 0.49921875 0.746875 0.615625 0.3984375
10 0.759375 0.2140625 0.3125 0.24609375
10 0.22734375 0.2265625 0.3375 0.23828125
7 0.52265625 0.4125 0.240625 0.084375
7 0.7171875 0.0265625 0.1421875 0.040625
7 0.27265625 0.028125 0.146875 0.05078125
5 0.80546875 0.3234375 0.0921875 0.05078125
5 0.59296875 0.32421875 0.06640625 0.053125
5 0.3078125 0.26953125 0.10546875 0.0640625
5 0.35859375 0.27421875 0.078125 0.05859375
5 0.7375 0.86796875 0.08984375 0.08203125
5 0.2890625 0.95390625 0.1265625 0.08203125
2 0.2828125 0.0765625 0.08984375 0.05625
2 0.7234375 0.0703125 0.084375 0.0484375
2 0.53046875 0.49375 0.13671875 0.09375
8 0.73515625 0.18046875 0.38125 0.35546875
8 0.24609375 0.18046875 0.3984375 0.3515625
8 0.47734375 0.68125 0.66796875 0.615625