7 0.35546875 0.06640625 0.18359375 0.1171875
7 0.740625 0.10546875 0.1859375 0.09765625
10 0.7671875 0.5828125 0.365625 0.5484375
10 0.35625 0.609375 0.3984375 0.6390625
3 0.35234375 0.16484375 0.16015625 0.071875
3 0.73515625 0.20703125 0.1484375 0.0625
2 0.35078125 0.1921875 0.1484375 0.1171875
2 0.73515625 0.23046875 0.1421875 0.13125
5 0.2328125 0.17109375 0.1328125 0.11328125
5 0.61015625 0.90703125 0.09375 0.146875
5 0.95703125 0.9140625 0.0859375 0.1328125
5 0.5421875 0.94453125 0.0859375 0.1109375