8 0.7078125 0.5 0.5796875 1
8 0.23046875 0.52890625 0.4328125 0.9421875
7 0.646875 0.06171875 0.18359375 0.1109375
7 0.25625 0.11015625 0.1859375 0.10546875
10 0.2328125 0.5828125 0.365625 0.5484375
10 0.64375 0.609375 0.3984375 0.6390625
3 0.6484375 0.165625 0.146875 0.06875
3 0.2609375 0.20703125 0.140625 0.0625
2 0.259375 0.2296875 0.14453125 0.1171875
2 0.6453125 0.19609375 0.13125 0.125
5 0.0421875 0.915625 0.07421875 0.134375
5 0.3859375 0.91015625 0.0953125 0.13671875
5 0.45703125 0.94140625 0.0859375 0.1171875
5 0.7671875 0.1734375 0.1390625 0.1265625