7 0.34765625 0.04765625 0.1890625 0.0953125
7 0.73515625 0.0890625 0.18359375 0.0796875
10 0.740625 0.575 0.3046875 0.540625
10 0.3453125 0.58984375 0.3765625 0.625
3 0.7109375 0.175 0.140625 0.06875
2 0.71484375 0.19453125 0.140625 0.11875
5 0.79609375 0.80546875 0.1328125 0.13671875
5 0.54609375 0.925 0.1015625 0.140625
5 0.3140625 0.68046875 0.1546875 0.1109375
3 0.353125 0.14140625 0.16015625 0.06875
2 0.35 0.1671875 0.15234375 0.12890625
8 0.7671875 0.52109375 0.459375 0.9578125
8 0.2953125 0.5 0.58984375 1