7 0.65234375 0.04609375 0.1890625 0.0921875
7 0.26484375 0.0875 0.18359375 0.078125
10 0.259375 0.575 0.3046875 0.540625
10 0.6546875 0.58984375 0.3765625 0.625
3 0.64765625 0.13984375 0.1484375 0.05625
3 0.2890625 0.175 0.13671875 0.07421875
2 0.646875 0.1640625 0.140625 0.125
2 0.28515625 0.196875 0.134375 0.1265625
5 0.67578125 0.67890625 0.146875 0.109375
5 0.22265625 0.80859375 0.125 0.1171875
5 0.4578125 0.91875 0.09375 0.13125
8 0.69140625 0.5 0.5765625 1
8 0.234375 0.52109375 0.40625 0.9578125