7 0.65234375 0.04765625 0.1890625 0.0953125
7 0.26484375 0.0890625 0.18359375 0.0796875
10 0.259375 0.575 0.3046875 0.540625
10 0.6546875 0.58984375 0.3765625 0.625
3 0.2890625 0.175 0.140625 0.06875
2 0.28515625 0.19453125 0.140625 0.11875
5 0.20390625 0.80546875 0.1328125 0.13671875
5 0.45390625 0.925 0.1015625 0.140625
5 0.6859375 0.68046875 0.1546875 0.1109375
3 0.646875 0.14140625 0.16015625 0.06875
2 0.65 0.1671875 0.15234375 0.12890625
8 0.2328125 0.52109375 0.459375 0.9578125
8 0.7046875 0.5 0.58984375 1