6 0.2109375 0.02421875 0.24375 0.0484375
6 0.1953125 0.64453125 0.21484375 0.0859375
10 0.20703125 0.89375 0.41015625 0.209375
6 0.76875 0.1453125 0.21484375 0.084375
10 0.2078125 0.2703125 0.3984375 0.2828125
10 0.7578125 0.403125 0.39453125 0.28515625
2 0.24296875 0.0734375 0.109375 0.06640625
2 0.74296875 0.19921875 0.1109375 0.07421875
5 0.928125 0.5890625 0.1015625 0.08203125
5 0.3671875 0.45234375 0.1328125 0.08203125
2 0.178125 0.70703125 0.115625 0.0921875
8 0.75078125 0.3984375 0.49609375 0.5859375
8 0.22734375 0.29296875 0.4546875 0.5859375
8 0.234375 0.80078125 0.46875 0.3984375