6 0.7890625 0.02421875 0.24375 0.0484375
6 0.8046875 0.64453125 0.21484375 0.0859375
10 0.79296875 0.89375 0.41015625 0.209375
6 0.23125 0.1453125 0.21484375 0.084375
10 0.7921875 0.2703125 0.3984375 0.2828125
10 0.2421875 0.403125 0.39453125 0.28515625
2 0.75703125 0.0734375 0.109375 0.06640625
2 0.25703125 0.19921875 0.1109375 0.07421875
5 0.071875 0.5890625 0.1015625 0.08203125
5 0.6328125 0.45234375 0.1328125 0.08203125
2 0.821875 0.70703125 0.115625 0.0921875
8 0.24921875 0.3984375 0.49609375 0.5859375
8 0.77265625 0.29296875 0.4546875 0.5859375
8 0.765625 0.80078125 0.46875 0.3984375