6 0.7890625 0.02421875 0.24375 0.0484375
6 0.8046875 0.6421875 0.21484375 0.08203125
10 0.79296875 0.89375 0.41015625 0.209375
6 0.23125 0.140625 0.21484375 0.07421875
10 0.7921875 0.2703125 0.3984375 0.2828125
10 0.2421875 0.403125 0.39453125 0.28515625
5 0.6390625 0.4484375 0.13125 0.0859375
5 0.07734375 0.59375 0.0875 0.0609375
2 0.7609375 0.0703125 0.1 0.071875
2 0.2625 0.196875 0.103125 0.07421875
2 0.821875 0.70625 0.11328125 0.078125
8 0.76484375 0.79453125 0.4703125 0.4109375
8 0.7703125 0.29375 0.459375 0.5875
8 0.234375 0.396875 0.46875 0.58984375