6 0.2109375 0.02421875 0.24375 0.0484375
6 0.1953125 0.6421875 0.21484375 0.08203125
10 0.20703125 0.89375 0.41015625 0.209375
6 0.76875 0.140625 0.21484375 0.07421875
10 0.2078125 0.2703125 0.3984375 0.2828125
10 0.7578125 0.403125 0.39453125 0.28515625
5 0.3609375 0.4484375 0.13125 0.0859375
5 0.92265625 0.59375 0.0875 0.0609375
2 0.2390625 0.0703125 0.1 0.071875
2 0.7375 0.196875 0.103125 0.07421875
2 0.178125 0.70625 0.11328125 0.078125
8 0.23515625 0.79453125 0.4703125 0.4109375
8 0.2296875 0.29375 0.459375 0.5875
8 0.765625 0.396875 0.46875 0.58984375