10 0.53125 0.55625 0.3578125 0.56640625
10 0.184375 0.5984375 0.2828125 0.509375
10 0.86328125 0.6 0.2671875 0.52734375
7 0.5328125 0.05859375 0.2125 0.1171875
7 0.86640625 0.17265625 0.1875 0.125
7 0.2 0.184375 0.1734375 0.1171875
2 0.54609375 0.1765625 0.12109375 0.11875
2 0.23046875 0.29296875 0.0921875 0.1015625
2 0.87421875 0.278125 0.109375 0.10546875
4 0.321875 0.84765625 0.11328125 0.16796875
4 0.0375 0.8234375 0.0640625 0.134375
4 0.728125 0.828125 0.1015625 0.165625
8 0.54375 0.5 0.53515625 1
8 0.18671875 0.56328125 0.3421875 0.8734375
8 0.840625 0.5515625 0.31875 0.896875