7 0.64375 0.1140625 0.1109375 0.0609375
7 0.12578125 0.11640625 0.125 0.0625
10 0.83125 0.39140625 0.23046875 0.390625
10 0.3546875 0.396875 0.21484375 0.384375
10 0.6359375 0.43359375 0.234375 0.38671875
10 0.121875 0.4546875 0.19140625 0.40625
7 0.359375 0.03984375 0.1390625 0.0796875
7 0.84453125 0.05390625 0.12890625 0.071875
5 0.940625 0.6234375 0.0765625 0.1015625
5 0.72578125 0.640625 0.0625 0.11328125
5 0.2484375 0.68828125 0.053125 0.1
2 0.840625 0.13984375 0.0953125 0.0953125
2 0.63984375 0.18828125 0.078125 0.0796875
2 0.35625 0.13984375 0.103125 0.0953125
2 0.1140625 0.2 0.08203125 0.0875
8 0.8265625 0.446875 0.32421875 0.8609375
8 0.6171875 0.46796875 0.3109375 0.8125
8 0.365625 0.44140625 0.2984375 0.8671875
8 0.1375 0.4703125 0.275 0.803125