7 0.70234375 0.20390625 0.071875 0.05859375
7 0.275 0.2296875 0.071875 0.05625
7 0.4703125 0.265625 0.0765625 0.040625
7 0.059375 0.27265625 0.071875 0.046875
7 0.8015625 0.2703125 0.07421875 0.0453125
7 0.94375 0.27421875 0.07421875 0.046875
7 0.2 0.27265625 0.06875 0.0375
7 0.3375 0.2765625 0.0703125 0.0375
7 0.621875 0.2796875 0.0796875 0.0375
10 0.7046875 0.36796875 0.13125 0.1484375
10 0.46484375 0.45 0.14453125 0.209375
10 0.19140625 0.453125 0.140625 0.2109375
10 0.78984375 0.45390625 0.1625 0.2046875
10 0.06953125 0.45625 0.134375 0.225
10 0.328125 0.4578125 0.12890625 0.2171875
10 0.93671875 0.459375 0.1234375 0.2109375
10 0.61875 0.465625 0.14453125 0.21484375
2 0.940625 0.31328125 0.0546875 0.0546875
2 0.796875 0.309375 0.0484375 0.05625
2 0.703125 0.25703125 0.0484375 0.0546875
2 0.621875 0.325 0.0484375 0.0484375
2 0.46953125 0.30546875 0.0609375 0.05625
2 0.33515625 0.315625 0.0546875 0.05625
2 0.27265625 0.27265625 0.0546875 0.05625
2 0.20703125 0.31328125 0.05625 0.05078125
2 0.06171875 0.315625 0.0546875 0.0484375
5 0.86796875 0.5875 0.0390625 0.05859375
5 0.771875 0.51875 0.0453125 0.0703125
5 0.746875 0.51640625 0.0328125 0.06640625
5 0.62890625 0.496875 0.040625 0.0640625
5 0.59375 0.49375 0.0484375 0.0609375
5 0.51171875 0.5828125 0.040625 0.06875
5 0.40234375 0.57734375 0.0328125 0.0609375
5 0.26953125 0.57890625 0.0453125 0.0609375
5 0.23046875 0.5734375 0.040625 0.0703125
5 0.140625 0.57734375 0.0484375 0.06640625
5 0.10859375 0.55859375 0.0390625 0.0625
9 0.46875 0.82734375 0.04296875 0.0546875
9 0.428125 0.83203125 0.0484375 0.046875
9 0.3296875 0.8328125 0.0484375 0.046875
9 0.28984375 0.83515625 0.0546875 0.040625
9 0.19453125 0.82734375 0.0453125 0.05625
9 0.15546875 0.82421875 0.046875 0.0546875
9 0.046875 0.825 0.053125 0.0546875
9 0.021875 0.825 0.04296875 0.05625
9 0.7859375 0.8359375 0.0484375 0.0328125
9 0.7421875 0.8375 0.0453125 0.040625
9 0.6109375 0.8328125 0.040625 0.04296875
9 0.57890625 0.83671875 0.0546875 0.04296875
8 0.93828125 0.5546875 0.115625 0.59765625
8 0.78984375 0.55 0.165625 0.60546875
8 0.615625 0.55546875 0.165625 0.59765625
8 0.4640625 0.55 0.14453125 0.61328125
8 0.321875 0.5546875 0.140625 0.5953125
8 0.19140625 0.5515625 0.15 0.6015625
8 0.07265625 0.55390625 0.1453125 0.6171875