7 0.29765625 0.20390625 0.071875 0.05859375
7 0.725 0.2296875 0.071875 0.05625
7 0.5296875 0.265625 0.0765625 0.040625
7 0.940625 0.27265625 0.071875 0.046875
7 0.1984375 0.2703125 0.07421875 0.0453125
7 0.05625 0.27421875 0.07421875 0.046875
7 0.8 0.27265625 0.06875 0.0375
7 0.6625 0.2765625 0.0703125 0.0375
7 0.378125 0.2796875 0.0796875 0.0375
10 0.2953125 0.36796875 0.13125 0.1484375
10 0.53515625 0.45 0.14453125 0.209375
10 0.80859375 0.453125 0.140625 0.2109375
10 0.21015625 0.45390625 0.1625 0.2046875
10 0.93046875 0.45625 0.134375 0.225
10 0.671875 0.4578125 0.12890625 0.2171875
10 0.06328125 0.459375 0.1234375 0.2109375
10 0.38125 0.465625 0.14453125 0.21484375
2 0.059375 0.31328125 0.0546875 0.0546875
2 0.203125 0.309375 0.0484375 0.05625
2 0.296875 0.25703125 0.0484375 0.0546875
2 0.378125 0.325 0.0484375 0.0484375
2 0.53046875 0.30546875 0.0609375 0.05625
2 0.66484375 0.315625 0.0546875 0.05625
2 0.72734375 0.27265625 0.0546875 0.05625
2 0.79296875 0.31328125 0.05625 0.05078125
2 0.93828125 0.315625 0.0546875 0.0484375
5 0.13203125 0.5875 0.0390625 0.05859375
5 0.228125 0.51875 0.0453125 0.0703125
5 0.253125 0.51640625 0.0328125 0.06640625
5 0.37109375 0.496875 0.040625 0.0640625
5 0.40625 0.49375 0.0484375 0.0609375
5 0.48828125 0.5828125 0.040625 0.06875
5 0.59765625 0.57734375 0.0328125 0.0609375
5 0.73046875 0.57890625 0.0453125 0.0609375
5 0.76953125 0.5734375 0.040625 0.0703125
5 0.859375 0.57734375 0.0484375 0.06640625
5 0.89140625 0.55859375 0.0390625 0.0625
9 0.53125 0.82734375 0.04296875 0.0546875
9 0.571875 0.83203125 0.0484375 0.046875
9 0.6703125 0.8328125 0.0484375 0.046875
9 0.71015625 0.83515625 0.0546875 0.040625
9 0.80546875 0.82734375 0.0453125 0.05625
9 0.84453125 0.82421875 0.046875 0.0546875
9 0.953125 0.825 0.053125 0.0546875
9 0.978125 0.825 0.04296875 0.05625
9 0.2140625 0.8359375 0.0484375 0.0328125
9 0.2578125 0.8375 0.0453125 0.040625
9 0.3890625 0.8328125 0.040625 0.04296875
9 0.42109375 0.83671875 0.0546875 0.04296875
8 0.06171875 0.5546875 0.115625 0.59765625
8 0.21015625 0.55 0.165625 0.60546875
8 0.384375 0.55546875 0.165625 0.59765625
8 0.5359375 0.55 0.14453125 0.61328125
8 0.678125 0.5546875 0.140625 0.5953125
8 0.80859375 0.5515625 0.15 0.6015625
8 0.92734375 0.55390625 0.1453125 0.6171875