10 0.7734375 0.3203125 0.2015625 0.3265625
10 0.278125 0.33984375 0.2359375 0.375
6 0.7609375 0.55390625 0.103125 0.0765625
10 0.75859375 0.8125 0.2328125 0.3296875
6 0.284375 0.04765625 0.1078125 0.0859375
6 0.7328125 0.05546875 0.1078125 0.078125
2 0.2859375 0.115625 0.0921875 0.06875
2 0.728125 0.11875 0.06640625 0.06875
5 0.23359375 0.41796875 0.0921875 0.07421875
5 0.37890625 0.528125 0.05859375 0.0875
5 0.759375 0.38671875 0.08984375 0.07421875
5 0.6625 0.96875 0.0609375 0.0625
5 0.8640625 0.9609375 0.0609375 0.078125
9 0.22265625 0.8859375 0.09375 0.146875
9 0.31640625 0.9203125 0.0921875 0.13125
8 0.76953125 0.75546875 0.2828125 0.4890625
8 0.26953125 0.50390625 0.26953125 0.9921875
8 0.75859375 0.2609375 0.2578125 0.478125