10 0.7734375 0.3203125 0.2015625 0.3265625
10 0.278125 0.33984375 0.2359375 0.375
6 0.75859375 0.5796875 0.103125 0.12890625
10 0.75859375 0.8125 0.2328125 0.3296875
6 0.284375 0.0484375 0.1078125 0.0875
6 0.7328125 0.05546875 0.1078125 0.078125
2 0.73046875 0.11796875 0.06875 0.0703125
2 0.28515625 0.11796875 0.07421875 0.06875
5 0.37890625 0.5296875 0.05859375 0.0953125
5 0.87421875 0.959375 0.0609375 0.06875
5 0.6703125 0.96484375 0.05625 0.0703125
5 0.76640625 0.3890625 0.0703125 0.071875
8 0.778125 0.2546875 0.28125 0.484375
8 0.2796875 0.49609375 0.26953125 0.97265625
9 0.32109375 0.925 0.1 0.13125
9 0.22734375 0.8875 0.1078125 0.134375
8 0.76640625 0.7515625 0.275 0.4828125