10 0.2265625 0.3203125 0.2015625 0.3265625
10 0.721875 0.33984375 0.2359375 0.375
6 0.2390625 0.55390625 0.103125 0.0765625
10 0.24140625 0.8125 0.2328125 0.3296875
6 0.715625 0.04765625 0.1078125 0.0859375
6 0.2671875 0.05546875 0.1078125 0.078125
2 0.7140625 0.115625 0.0921875 0.06875
2 0.271875 0.11875 0.06640625 0.06875
5 0.76640625 0.41796875 0.0921875 0.07421875
5 0.62109375 0.528125 0.05859375 0.0875
5 0.240625 0.38671875 0.08984375 0.07421875
5 0.3375 0.96875 0.0609375 0.0625
5 0.1359375 0.9609375 0.0609375 0.078125
9 0.77734375 0.8859375 0.09375 0.146875
9 0.68359375 0.9203125 0.0921875 0.13125
8 0.23046875 0.75546875 0.2828125 0.4890625
8 0.73046875 0.50390625 0.26953125 0.9921875
8 0.24140625 0.2609375 0.2578125 0.478125