6 0.7921875 0.165625 0.1859375 0.109375
10 0.5484375 0.46953125 0.26953125 0.49609375
10 0.2234375 0.48359375 0.3453125 0.57421875
10 0.8203125 0.5578125 0.3140625 0.4609375
6 0.54609375 0.05546875 0.165625 0.1109375
7 0.2171875 0.03984375 0.16796875 0.0796875
5 0.6875 0.22265625 0.08203125 0.115625
5 0.046875 0.80546875 0.0875 0.115625
5 0.91875 0.821875 0.0875 0.1015625
2 0.553125 0.1484375 0.12109375 0.11328125
2 0.21953125 0.14765625 0.12890625 0.11328125
2 0.78203125 0.2609375 0.1078125 0.115625
8 0.2078125 0.4359375 0.3890625 0.86875
8 0.53203125 0.434375 0.34375 0.86875
8 0.8046875 0.49296875 0.390625 0.7640625