6 0.2078125 0.165625 0.1859375 0.109375
10 0.4515625 0.46953125 0.26953125 0.49609375
10 0.7765625 0.48359375 0.3453125 0.57421875
10 0.1796875 0.5578125 0.3140625 0.4609375
6 0.45390625 0.0546875 0.165625 0.109375
7 0.7828125 0.03828125 0.16796875 0.0765625
5 0.07421875 0.80859375 0.0875 0.12109375
5 0.3140625 0.2265625 0.09375 0.12109375
5 0.94609375 0.80625 0.084375 0.1078125
2 0.215625 0.26171875 0.1015625 0.11328125
2 0.45 0.153125 0.1015625 0.10546875
2 0.7734375 0.1515625 0.12890625 0.1265625
8 0.765625 0.43125 0.465625 0.8625
8 0.4703125 0.434375 0.359375 0.86875
8 0.21484375 0.4859375 0.38671875 0.7578125