8 0.40625 0.7390625 0.275 0.521875
8 0.646875 0.7421875 0.2421875 0.515625
10 0.19453125 0.26875 0.17578125 0.2359375
6 0.590625 0.5265625 0.08984375 0.05859375
6 0.4921875 0.528125 0.0796875 0.07421875
10 0.42890625 0.6765625 0.1796875 0.1875
10 0.63125 0.678125 0.18359375 0.19375
7 0.19375 0.10078125 0.084375 0.071875
10 0.68828125 0.1125 0.296875 0.225
5 0.76953125 0.209375 0.0875 0.08203125
4 0.640625 0.6203125 0.05625 0.0625
4 0.58671875 0.7203125 0.05625 0.0546875
8 0.19140625 0.24140625 0.2484375 0.35546875
5 0.1109375 0.390625 0.04296875 0.0546875
5 0.71484375 0.03046875 0.0875 0.0609375
3 0.496875 0.5546875 0.0546875 0.0296875
2 0.5921875 0.5625 0.0546875 0.046875
2 0.49375 0.559375 0.05625 0.053125