10 0.80546875 0.26875 0.17578125 0.2359375
6 0.41015625 0.52421875 0.08984375 0.0609375
6 0.50703125 0.5265625 0.0875 0.07421875
10 0.57109375 0.6765625 0.1796875 0.1875
10 0.36875 0.678125 0.18359375 0.19375
7 0.80625 0.11015625 0.084375 0.0921875
10 0.31171875 0.1125 0.296875 0.225
5 0.890625 0.3921875 0.04296875 0.0625
5 0.28828125 0.03203125 0.0875 0.0640625
5 0.2359375 0.2046875 0.0859375 0.07421875
4 0.36015625 0.61875 0.05078125 0.05625
4 0.41796875 0.725 0.0640625 0.0546875
3 0.5015625 0.5515625 0.046875 0.03515625
2 0.50390625 0.5625 0.05078125 0.04296875
2 0.409375 0.5640625 0.0484375 0.040625
8 0.3515625 0.74296875 0.24609375 0.5140625
8 0.584375 0.73828125 0.2203125 0.5234375
8 0.80546875 0.2390625 0.2171875 0.35