10 0.19453125 0.26875 0.17578125 0.2359375
6 0.58984375 0.52421875 0.08984375 0.0609375
6 0.49296875 0.5265625 0.0875 0.07421875
10 0.42890625 0.6765625 0.1796875 0.1875
10 0.63125 0.678125 0.18359375 0.19375
7 0.19375 0.11015625 0.084375 0.0921875
10 0.68828125 0.1125 0.296875 0.225
5 0.109375 0.3921875 0.04296875 0.0625
5 0.71171875 0.03203125 0.0875 0.0640625
5 0.7640625 0.2046875 0.0859375 0.07421875
4 0.63984375 0.61875 0.05078125 0.05625
4 0.58203125 0.725 0.0640625 0.0546875
3 0.4984375 0.5515625 0.046875 0.03515625
2 0.49609375 0.5625 0.05078125 0.04296875
2 0.590625 0.5640625 0.0484375 0.040625
8 0.6484375 0.74296875 0.24609375 0.5140625
8 0.415625 0.73828125 0.2203125 0.5234375
8 0.19453125 0.2390625 0.2171875 0.35