6 0.25625 0.6984375 0.1859375 0.0609375
6 0.76875 0.7 0.15625 0.0625
10 0.25078125 0.8703125 0.30625 0.2125
10 0.734375 0.87578125 0.29296875 0.2015625
6 0.521875 0.090625 0.271875 0.09375
10 0.50859375 0.40546875 0.521875 0.3765625
2 0.75390625 0.74140625 0.0875 0.0484375
5 0.8703125 0.76875 0.06875 0.05859375
5 0.7203125 0.20234375 0.12109375 0.0859375
8 0.73515625 0.83359375 0.4359375 0.3328125
5 0.5765625 0.98203125 0.078125 0.0359375
5 0.25390625 0.60625 0.1578125 0.09765625
2 0.5 0.1609375 0.1390625 0.078125
8 0.5265625 0.346875 0.75 0.61875
8 0.26953125 0.8328125 0.390625 0.334375