6 0.25625 0.721875 0.1859375 0.103125
6 0.76875 0.7015625 0.15625 0.0640625
10 0.25078125 0.8703125 0.30625 0.2125
10 0.734375 0.87578125 0.29296875 0.2015625
6 0.521875 0.0890625 0.271875 0.08984375
10 0.50859375 0.40546875 0.521875 0.3765625
5 0.7234375 0.20703125 0.12109375 0.09765625
5 0.86796875 0.7703125 0.06640625 0.0609375
5 0.2484375 0.61640625 0.15625 0.0875
5 0.5703125 0.98359375 0.08203125 0.0328125
2 0.4984375 0.1578125 0.13125 0.078125
2 0.75 0.740625 0.078125 0.0546875
8 0.5296875 0.34375 0.73828125 0.625
8 0.746875 0.83359375 0.428125 0.3328125
8 0.26875 0.83125 0.3828125 0.3375