10 0.82734375 0.5015625 0.19375 0.53125
10 0.090625 0.53203125 0.178125 0.646875
10 0.628125 0.5375 0.19375 0.5953125
10 0.3578125 0.54296875 0.365625 0.6171875
7 0.75703125 0.03515625 0.2015625 0.0703125
7 0.16875 0.028125 0.17578125 0.05625
7 0.56171875 0.0390625 0.18359375 0.078125
7 0.35 0.0484375 0.184375 0.096875
2 0.171875 0.14140625 0.125 0.11875
2 0.353125 0.165625 0.1328125 0.125
2 0.56328125 0.1515625 0.1265625 0.125
2 0.7546875 0.146875 0.1265625 0.125
5 0.39765625 0.28203125 0.115625 0.1234375
8 0.1734375 0.44140625 0.346875 0.8828125
8 0.3390625 0.4390625 0.50625 0.878125
8 0.6234375 0.428125 0.43359375 0.85546875
8 0.81640625 0.38984375 0.3671875 0.7796875