10 0.6421875 0.54296875 0.365625 0.6171875
7 0.65546875 0.0453125 0.18359375 0.08984375
10 0.17265625 0.5015625 0.19375 0.53125
10 0.909375 0.53203125 0.178125 0.646875
10 0.371875 0.5375 0.19375 0.5953125
7 0.24296875 0.03984375 0.2015625 0.0796875
7 0.83125 0.03125 0.17578125 0.0625
7 0.440625 0.03125 0.18359375 0.0625
2 0.825 0.1453125 0.140625 0.1328125
2 0.653125 0.159375 0.12109375 0.12109375
2 0.4375 0.14765625 0.1265625 0.1265625
2 0.2453125 0.1453125 0.134375 0.12109375
5 0.60234375 0.290625 0.11328125 0.12109375
8 0.1796875 0.42578125 0.359375 0.8515625
8 0.36875 0.440625 0.4 0.88125
8 0.66171875 0.4390625 0.4921875 0.878125
8 0.840625 0.44453125 0.31875 0.8890625