10 0.17265625 0.5015625 0.19375 0.53125
10 0.909375 0.53203125 0.178125 0.646875
10 0.371875 0.5375 0.19375 0.5953125
10 0.6421875 0.54296875 0.365625 0.6171875
7 0.24296875 0.03515625 0.2015625 0.0703125
7 0.83125 0.028125 0.17578125 0.05625
7 0.43828125 0.0390625 0.18359375 0.078125
7 0.65 0.0484375 0.184375 0.096875
2 0.828125 0.14140625 0.125 0.11875
2 0.646875 0.165625 0.1328125 0.125
2 0.43671875 0.1515625 0.1265625 0.125
2 0.2453125 0.146875 0.1265625 0.125
5 0.60234375 0.28203125 0.115625 0.1234375
8 0.8265625 0.44140625 0.346875 0.8828125
8 0.6609375 0.4390625 0.50625 0.878125
8 0.3765625 0.428125 0.43359375 0.85546875
8 0.18359375 0.38984375 0.3671875 0.7796875