10 0.571875 0.4578125 0.07421875 0.15234375
10 0.7046875 0.48125 0.071875 0.18125
10 0.44375 0.5078125 0.071875 0.1734375
10 0.3578125 0.5140625 0.1171875 0.225
10 0.65625 0.5203125 0.1 0.2015625
10 0.51484375 0.52421875 0.10546875 0.2015625
6 0.5625 0.3265625 0.0484375 0.046875
6 0.6890625 0.32421875 0.046875 0.04296875
6 0.340625 0.32890625 0.0546875 0.053125
6 0.51171875 0.34765625 0.0546875 0.0453125
6 0.65234375 0.35078125 0.053125 0.05078125
6 0.43828125 0.3546875 0.053125 0.05859375
1 0.340625 0.3796875 0.046875 0.0546875
1 0.4375 0.4046875 0.040625 0.0484375
1 0.5125 0.39375 0.046875 0.0546875
1 0.56171875 0.36640625 0.0390625 0.0484375
1 0.65546875 0.3953125 0.0453125 0.053125
1 0.68828125 0.36328125 0.04296875 0.0453125
8 0.36328125 0.59296875 0.146875 0.56640625
8 0.51875 0.5921875 0.1109375 0.5390625
8 0.6671875 0.58515625 0.1234375 0.525