10 0.428125 0.4578125 0.07421875 0.15234375
10 0.2953125 0.48125 0.071875 0.18125
10 0.55625 0.5078125 0.071875 0.1734375
10 0.6421875 0.5140625 0.1171875 0.225
10 0.34375 0.5203125 0.1 0.2015625
10 0.48515625 0.52421875 0.10546875 0.2015625
6 0.4375 0.3265625 0.0484375 0.046875
6 0.3109375 0.3265625 0.046875 0.046875
6 0.66015625 0.32890625 0.0546875 0.053125
6 0.48828125 0.34765625 0.0546875 0.0453125
6 0.34765625 0.35078125 0.053125 0.05078125
6 0.56171875 0.35546875 0.053125 0.053125
1 0.309375 0.36328125 0.0390625 0.053125
1 0.3453125 0.39453125 0.04296875 0.053125
1 0.4390625 0.36328125 0.03515625 0.0453125
1 0.4890625 0.39140625 0.0453125 0.0453125
1 0.56171875 0.4015625 0.0390625 0.0484375
1 0.659375 0.3796875 0.0484375 0.0546875
8 0.34296875 0.5796875 0.11328125 0.5078125
8 0.48125 0.5828125 0.1171875 0.5328125
8 0.646875 0.5859375 0.15 0.5703125