7 0.06328125 0.2421875 0.08984375 0.0453125
7 0.2046875 0.2359375 0.0765625 0.0328125
7 0.9375 0.2515625 0.0796875 0.0609375
7 0.34296875 0.253125 0.06640625 0.0453125
7 0.7796875 0.2515625 0.0875 0.05078125
7 0.646875 0.25703125 0.0796875 0.05078125
7 0.503125 0.2578125 0.08203125 0.0484375
10 0.196875 0.43671875 0.15625 0.2328125
10 0.065625 0.4375 0.1265625 0.24609375
10 0.34375 0.44375 0.1421875 0.2328125
10 0.9265625 0.44609375 0.1421875 0.240625
10 0.50078125 0.446875 0.178125 0.2203125
10 0.7875 0.446875 0.134375 0.2203125
10 0.66796875 0.4515625 0.16015625 0.22265625
2 0.06953125 0.2859375 0.0609375 0.0625
2 0.20703125 0.28515625 0.0625 0.0609375
2 0.34375 0.30078125 0.05625 0.0546875
2 0.5046875 0.3078125 0.05625 0.05625
2 0.64921875 0.2984375 0.0609375 0.0546875
2 0.78203125 0.2921875 0.0640625 0.0625
2 0.9328125 0.2921875 0.0640625 0.0625
5 0.03984375 0.3921875 0.04296875 0.06875
5 0.14140625 0.58671875 0.0453125 0.0546875
5 0.2046875 0.41875 0.04296875 0.06875
5 0.30078125 0.58515625 0.053125 0.0625
5 0.40703125 0.44453125 0.0484375 0.05078125
5 0.44140625 0.4125 0.0609375 0.040625
5 0.55859375 0.4078125 0.0625 0.04296875
5 0.65234375 0.3734375 0.04296875 0.05625
5 0.596875 0.59296875 0.0453125 0.0546875
5 0.75390625 0.44140625 0.05625 0.06640625
5 0.8609375 0.35234375 0.053125 0.05859375
5 0.96484375 0.3828125 0.05078125 0.0609375
8 0.0734375 0.53984375 0.146875 0.6546875
8 0.20703125 0.53515625 0.178125 0.6421875
8 0.35546875 0.54765625 0.1875 0.6390625
8 0.49921875 0.540625 0.18359375 0.62890625
8 0.6578125 0.54375 0.18359375 0.6421875
8 0.78828125 0.5484375 0.19140625 0.63125