7 0.06328125 0.246875 0.08984375 0.0609375
7 0.20703125 0.23828125 0.0765625 0.05078125
7 0.940625 0.2484375 0.0796875 0.05625
7 0.34296875 0.2515625 0.06640625 0.0453125
7 0.78125 0.246875 0.0875 0.0484375
7 0.65234375 0.246875 0.0796875 0.0484375
7 0.50390625 0.25859375 0.08203125 0.05625
10 0.196875 0.43671875 0.15625 0.2328125
10 0.065625 0.4375 0.1265625 0.24609375
10 0.34375 0.44375 0.1421875 0.2328125
10 0.928125 0.4453125 0.14375 0.2375
10 0.50078125 0.446875 0.178125 0.2203125
10 0.7875 0.446875 0.134375 0.2203125
10 0.66796875 0.4515625 0.16015625 0.22265625
5 0.9609375 0.3875 0.0484375 0.06640625
5 0.75078125 0.4515625 0.05859375 0.0609375
5 0.65703125 0.3640625 0.0453125 0.053125
5 0.56328125 0.4140625 0.0546875 0.053125
5 0.4421875 0.41796875 0.0625 0.05625
5 0.3 0.58515625 0.05078125 0.05859375
5 0.590625 0.596875 0.0484375 0.05078125
5 0.20390625 0.421875 0.0546875 0.0640625
5 0.1390625 0.590625 0.04296875 0.0453125
5 0.04375 0.39375 0.0546875 0.0625
2 0.93671875 0.290625 0.0546875 0.0609375
2 0.7828125 0.28828125 0.053125 0.0546875
2 0.6453125 0.2984375 0.0546875 0.0609375
2 0.50390625 0.30625 0.05625 0.05078125
2 0.3453125 0.2984375 0.05859375 0.0546875
2 0.209375 0.2875 0.06875 0.06640625
2 0.0671875 0.284375 0.0609375 0.0609375
9 0.953125 0.8421875 0.0609375 0.0453125
9 0.7875 0.84296875 0.06875 0.0484375
9 0.5265625 0.846875 0.05859375 0.0375
9 0.371875 0.84453125 0.06875 0.04296875
9 0.21875 0.84765625 0.05078125 0.040625
8 0.93125 0.5546875 0.13125 0.6546875
8 0.7875 0.5390625 0.16015625 0.646875
8 0.66328125 0.53515625 0.165625 0.665625
8 0.50859375 0.5421875 0.171875 0.640625
8 0.34765625 0.54375 0.1703125 0.6578125
5 0.4078125 0.44453125 0.0453125 0.05625
8 0.2015625 0.5375 0.1546875 0.65
8 0.06875 0.5375 0.13671875 0.66015625