7 0.93671875 0.2421875 0.08984375 0.0453125
7 0.7953125 0.2359375 0.0765625 0.0328125
7 0.0625 0.2515625 0.0796875 0.0609375
7 0.65703125 0.253125 0.06640625 0.0453125
7 0.2203125 0.2515625 0.0875 0.05078125
7 0.353125 0.25703125 0.0796875 0.05078125
7 0.496875 0.2578125 0.08203125 0.0484375
10 0.803125 0.43671875 0.15625 0.2328125
10 0.934375 0.4375 0.1265625 0.24609375
10 0.65625 0.44375 0.1421875 0.2328125
10 0.0734375 0.44609375 0.1421875 0.240625
10 0.49921875 0.446875 0.178125 0.2203125
10 0.2125 0.446875 0.134375 0.2203125
10 0.33203125 0.4515625 0.16015625 0.22265625
2 0.93046875 0.2859375 0.0609375 0.0625
2 0.79296875 0.28515625 0.0625 0.0609375
2 0.65625 0.30078125 0.05625 0.0546875
2 0.4953125 0.3078125 0.05625 0.05625
2 0.35078125 0.2984375 0.0609375 0.0546875
2 0.21796875 0.2921875 0.0640625 0.0625
2 0.0671875 0.2921875 0.0640625 0.0625
5 0.96015625 0.3921875 0.04296875 0.06875
5 0.85859375 0.58671875 0.0453125 0.0546875
5 0.7953125 0.41875 0.04296875 0.06875
5 0.69921875 0.58515625 0.053125 0.0625
5 0.59296875 0.44453125 0.0484375 0.05078125
5 0.55859375 0.4125 0.0609375 0.040625
5 0.44140625 0.4078125 0.0625 0.04296875
5 0.34765625 0.3734375 0.04296875 0.05625
5 0.403125 0.59296875 0.0453125 0.0546875
5 0.24609375 0.44140625 0.05625 0.06640625
5 0.1390625 0.35234375 0.053125 0.05859375
5 0.03515625 0.3828125 0.05078125 0.0609375
8 0.9265625 0.53984375 0.146875 0.6546875
8 0.79296875 0.53515625 0.178125 0.6421875
8 0.64453125 0.54765625 0.1875 0.6390625
8 0.50078125 0.540625 0.18359375 0.62890625
8 0.3421875 0.54375 0.18359375 0.6421875
8 0.21171875 0.5484375 0.19140625 0.63125