7 0.93671875 0.246875 0.08984375 0.0609375
7 0.79296875 0.23828125 0.0765625 0.05078125
7 0.059375 0.2484375 0.0796875 0.05625
7 0.65703125 0.2515625 0.06640625 0.0453125
7 0.21875 0.246875 0.0875 0.0484375
7 0.34765625 0.246875 0.0796875 0.0484375
7 0.49609375 0.25859375 0.08203125 0.05625
10 0.803125 0.43671875 0.15625 0.2328125
10 0.934375 0.4375 0.1265625 0.24609375
10 0.65625 0.44375 0.1421875 0.2328125
10 0.071875 0.4453125 0.14375 0.2375
10 0.49921875 0.446875 0.178125 0.2203125
10 0.2125 0.446875 0.134375 0.2203125
10 0.33203125 0.4515625 0.16015625 0.22265625
5 0.0390625 0.3875 0.0484375 0.06640625
5 0.24921875 0.4515625 0.05859375 0.0609375
5 0.34296875 0.3640625 0.0453125 0.053125
5 0.43671875 0.4140625 0.0546875 0.053125
5 0.5578125 0.41796875 0.0625 0.05625
5 0.7 0.58515625 0.05078125 0.05859375
5 0.409375 0.596875 0.0484375 0.05078125
5 0.79609375 0.421875 0.0546875 0.0640625
5 0.8609375 0.590625 0.04296875 0.0453125
5 0.95625 0.39375 0.0546875 0.0625
2 0.06328125 0.290625 0.0546875 0.0609375
2 0.2171875 0.28828125 0.053125 0.0546875
2 0.3546875 0.2984375 0.0546875 0.0609375
2 0.49609375 0.30625 0.05625 0.05078125
2 0.6546875 0.2984375 0.05859375 0.0546875
2 0.790625 0.2875 0.06875 0.06640625
2 0.9328125 0.284375 0.0609375 0.0609375
9 0.046875 0.8421875 0.0609375 0.0453125
9 0.2125 0.84296875 0.06875 0.0484375
9 0.4734375 0.846875 0.05859375 0.0375
9 0.628125 0.84453125 0.06875 0.04296875
9 0.78125 0.84765625 0.05078125 0.040625
8 0.06875 0.5546875 0.13125 0.6546875
8 0.2125 0.5390625 0.16015625 0.646875
8 0.33671875 0.53515625 0.165625 0.665625
8 0.49140625 0.5421875 0.171875 0.640625
8 0.65234375 0.54375 0.1703125 0.6578125
5 0.5921875 0.44453125 0.0453125 0.05625
8 0.7984375 0.5375 0.1546875 0.65
8 0.93125 0.5375 0.13671875 0.66015625