7 0.49296875 0.515625 0.209375 0.06640625
10 0.40546875 0.75078125 0.48828125 0.2875
7 0.46875 0.11796875 0.16015625 0.0546875
10 0.5078125 0.315625 0.4609375 0.24375
5 0.5640625 0.37578125 0.1078125 0.05078125
5 0.328125 0.43828125 0.0640625 0.05625
5 0.67578125 0.88359375 0.08203125 0.0546875
5 0.3015625 0.896875 0.15234375 0.0765625
2 0.4875 0.1609375 0.09765625 0.0625
2 0.50625 0.56953125 0.1265625 0.06875
8 0.43828125 0.7421875 0.55078125 0.515625
8 0.509375 0.28203125 0.46484375 0.37890625