7 0.153125 0.29375 0.08203125 0.0640625
7 0.89921875 0.30546875 0.05078125 0.0328125
7 0.290625 0.328125 0.1578125 0.0921875
7 0.5296875 0.346875 0.1234375 0.115625
7 0.78125 0.33671875 0.12890625 0.0609375
10 0.1515625 0.39453125 0.08984375 0.1390625
10 0.775 0.4859375 0.1265625 0.209375
10 0.2765625 0.4890625 0.171875 0.24609375
10 0.421875 0.496875 0.1 0.23046875
10 0.65546875 0.50859375 0.146875 0.2265625
10 0.5671875 0.509375 0.1234375 0.2671875
2 0.8984375 0.328125 0.0375 0.0375
2 0.77421875 0.375 0.04296875 0.040625
8 0.884375 0.425 0.11328125 0.2734375
4 0.8359375 0.57890625 0.053125 0.0859375
8 0.78828125 0.4765625 0.15 0.3375
8 0.528125 0.4703125 0.225 0.34765625
8 0.2796875 0.4609375 0.25 0.3671875
8 0.146875 0.446875 0.15234375 0.3671875