7 0.153125 0.29609375 0.08203125 0.0609375
7 0.8953125 0.30546875 0.05078125 0.03125
7 0.29296875 0.3234375 0.1578125 0.0921875
7 0.5296875 0.346875 0.1234375 0.115625
7 0.778125 0.35625 0.12890625 0.084375
10 0.1515625 0.39453125 0.08984375 0.1390625
10 0.775 0.4859375 0.1265625 0.209375
10 0.2765625 0.4890625 0.171875 0.24609375
10 0.421875 0.496875 0.1 0.23046875
10 0.65546875 0.50859375 0.146875 0.2265625
10 0.5671875 0.509375 0.1234375 0.2671875
2 0.775 0.375 0.0453125 0.04296875
2 0.9 0.33203125 0.0328125 0.03515625
4 0.83203125 0.5765625 0.053125 0.0703125
8 0.1453125 0.4515625 0.16015625 0.3765625
8 0.28984375 0.46171875 0.234375 0.359375
8 0.553125 0.4640625 0.178125 0.34765625
8 0.78125 0.47734375 0.1734375 0.33984375
8 0.88984375 0.434375 0.12109375 0.2828125