10 0.21015625 0.5125 0.275 0.51953125
10 0.78984375 0.52265625 0.24609375 0.48046875
10 0.509375 0.54375 0.38125 0.5484375
7 0.51484375 0.07734375 0.17578125 0.10546875
7 0.2359375 0.0828125 0.1734375 0.10546875
7 0.74375 0.09296875 0.1734375 0.103125
2 0.74375 0.184375 0.12109375 0.11328125
2 0.50625 0.16484375 0.1171875 0.1171875
2 0.240625 0.1640625 0.11328125 0.1109375
5 0.8875 0.815625 0.08203125 0.134375
5 0.68125 0.82421875 0.078125 0.146875
5 0.35625 0.81875 0.0859375 0.12890625
5 0.12421875 0.80859375 0.11328125 0.1234375
8 0.76484375 0.51875 0.35546875 0.9625
8 0.515625 0.51640625 0.40625 0.953125
8 0.20234375 0.51640625 0.34765625 0.9671875