10 0.703125 0.34375 0.1171875 0.1328125
10 0.784375 0.45 0.13671875 0.196875
10 0.94453125 0.4578125 0.1078125 0.209375
10 0.178125 0.4578125 0.12890625 0.20703125
10 0.45625 0.46015625 0.1390625 0.203125
10 0.059375 0.46015625 0.11875 0.2109375
10 0.3265625 0.465625 0.12890625 0.2109375
10 0.61796875 0.465625 0.1390625 0.2109375
7 0.6953125 0.2078125 0.08203125 0.0609375
7 0.26640625 0.23359375 0.08203125 0.06875
7 0.796875 0.2578125 0.071875 0.03125
7 0.9515625 0.26484375 0.08203125 0.05078125
7 0.04375 0.278125 0.08203125 0.046875
7 0.46953125 0.2671875 0.07421875 0.0375
7 0.61796875 0.28125 0.08203125 0.053125
7 0.190625 0.27734375 0.078125 0.0390625
7 0.3296875 0.278125 0.0640625 0.0390625
9 0.021875 0.8484375 0.04296875 0.08203125
9 0.1515625 0.8484375 0.05078125 0.0546875
9 0.1875 0.8484375 0.053125 0.05625
9 0.28828125 0.85234375 0.053125 0.0484375
9 0.321875 0.84765625 0.0546875 0.05078125
9 0.43125 0.84375 0.0484375 0.06875
9 0.4640625 0.8484375 0.0484375 0.05625
9 0.58515625 0.85546875 0.046875 0.0546875
9 0.61875 0.8515625 0.05625 0.0546875
9 0.7453125 0.8546875 0.06640625 0.05859375
9 0.7875 0.8578125 0.06640625 0.05859375
9 0.9171875 0.8546875 0.0546875 0.0546875
9 0.9796875 0.853125 0.040625 0.0609375
5 0.09296875 0.5578125 0.046875 0.0625
5 0.1921875 0.559375 0.05625 0.0625
5 0.265625 0.5921875 0.0453125 0.0625
5 0.37578125 0.60234375 0.03515625 0.06640625
5 0.5453125 0.56953125 0.04296875 0.0546875
5 0.6703125 0.58671875 0.0546875 0.0546875
5 0.7453125 0.48515625 0.04296875 0.0546875
5 0.7890625 0.490625 0.0609375 0.0546875
5 0.896875 0.546875 0.05859375 0.06640625
2 0.04296875 0.3203125 0.053125 0.0625
2 0.19375 0.3171875 0.0546875 0.0546875
2 0.25859375 0.28046875 0.05859375 0.0625
2 0.328125 0.31875 0.0546875 0.05625
2 0.4625 0.309375 0.0546875 0.05078125
2 0.62578125 0.31953125 0.053125 0.05859375
2 0.6953125 0.25625 0.05625 0.05625
2 0.790625 0.3046875 0.0640625 0.06640625
2 0.95390625 0.30390625 0.0609375 0.0609375
8 0.0609375 0.5734375 0.11875 0.634375
8 0.1703125 0.57109375 0.1390625 0.62890625
8 0.3109375 0.57421875 0.165625 0.63671875
8 0.46484375 0.5625 0.1703125 0.62890625
8 0.62109375 0.57109375 0.1640625 0.6328125
8 0.7859375 0.57109375 0.1875 0.640625
8 0.93125 0.56875 0.13671875 0.6484375