7 0.1578125 0.19453125 0.0703125 0.0625
7 0.946875 0.221875 0.040625 0.0703125
7 0.759375 0.26640625 0.0484375 0.06640625
7 0.46015625 0.2703125 0.06875 0.0625
7 0.296875 0.27265625 0.06875 0.05625
10 0.159375 0.30859375 0.125 0.1546875
7 0.5578125 0.31640625 0.08203125 0.084375
10 0.2921875 0.378125 0.1234375 0.1546875
10 0.7421875 0.3828125 0.109375 0.1640625
10 0.453125 0.3875 0.1171875 0.19375
10 0.63359375 0.39765625 0.15234375 0.16796875
9 0.7671875 0.575 0.0625 0.0390625
9 0.30078125 0.60078125 0.0640625 0.03515625
9 0.24296875 0.60078125 0.046875 0.040625
9 0.1421875 0.50703125 0.06875 0.04296875
8 0.12890625 0.3671875 0.19375 0.415625
8 0.29609375 0.428125 0.171875 0.359375
8 0.46015625 0.421875 0.1421875 0.3734375
8 0.61328125 0.4359375 0.17578125 0.33984375
8 0.74609375 0.41015625 0.15625 0.33984375
4 0.8140625 0.421875 0.040625 0.040625
4 0.57421875 0.4859375 0.0546875 0.0546875
4 0.515625 0.38203125 0.03515625 0.0484375
4 0.46484375 0.46484375 0.046875 0.0484375
4 0.3703125 0.384375 0.040625 0.05078125
4 0.26953125 0.4578125 0.05078125 0.0609375