6 0.7359375 0.696875 0.1859375 0.0609375
6 0.29375 0.7015625 0.178125 0.05859375
10 0.7453125 0.86875 0.30625 0.22265625
10 0.26875 0.878125 0.296875 0.2125
6 0.46171875 0.08125 0.34375 0.09375
10 0.4421875 0.4125 0.578125 0.390625
5 0.75078125 0.25 0.134375 0.09765625
5 0.959375 0.82109375 0.0625 0.05859375
5 0.17109375 0.73046875 0.0953125 0.05859375
5 0.2984375 0.8984375 0.09375 0.06875
2 0.5203125 0.1640625 0.134375 0.0875
2 0.26953125 0.7421875 0.0875 0.0546875
8 0.24453125 0.83203125 0.4890625 0.3359375
8 0.46953125 0.3453125 0.8359375 0.63125
8 0.7609375 0.8390625 0.46484375 0.321875