6 0.34296875 0.1265625 0.209375 0.07421875
6 0.7546875 0.1890625 0.23828125 0.0921875
10 0.2828125 0.36328125 0.41015625 0.2890625
10 0.80078125 0.4015625 0.35546875 0.271875
3 0.334375 0.15546875 0.15625 0.040625
2 0.32109375 0.16484375 0.1234375 0.071875
2 0.7359375 0.21953125 0.10546875 0.071875
5 0.7046875 0.4375 0.16015625 0.0703125
5 0.19375 0.3859375 0.13125 0.0875
5 0.61328125 0.2140625 0.084375 0.08203125
8 0.7671875 0.55859375 0.46484375 0.86328125
8 0.26484375 0.5296875 0.5140625 0.8890625
9 0.1390625 0.94453125 0.2046875 0.1109375
9 0.334375 0.9078125 0.2578125 0.103125
9 0.75 0.9 0.1875 0.0875
9 0.8609375 0.93125 0.2109375 0.1078125