6 0.34765625 0.1359375 0.209375 0.1
6 0.7625 0.190625 0.23828125 0.08984375
10 0.2828125 0.36328125 0.41015625 0.2890625
10 0.80078125 0.4015625 0.35546875 0.271875
3 0.334375 0.1546875 0.15234375 0.0390625
2 0.7421875 0.2203125 0.109375 0.07421875
2 0.328125 0.16796875 0.1265625 0.0625
5 0.69453125 0.4375 0.1578125 0.06875
5 0.609375 0.21171875 0.09375 0.09375
9 0.85234375 0.9359375 0.2109375 0.12109375
9 0.75078125 0.88984375 0.2109375 0.1015625
9 0.33203125 0.9203125 0.2578125 0.0875
9 0.1640625 0.9453125 0.225 0.103125
8 0.2578125 0.53828125 0.48046875 0.9234375
8 0.78984375 0.5484375 0.41796875 0.828125
5 0.1921875 0.37578125 0.1328125 0.0765625