10 0.38359375 0.35078125 0.2015625 0.3125
10 0.8796875 0.35078125 0.2125 0.33984375
7 0.6390625 0.05546875 0.1109375 0.05625
7 0.87421875 0.0609375 0.1109375 0.0625
7 0.375 0.08515625 0.103125 0.053125
7 0.140625 0.0921875 0.1 0.0609375
10 0.63359375 0.3328125 0.2203125 0.30625
10 0.13671875 0.3453125 0.1875 0.303125
5 0.97265625 0.5234375 0.0546875 0.084375
5 0.77421875 0.5171875 0.046875 0.0703125
5 0.7234375 0.51875 0.046875 0.07421875
5 0.5296875 0.51875 0.0609375 0.08203125
5 0.465625 0.54296875 0.0453125 0.07421875
5 0.22265625 0.5296875 0.0703125 0.084375
2 0.1390625 0.1484375 0.0640625 0.06875
2 0.378125 0.14921875 0.078125 0.071875
2 0.634375 0.12421875 0.078125 0.0703125
2 0.8734375 0.1265625 0.078125 0.071875
9 0.940625 0.9125 0.1 0.0859375
9 0.80390625 0.92109375 0.0953125 0.084375
9 0.68828125 0.9109375 0.0796875 0.0765625
9 0.56328125 0.909375 0.08203125 0.084375
9 0.4234375 0.9421875 0.084375 0.0859375
9 0.3453125 0.9203125 0.0921875 0.1
9 0.11328125 0.9375 0.0859375 0.0859375
8 0.12734375 0.51015625 0.2546875 0.9421875
8 0.3765625 0.50625 0.240625 0.94140625
8 0.62578125 0.4859375 0.2640625 0.9234375
8 0.87578125 0.49296875 0.2484375 0.9375