7 0.625 0.2140625 0.08203125 0.09765625
7 0.5140625 0.1796875 0.15625 0.14453125
7 0.0640625 0.228125 0.115625 0.1171875
7 0.34375 0.265625 0.08203125 0.09375
10 0.6265625 0.3734375 0.11875 0.1265625
10 0.090625 0.4921875 0.18125 0.37890625
10 0.32421875 0.50859375 0.1625 0.36328125
10 0.8375 0.52421875 0.3203125 0.615625
7 0.8546875 0.1625 0.140625 0.12890625
4 0.73046875 0.21484375 0.09765625 0.10546875
4 0.74140625 0.4234375 0.125 0.1265625
4 0.16015625 0.6703125 0.0765625 0.1078125
2 0.0671875 0.30078125 0.0765625 0.1015625
2 0.3359375 0.3265625 0.0609375 0.0796875
2 0.53046875 0.3046875 0.09375 0.1234375
2 0.62890625 0.28203125 0.06640625 0.08203125
2 0.84375 0.25703125 0.0953125 0.10546875
8 0.52734375 0.55546875 0.52734375 0.8890625
8 0.11328125 0.58515625 0.2265625 0.8296875
8 0.85625 0.4921875 0.2875 0.83984375