7 0.375 0.2140625 0.08203125 0.09765625
7 0.4859375 0.1796875 0.15625 0.14453125
7 0.9359375 0.228125 0.115625 0.1171875
7 0.65625 0.265625 0.08203125 0.09375
10 0.3734375 0.3734375 0.11875 0.1265625
10 0.909375 0.4921875 0.18125 0.37890625
10 0.67578125 0.50859375 0.1625 0.36328125
10 0.1625 0.52421875 0.3203125 0.615625
7 0.1453125 0.1625 0.140625 0.12890625
4 0.26953125 0.21484375 0.09765625 0.10546875
4 0.25859375 0.4234375 0.125 0.1265625
4 0.83984375 0.6703125 0.0765625 0.1078125
2 0.9328125 0.30078125 0.0765625 0.1015625
2 0.6640625 0.3265625 0.0609375 0.0796875
2 0.46953125 0.3046875 0.09375 0.1234375
2 0.37109375 0.28203125 0.06640625 0.08203125
2 0.15625 0.25703125 0.0953125 0.10546875
8 0.47265625 0.55546875 0.52734375 0.8890625
8 0.88671875 0.58515625 0.2265625 0.8296875
8 0.14375 0.4921875 0.2875 0.83984375