6 0.3578125 0.1671875 0.05078125 0.03125
6 0.53828125 0.17109375 0.02734375 0.021875
6 0.7890625 0.18046875 0.0484375 0.03125
10 0.525 0.20234375 0.040625 0.04296875
10 0.7671875 0.234375 0.0625 0.0796875
10 0.34296875 0.23828125 0.0859375 0.09765625
9 0.296875 0.390625 0.05078125 0.0375
9 0.3765625 0.38671875 0.0609375 0.0375
8 0.7765625 0.3515625 0.0484375 0.025
8 0.73828125 0.346875 0.04296875 0.025
8 0.5546875 0.2609375 0.025 0.0234375
8 0.515625 0.28203125 0.0328125 0.0234375
8 0.7671875 0.2640625 0.10546875 0.2015625
8 0.3421875 0.284375 0.1421875 0.275
8 0.53046875 0.22578125 0.07421875 0.13671875
4 0.17890625 0.784375 0.0765625 0.07421875
4 0.4359375 0.80078125 0.06875 0.0875