6 0.265625 0.69453125 0.178125 0.06640625
6 0.740625 0.6953125 0.16015625 0.06875
10 0.25703125 0.8703125 0.3046875 0.196875
10 0.7609375 0.875 0.34765625 0.21484375
6 0.51171875 0.0828125 0.296875 0.12109375
10 0.515625 0.39765625 0.584375 0.41796875
2 0.75625 0.73125 0.0859375 0.0546875
2 0.553125 0.15 0.1421875 0.08203125
5 0.7234375 0.18046875 0.1328125 0.0953125
5 0.6703125 0.9078125 0.0703125 0.053125
5 0.7171875 0.909375 0.0796875 0.0484375
8 0.7609375 0.8296875 0.4078125 0.33984375
8 0.25859375 0.8234375 0.4 0.353125
8 0.55859375 0.33671875 0.75625 0.6328125