6 0.734375 0.69453125 0.178125 0.06640625
6 0.259375 0.6953125 0.16015625 0.06875
10 0.74296875 0.8703125 0.3046875 0.196875
10 0.2390625 0.875 0.34765625 0.21484375
6 0.48828125 0.0828125 0.296875 0.12109375
10 0.484375 0.39765625 0.584375 0.41796875
2 0.24375 0.73125 0.0859375 0.0546875
2 0.446875 0.15 0.1421875 0.08203125
5 0.2765625 0.18046875 0.1328125 0.0953125
5 0.3296875 0.9078125 0.0703125 0.053125
5 0.2828125 0.909375 0.0796875 0.0484375
8 0.2390625 0.8296875 0.4078125 0.33984375
8 0.74140625 0.8234375 0.4 0.353125
8 0.44140625 0.33671875 0.75625 0.6328125