10 0.2609375 0.275 0.1890625 0.2578125
10 0.75078125 0.2875 0.1890625 0.2640625
6 0.246875 0.47578125 0.11328125 0.06640625
7 0.753125 0.4625 0.0859375 0.053125
10 0.753125 0.7140625 0.26171875 0.28515625
10 0.24609375 0.71796875 0.21484375 0.275
6 0.25 0.05078125 0.103125 0.06640625
6 0.7296875 0.05390625 0.1 0.0703125
2 0.23515625 0.09765625 0.0609375 0.06640625
2 0.725 0.10546875 0.0546875 0.0640625
5 0.728125 0.3203125 0.078125 0.05078125
2 0.7515625 0.521875 0.0609375 0.06640625
2 0.2671875 0.51953125 0.053125 0.05859375
8 0.2546875 0.66484375 0.265625 0.4375
8 0.753125 0.66328125 0.28125 0.446875
8 0.7609375 0.2265625 0.2640625 0.4203125
8 0.26640625 0.22734375 0.25 0.4140625