10 0.7390625 0.275 0.1890625 0.2578125
10 0.24921875 0.2875 0.1890625 0.2640625
6 0.753125 0.4765625 0.11328125 0.06875
7 0.24375 0.46015625 0.0859375 0.05078125
10 0.246875 0.7140625 0.26171875 0.28515625
10 0.75390625 0.71796875 0.21484375 0.275
6 0.75 0.05546875 0.103125 0.071875
6 0.271875 0.05546875 0.1 0.071875
2 0.7625 0.09765625 0.05625 0.0609375
2 0.2671875 0.1078125 0.0625 0.0703125
2 0.24609375 0.525 0.06875 0.06875
2 0.7296875 0.52421875 0.053125 0.0640625
5 0.2609375 0.3109375 0.084375 0.0609375
8 0.73125 0.2234375 0.2421875 0.4125
8 0.24609375 0.22578125 0.265625 0.4140625
8 0.2515625 0.6625 0.275 0.446875
8 0.74609375 0.6609375 0.25625 0.446875