10 0.2609375 0.275 0.1890625 0.2578125
10 0.75078125 0.2875 0.1890625 0.2640625
6 0.246875 0.4765625 0.11328125 0.06875
7 0.75625 0.46015625 0.0859375 0.05078125
10 0.753125 0.7140625 0.26171875 0.28515625
10 0.24609375 0.71796875 0.21484375 0.275
6 0.25 0.05546875 0.103125 0.071875
6 0.728125 0.05546875 0.1 0.071875
2 0.2375 0.09765625 0.05625 0.0609375
2 0.7328125 0.1078125 0.0625 0.0703125
2 0.75390625 0.525 0.06875 0.06875
2 0.2703125 0.52421875 0.053125 0.0640625
5 0.7390625 0.3109375 0.084375 0.0609375
8 0.26875 0.2234375 0.2421875 0.4125
8 0.75390625 0.22578125 0.265625 0.4140625
8 0.7484375 0.6625 0.275 0.446875
8 0.25390625 0.6609375 0.25625 0.446875